"aar","bydel_id","kjonn","vreg_3","enhet","tabellvariabel","tabell_navn","fylke_id","naringsregion_id","kommune_id"
"2013","000301","0","1","personer","22645","sysselsatte_kjonn_land","NULL","NULL","NULL"
"2013","000301","0","1","prosent","78.1","sysselsatte_kjonn_land","NULL","NULL","NULL"
"2013","000301","0","2","personer","26198","sysselsatte_kjonn_land","NULL","NULL","NULL"
"2013","000301","0","2","prosent","63.8","sysselsatte_kjonn_land","NULL","NULL","NULL"
"2013","000301","0","alle","personer","48843","sysselsatte_kjonn_land","NULL","NULL","NULL"
"2013","000301","0","alle","prosent","69.7","sysselsatte_kjonn_land","NULL","NULL","NULL"
"2013","000301","1","1","personer","15590","sysselsatte_kjonn_land","NULL","NULL","NULL"
"2013","000301","1","1","prosent","74.8","sysselsatte_kjonn_land","NULL","NULL","NULL"
"2013","000301","1","2","personer","21146","sysselsatte_kjonn_land","NULL","NULL","NULL"
"2013","000301","1","2","prosent","50.7","sysselsatte_kjonn_land","NULL","NULL","NULL"
"2013","000301","1","alle","personer","36736","sysselsatte_kjonn_land","NULL","NULL","NULL"
"2013","000301","1","alle","prosent","58.7","sysselsatte_kjonn_land","NULL","NULL","NULL"
"2013","000301","alle","1","personer","38235","sysselsatte_kjonn_land","NULL","NULL","NULL"
"2013","000301","alle","1","prosent","76.7","sysselsatte_kjonn_land","NULL","NULL","NULL"
"2013","000301","alle","2","personer","47344","sysselsatte_kjonn_land","NULL","NULL","NULL"
"2013","000301","alle","2","prosent","57.2","sysselsatte_kjonn_land","NULL","NULL","NULL"
"2013","000301","alle","alle","personer","85579","sysselsatte_kjonn_land","NULL","NULL","NULL"
"2013","000301","alle","alle","prosent","64.5","sysselsatte_kjonn_land","NULL","NULL","NULL"
"2013","030101","0","1","personer","2049","sysselsatte_kjonn_land","NULL","NULL","NULL"
"2013","030101","0","1","prosent","79.4","sysselsatte_kjonn_land","NULL","NULL","NULL"
"2013","030101","0","2","personer","2518","sysselsatte_kjonn_land","NULL","NULL","NULL"
"2013","030101","0","2","prosent","57.8","sysselsatte_kjonn_land","NULL","NULL","NULL"
"2013","030101","0","alle","personer","4567","sysselsatte_kjonn_land","NULL","NULL","NULL"
"2013","030101","0","alle","prosent","65.8","sysselsatte_kjonn_land","NULL","NULL","NULL"
"2013","030101","1","1","personer","1340","sysselsatte_kjonn_land","NULL","NULL","NULL"
"2013","030101","1","1","prosent","75.9","sysselsatte_kjonn_land","NULL","NULL","NULL"
"2013","030101","1","2","personer","1735","sysselsatte_kjonn_land","NULL","NULL","NULL"
"2013","030101","1","2","prosent","45.1","sysselsatte_kjonn_land","NULL","NULL","NULL"
"2013","030101","1","alle","personer","3075","sysselsatte_kjonn_land","NULL","NULL","NULL"
"2013","030101","1","alle","prosent","54.8","sysselsatte_kjonn_land","NULL","NULL","NULL"
"2013","030101","alle","1","personer","3389","sysselsatte_kjonn_land","NULL","NULL","NULL"
"2013","030101","alle","1","prosent","78","sysselsatte_kjonn_land","NULL","NULL","NULL"
"2013","030101","alle","2","personer","4253","sysselsatte_kjonn_land","NULL","NULL","NULL"
"2013","030101","alle","2","prosent","51.8","sysselsatte_kjonn_land","NULL","NULL","NULL"
"2013","030101","alle","alle","personer","7642","sysselsatte_kjonn_land","NULL","NULL","NULL"
"2013","030101","alle","alle","prosent","60.9","sysselsatte_kjonn_land","NULL","NULL","NULL"
"2013","030102","0","1","personer","2887","sysselsatte_kjonn_land","NULL","NULL","NULL"
"2013","030102","0","1","prosent","80.5","sysselsatte_kjonn_land","NULL","NULL","NULL"
"2013","030102","0","2","personer","2320","sysselsatte_kjonn_land","NULL","NULL","NULL"
"2013","030102","0","2","prosent","60.7","sysselsatte_kjonn_land","NULL","NULL","NULL"
"2013","030102","0","alle","personer","5207","sysselsatte_kjonn_land","NULL","NULL","NULL"
"2013","030102","0","alle","prosent","70.3","sysselsatte_kjonn_land","NULL","NULL","NULL"
"2013","030102","1","1","personer","1848","sysselsatte_kjonn_land","NULL","NULL","NULL"
"2013","030102","1","1","prosent","76.8","sysselsatte_kjonn_land","NULL","NULL","NULL"
"2013","030102","1","2","personer","1667","sysselsatte_kjonn_land","NULL","NULL","NULL"
"2013","030102","1","2","prosent","50.9","sysselsatte_kjonn_land","NULL","NULL","NULL"
"2013","030102","1","alle","personer","3515","sysselsatte_kjonn_land","NULL","NULL","NULL"
"2013","030102","1","alle","prosent","61.9","sysselsatte_kjonn_land","NULL","NULL","NULL"
"2013","030102","alle","1","personer","4735","sysselsatte_kjonn_land","NULL","NULL","NULL"
"2013","030102","alle","1","prosent","79","sysselsatte_kjonn_land","NULL","NULL","NULL"
"2013","030102","alle","2","personer","3987","sysselsatte_kjonn_land","NULL","NULL","NULL"
"2013","030102","alle","2","prosent","56.2","sysselsatte_kjonn_land","NULL","NULL","NULL"
"2013","030102","alle","alle","personer","8722","sysselsatte_kjonn_land","NULL","NULL","NULL"
"2013","030102","alle","alle","prosent","66.6","sysselsatte_kjonn_land","NULL","NULL","NULL"
"2013","030103","0","1","personer","1322","sysselsatte_kjonn_land","NULL","NULL","NULL"
"2013","030103","0","1","prosent","78.9","sysselsatte_kjonn_land","NULL","NULL","NULL"
"2013","030103","0","2","personer","1111","sysselsatte_kjonn_land","NULL","NULL","NULL"
"2013","030103","0","2","prosent","53.2","sysselsatte_kjonn_land","NULL","NULL","NULL"
"2013","030103","0","alle","personer","2433","sysselsatte_kjonn_land","NULL","NULL","NULL"
"2013","030103","0","alle","prosent","64.6","sysselsatte_kjonn_land","NULL","NULL","NULL"
"2013","030103","1","1","personer","1028","sysselsatte_kjonn_land","NULL","NULL","NULL"
"2013","030103","1","1","prosent","77.6","sysselsatte_kjonn_land","NULL","NULL","NULL"
"2013","030103","1","2","personer","914","sysselsatte_kjonn_land","NULL","NULL","NULL"
"2013","030103","1","2","prosent","47.6","sysselsatte_kjonn_land","NULL","NULL","NULL"
"2013","030103","1","alle","personer","1942","sysselsatte_kjonn_land","NULL","NULL","NULL"
"2013","030103","1","alle","prosent","59.8","sysselsatte_kjonn_land","NULL","NULL","NULL"
"2013","030103","alle","1","personer","2350","sysselsatte_kjonn_land","NULL","NULL","NULL"
"2013","030103","alle","1","prosent","78.3","sysselsatte_kjonn_land","NULL","NULL","NULL"
"2013","030103","alle","2","personer","2025","sysselsatte_kjonn_land","NULL","NULL","NULL"
"2013","030103","alle","2","prosent","50.5","sysselsatte_kjonn_land","NULL","NULL","NULL"
"2013","030103","alle","alle","personer","4375","sysselsatte_kjonn_land","NULL","NULL","NULL"
"2013","030103","alle","alle","prosent","62.4","sysselsatte_kjonn_land","NULL","NULL","NULL"
"2013","030104","0","1","personer","1952","sysselsatte_kjonn_land","NULL","NULL","NULL"
"2013","030104","0","1","prosent","80.1","sysselsatte_kjonn_land","NULL","NULL","NULL"
"2013","030104","0","2","personer","1120","sysselsatte_kjonn_land","NULL","NULL","NULL"
"2013","030104","0","2","prosent","63.4","sysselsatte_kjonn_land","NULL","NULL","NULL"
"2013","030104","0","alle","personer","3072","sysselsatte_kjonn_land","NULL","NULL","NULL"
"2013","030104","0","alle","prosent","73.1","sysselsatte_kjonn_land","NULL","NULL","NULL"
"2013","030104","1","1","personer","1407","sysselsatte_kjonn_land","NULL","NULL","NULL"
"2013","030104","1","1","prosent","78.3","sysselsatte_kjonn_land","NULL","NULL","NULL"
"2013","030104","1","2","personer","841","sysselsatte_kjonn_land","NULL","NULL","NULL"
"2013","030104","1","2","prosent","57.8","sysselsatte_kjonn_land","NULL","NULL","NULL"
"2013","030104","1","alle","personer","2248","sysselsatte_kjonn_land","NULL","NULL","NULL"
"2013","030104","1","alle","prosent","69.1","sysselsatte_kjonn_land","NULL","NULL","NULL"
"2013","030104","alle","1","personer","3359","sysselsatte_kjonn_land","NULL","NULL","NULL"
"2013","030104","alle","1","prosent","79.3","sysselsatte_kjonn_land","NULL","NULL","NULL"
"2013","030104","alle","2","personer","1961","sysselsatte_kjonn_land","NULL","NULL","NULL"
"2013","030104","alle","2","prosent","60.9","sysselsatte_kjonn_land","NULL","NULL","NULL"
"2013","030104","alle","alle","personer","5320","sysselsatte_kjonn_land","NULL","NULL","NULL"
"2013","030104","alle","alle","prosent","71.4","sysselsatte_kjonn_land","NULL","NULL","NULL"
"2013","030105","0","1","personer","3169","sysselsatte_kjonn_land","NULL","NULL","NULL"
"2013","030105","0","1","prosent","82.5","sysselsatte_kjonn_land","NULL","NULL","NULL"
"2013","030105","0","2","personer","1367","sysselsatte_kjonn_land","NULL","NULL","NULL"
"2013","030105","0","2","prosent","66.2","sysselsatte_kjonn_land","NULL","NULL","NULL"
"2013","030105","0","alle","personer","4536","sysselsatte_kjonn_land","NULL","NULL","NULL"
"2013","030105","0","alle","prosent","76.8","sysselsatte_kjonn_land","NULL","NULL","NULL"
"2013","030105","1","1","personer","2450","sysselsatte_kjonn_land","NULL","NULL","NULL"
"2013","030105","1","1","prosent","77.7","sysselsatte_kjonn_land","NULL","NULL","NULL"
"2013","030105","1","2","personer","1280","sysselsatte_kjonn_land","NULL","NULL","NULL"
"2013","030105","1","2","prosent","54","sysselsatte_kjonn_land","NULL","NULL","NULL"
"2013","030105","1","alle","personer","3730","sysselsatte_kjonn_land","NULL","NULL","NULL"
"2013","030105","1","alle","prosent","67.5","sysselsatte_kjonn_land","NULL","NULL","NULL"
"2013","030105","alle","1","personer","5619","sysselsatte_kjonn_land","NULL","NULL","NULL"
"2013","030105","alle","1","prosent","80.3","sysselsatte_kjonn_land","NULL","NULL","NULL"
"2013","030105","alle","2","personer","2647","sysselsatte_kjonn_land","NULL","NULL","NULL"
"2013","030105","alle","2","prosent","59.7","sysselsatte_kjonn_land","NULL","NULL","NULL"
"2013","030105","alle","alle","personer","8266","sysselsatte_kjonn_land","NULL","NULL","NULL"
"2013","030105","alle","alle","prosent","72.3","sysselsatte_kjonn_land","NULL","NULL","NULL"
"2013","030106","0","1","personer","1000","sysselsatte_kjonn_land","NULL","NULL","NULL"
"2013","030106","0","1","prosent","81.5","sysselsatte_kjonn_land","NULL","NULL","NULL"
"2013","030106","0","2","personer","477","sysselsatte_kjonn_land","NULL","NULL","NULL"
"2013","030106","0","2","prosent","69.3","sysselsatte_kjonn_land","NULL","NULL","NULL"
"2013","030106","0","alle","personer","1477","sysselsatte_kjonn_land","NULL","NULL","NULL"
"2013","030106","0","alle","prosent","77.1","sysselsatte_kjonn_land","NULL","NULL","NULL"
"2013","030106","1","1","personer","800","sysselsatte_kjonn_land","NULL","NULL","NULL"
"2013","030106","1","1","prosent","77.1","sysselsatte_kjonn_land","NULL","NULL","NULL"
"2013","030106","1","2","personer","545","sysselsatte_kjonn_land","NULL","NULL","NULL"
"2013","030106","1","2","prosent","53.8","sysselsatte_kjonn_land","NULL","NULL","NULL"
"2013","030106","1","alle","personer","1345","sysselsatte_kjonn_land","NULL","NULL","NULL"
"2013","030106","1","alle","prosent","65.6","sysselsatte_kjonn_land","NULL","NULL","NULL"
"2013","030106","alle","1","personer","1800","sysselsatte_kjonn_land","NULL","NULL","NULL"
"2013","030106","alle","1","prosent","79.5","sysselsatte_kjonn_land","NULL","NULL","NULL"
"2013","030106","alle","2","personer","1022","sysselsatte_kjonn_land","NULL","NULL","NULL"
"2013","030106","alle","2","prosent","60.1","sysselsatte_kjonn_land","NULL","NULL","NULL"
"2013","030106","alle","alle","personer","2822","sysselsatte_kjonn_land","NULL","NULL","NULL"
"2013","030106","alle","alle","prosent","71.2","sysselsatte_kjonn_land","NULL","NULL","NULL"
"2013","030107","0","1","personer","1386","sysselsatte_kjonn_land","NULL","NULL","NULL"
"2013","030107","0","1","prosent","80.6","sysselsatte_kjonn_land","NULL","NULL","NULL"
"2013","030107","0","2","personer","506","sysselsatte_kjonn_land","NULL","NULL","NULL"
"2013","030107","0","2","prosent","65","sysselsatte_kjonn_land","NULL","NULL","NULL"
"2013","030107","0","alle","personer","1892","sysselsatte_kjonn_land","NULL","NULL","NULL"
"2013","030107","0","alle","prosent","75.7","sysselsatte_kjonn_land","NULL","NULL","NULL"
"2013","030107","1","1","personer","1112","sysselsatte_kjonn_land","NULL","NULL","NULL"
"2013","030107","1","1","prosent","75.2","sysselsatte_kjonn_land","NULL","NULL","NULL"
"2013","030107","1","2","personer","725","sysselsatte_kjonn_land","NULL","NULL","NULL"
"2013","030107","1","2","prosent","46.1","sysselsatte_kjonn_land","NULL","NULL","NULL"
"2013","030107","1","alle","personer","1837","sysselsatte_kjonn_land","NULL","NULL","NULL"
"2013","030107","1","alle","prosent","60.2","sysselsatte_kjonn_land","NULL","NULL","NULL"
"2013","030107","alle","1","personer","2498","sysselsatte_kjonn_land","NULL","NULL","NULL"
"2013","030107","alle","1","prosent","78.1","sysselsatte_kjonn_land","NULL","NULL","NULL"
"2013","030107","alle","2","personer","1231","sysselsatte_kjonn_land","NULL","NULL","NULL"
"2013","030107","alle","2","prosent","52.4","sysselsatte_kjonn_land","NULL","NULL","NULL"
"2013","030107","alle","alle","personer","3729","sysselsatte_kjonn_land","NULL","NULL","NULL"
"2013","030107","alle","alle","prosent","67.2","sysselsatte_kjonn_land","NULL","NULL","NULL"
"2013","030108","0","1","personer","1258","sysselsatte_kjonn_land","NULL","NULL","NULL"
"2013","030108","0","1","prosent","76.8","sysselsatte_kjonn_land","NULL","NULL","NULL"
"2013","030108","0","2","personer","951","sysselsatte_kjonn_land","NULL","NULL","NULL"
"2013","030108","0","2","prosent","60.9","sysselsatte_kjonn_land","NULL","NULL","NULL"
"2013","030108","0","alle","personer","2209","sysselsatte_kjonn_land","NULL","NULL","NULL"
"2013","030108","0","alle","prosent","69","sysselsatte_kjonn_land","NULL","NULL","NULL"
"2013","030108","1","1","personer","1037","sysselsatte_kjonn_land","NULL","NULL","NULL"
"2013","030108","1","1","prosent","71.4","sysselsatte_kjonn_land","NULL","NULL","NULL"
"2013","030108","1","2","personer","818","sysselsatte_kjonn_land","NULL","NULL","NULL"
"2013","030108","1","2","prosent","50.5","sysselsatte_kjonn_land","NULL","NULL","NULL"
"2013","030108","1","alle","personer","1855","sysselsatte_kjonn_land","NULL","NULL","NULL"
"2013","030108","1","alle","prosent","60.4","sysselsatte_kjonn_land","NULL","NULL","NULL"
"2013","030108","alle","1","personer","2295","sysselsatte_kjonn_land","NULL","NULL","NULL"
"2013","030108","alle","1","prosent","74.2","sysselsatte_kjonn_land","NULL","NULL","NULL"
"2013","030108","alle","2","personer","1769","sysselsatte_kjonn_land","NULL","NULL","NULL"
"2013","030108","alle","2","prosent","55.6","sysselsatte_kjonn_land","NULL","NULL","NULL"
"2013","030108","alle","alle","personer","4064","sysselsatte_kjonn_land","NULL","NULL","NULL"
"2013","030108","alle","alle","prosent","64.8","sysselsatte_kjonn_land","NULL","NULL","NULL"
"2013","030109","0","1","personer","1134","sysselsatte_kjonn_land","NULL","NULL","NULL"
"2013","030109","0","1","prosent","80.1","sysselsatte_kjonn_land","NULL","NULL","NULL"
"2013","030109","0","2","personer","2003","sysselsatte_kjonn_land","NULL","NULL","NULL"
"2013","030109","0","2","prosent","66.7","sysselsatte_kjonn_land","NULL","NULL","NULL"
"2013","030109","0","alle","personer","3137","sysselsatte_kjonn_land","NULL","NULL","NULL"
"2013","030109","0","alle","prosent","71","sysselsatte_kjonn_land","NULL","NULL","NULL"
"2013","030109","1","1","personer","540","sysselsatte_kjonn_land","NULL","NULL","NULL"
"2013","030109","1","1","prosent","68.1","sysselsatte_kjonn_land","NULL","NULL","NULL"
"2013","030109","1","2","personer","1474","sysselsatte_kjonn_land","NULL","NULL","NULL"
"2013","030109","1","2","prosent","52.1","sysselsatte_kjonn_land","NULL","NULL","NULL"
"2013","030109","1","alle","personer","2014","sysselsatte_kjonn_land","NULL","NULL","NULL"
"2013","030109","1","alle","prosent","55.6","sysselsatte_kjonn_land","NULL","NULL","NULL"
"2013","030109","alle","1","personer","1674","sysselsatte_kjonn_land","NULL","NULL","NULL"
"2013","030109","alle","1","prosent","75.8","sysselsatte_kjonn_land","NULL","NULL","NULL"
"2013","030109","alle","2","personer","3477","sysselsatte_kjonn_land","NULL","NULL","NULL"
"2013","030109","alle","2","prosent","59.6","sysselsatte_kjonn_land","NULL","NULL","NULL"
"2013","030109","alle","alle","personer","5151","sysselsatte_kjonn_land","NULL","NULL","NULL"
"2013","030109","alle","alle","prosent","64.1","sysselsatte_kjonn_land","NULL","NULL","NULL"
"2013","030110","0","1","personer","618","sysselsatte_kjonn_land","NULL","NULL","NULL"
"2013","030110","0","1","prosent","78","sysselsatte_kjonn_land","NULL","NULL","NULL"
"2013","030110","0","2","personer","2049","sysselsatte_kjonn_land","NULL","NULL","NULL"
"2013","030110","0","2","prosent","68.2","sysselsatte_kjonn_land","NULL","NULL","NULL"
"2013","030110","0","alle","personer","2667","sysselsatte_kjonn_land","NULL","NULL","NULL"
"2013","030110","0","alle","prosent","70.3","sysselsatte_kjonn_land","NULL","NULL","NULL"
"2013","030110","1","1","personer","392","sysselsatte_kjonn_land","NULL","NULL","NULL"
"2013","030110","1","1","prosent","69.4","sysselsatte_kjonn_land","NULL","NULL","NULL"
"2013","030110","1","2","personer","1742","sysselsatte_kjonn_land","NULL","NULL","NULL"
"2013","030110","1","2","prosent","56.4","sysselsatte_kjonn_land","NULL","NULL","NULL"
"2013","030110","1","alle","personer","2134","sysselsatte_kjonn_land","NULL","NULL","NULL"
"2013","030110","1","alle","prosent","58.4","sysselsatte_kjonn_land","NULL","NULL","NULL"
"2013","030110","alle","1","personer","1010","sysselsatte_kjonn_land","NULL","NULL","NULL"
"2013","030110","alle","1","prosent","74.4","sysselsatte_kjonn_land","NULL","NULL","NULL"
"2013","030110","alle","2","personer","3791","sysselsatte_kjonn_land","NULL","NULL","NULL"
"2013","030110","alle","2","prosent","62.2","sysselsatte_kjonn_land","NULL","NULL","NULL"
"2013","030110","alle","alle","personer","4801","sysselsatte_kjonn_land","NULL","NULL","NULL"
"2013","030110","alle","alle","prosent","64.4","sysselsatte_kjonn_land","NULL","NULL","NULL"
"2013","030111","0","1","personer","743","sysselsatte_kjonn_land","NULL","NULL","NULL"
"2013","030111","0","1","prosent","78","sysselsatte_kjonn_land","NULL","NULL","NULL"
"2013","030111","0","2","personer","2588","sysselsatte_kjonn_land","NULL","NULL","NULL"
"2013","030111","0","2","prosent","69.3","sysselsatte_kjonn_land","NULL","NULL","NULL"
"2013","030111","0","alle","personer","3331","sysselsatte_kjonn_land","NULL","NULL","NULL"
"2013","030111","0","alle","prosent","71.1","sysselsatte_kjonn_land","NULL","NULL","NULL"
"2013","030111","1","1","personer","362","sysselsatte_kjonn_land","NULL","NULL","NULL"
"2013","030111","1","1","prosent","72.8","sysselsatte_kjonn_land","NULL","NULL","NULL"
"2013","030111","1","2","personer","1871","sysselsatte_kjonn_land","NULL","NULL","NULL"
"2013","030111","1","2","prosent","49.2","sysselsatte_kjonn_land","NULL","NULL","NULL"
"2013","030111","1","alle","personer","2233","sysselsatte_kjonn_land","NULL","NULL","NULL"
"2013","030111","1","alle","prosent","52","sysselsatte_kjonn_land","NULL","NULL","NULL"
"2013","030111","alle","1","personer","1105","sysselsatte_kjonn_land","NULL","NULL","NULL"
"2013","030111","alle","1","prosent","76.3","sysselsatte_kjonn_land","NULL","NULL","NULL"
"2013","030111","alle","2","personer","4459","sysselsatte_kjonn_land","NULL","NULL","NULL"
"2013","030111","alle","2","prosent","59.2","sysselsatte_kjonn_land","NULL","NULL","NULL"
"2013","030111","alle","alle","personer","5564","sysselsatte_kjonn_land","NULL","NULL","NULL"
"2013","030111","alle","alle","prosent","61.9","sysselsatte_kjonn_land","NULL","NULL","NULL"
"2013","030112","0","1","personer","1118","sysselsatte_kjonn_land","NULL","NULL","NULL"
"2013","030112","0","1","prosent","79","sysselsatte_kjonn_land","NULL","NULL","NULL"
"2013","030112","0","2","personer","3898","sysselsatte_kjonn_land","NULL","NULL","NULL"
"2013","030112","0","2","prosent","68","sysselsatte_kjonn_land","NULL","NULL","NULL"
"2013","030112","0","alle","personer","5016","sysselsatte_kjonn_land","NULL","NULL","NULL"
"2013","030112","0","alle","prosent","70.1","sysselsatte_kjonn_land","NULL","NULL","NULL"
"2013","030112","1","1","personer","662","sysselsatte_kjonn_land","NULL","NULL","NULL"
"2013","030112","1","1","prosent","71","sysselsatte_kjonn_land","NULL","NULL","NULL"
"2013","030112","1","2","personer","3081","sysselsatte_kjonn_land","NULL","NULL","NULL"
"2013","030112","1","2","prosent","51.9","sysselsatte_kjonn_land","NULL","NULL","NULL"
"2013","030112","1","alle","personer","3743","sysselsatte_kjonn_land","NULL","NULL","NULL"
"2013","030112","1","alle","prosent","54.5","sysselsatte_kjonn_land","NULL","NULL","NULL"
"2013","030112","alle","1","personer","1780","sysselsatte_kjonn_land","NULL","NULL","NULL"
"2013","030112","alle","1","prosent","75.8","sysselsatte_kjonn_land","NULL","NULL","NULL"
"2013","030112","alle","2","personer","6979","sysselsatte_kjonn_land","NULL","NULL","NULL"
"2013","030112","alle","2","prosent","59.8","sysselsatte_kjonn_land","NULL","NULL","NULL"
"2013","030112","alle","alle","personer","8759","sysselsatte_kjonn_land","NULL","NULL","NULL"
"2013","030112","alle","alle","prosent","62.5","sysselsatte_kjonn_land","NULL","NULL","NULL"
"2013","030113","0","1","personer","1008","sysselsatte_kjonn_land","NULL","NULL","NULL"
"2013","030113","0","1","prosent","82.3","sysselsatte_kjonn_land","NULL","NULL","NULL"
"2013","030113","0","2","personer","1540","sysselsatte_kjonn_land","NULL","NULL","NULL"
"2013","030113","0","2","prosent","67.9","sysselsatte_kjonn_land","NULL","NULL","NULL"
"2013","030113","0","alle","personer","2548","sysselsatte_kjonn_land","NULL","NULL","NULL"
"2013","030113","0","alle","prosent","72.9","sysselsatte_kjonn_land","NULL","NULL","NULL"
"2013","030113","1","1","personer","721","sysselsatte_kjonn_land","NULL","NULL","NULL"
"2013","030113","1","1","prosent","76.5","sysselsatte_kjonn_land","NULL","NULL","NULL"
"2013","030113","1","2","personer","1420","sysselsatte_kjonn_land","NULL","NULL","NULL"
"2013","030113","1","2","prosent","54.8","sysselsatte_kjonn_land","NULL","NULL","NULL"
"2013","030113","1","alle","personer","2141","sysselsatte_kjonn_land","NULL","NULL","NULL"
"2013","030113","1","alle","prosent","60.6","sysselsatte_kjonn_land","NULL","NULL","NULL"
"2013","030113","alle","1","personer","1729","sysselsatte_kjonn_land","NULL","NULL","NULL"
"2013","030113","alle","1","prosent","79.8","sysselsatte_kjonn_land","NULL","NULL","NULL"
"2013","030113","alle","2","personer","2960","sysselsatte_kjonn_land","NULL","NULL","NULL"
"2013","030113","alle","2","prosent","60.9","sysselsatte_kjonn_land","NULL","NULL","NULL"
"2013","030113","alle","alle","personer","4689","sysselsatte_kjonn_land","NULL","NULL","NULL"
"2013","030113","alle","alle","prosent","66.7","sysselsatte_kjonn_land","NULL","NULL","NULL"
"2013","030114","0","1","personer","1332","sysselsatte_kjonn_land","NULL","NULL","NULL"
"2013","030114","0","1","prosent","81.2","sysselsatte_kjonn_land","NULL","NULL","NULL"
"2013","030114","0","2","personer","730","sysselsatte_kjonn_land","NULL","NULL","NULL"
"2013","030114","0","2","prosent","65.4","sysselsatte_kjonn_land","NULL","NULL","NULL"
"2013","030114","0","alle","personer","2062","sysselsatte_kjonn_land","NULL","NULL","NULL"
"2013","030114","0","alle","prosent","74.8","sysselsatte_kjonn_land","NULL","NULL","NULL"
"2013","030114","1","1","personer","957","sysselsatte_kjonn_land","NULL","NULL","NULL"
"2013","030114","1","1","prosent","78","sysselsatte_kjonn_land","NULL","NULL","NULL"
"2013","030114","1","2","personer","781","sysselsatte_kjonn_land","NULL","NULL","NULL"
"2013","030114","1","2","prosent","53.5","sysselsatte_kjonn_land","NULL","NULL","NULL"
"2013","030114","1","alle","personer","1738","sysselsatte_kjonn_land","NULL","NULL","NULL"
"2013","030114","1","alle","prosent","64.7","sysselsatte_kjonn_land","NULL","NULL","NULL"
"2013","030114","alle","1","personer","2289","sysselsatte_kjonn_land","NULL","NULL","NULL"
"2013","030114","alle","1","prosent","79.8","sysselsatte_kjonn_land","NULL","NULL","NULL"
"2013","030114","alle","2","personer","1511","sysselsatte_kjonn_land","NULL","NULL","NULL"
"2013","030114","alle","2","prosent","58.6","sysselsatte_kjonn_land","NULL","NULL","NULL"
"2013","030114","alle","alle","personer","3800","sysselsatte_kjonn_land","NULL","NULL","NULL"
"2013","030114","alle","alle","prosent","69.8","sysselsatte_kjonn_land","NULL","NULL","NULL"
"2013","030115","0","1","personer","985","sysselsatte_kjonn_land","NULL","NULL","NULL"
"2013","030115","0","1","prosent","78.4","sysselsatte_kjonn_land","NULL","NULL","NULL"
"2013","030115","0","2","personer","2660","sysselsatte_kjonn_land","NULL","NULL","NULL"
"2013","030115","0","2","prosent","66","sysselsatte_kjonn_land","NULL","NULL","NULL"
"2013","030115","0","alle","personer","3645","sysselsatte_kjonn_land","NULL","NULL","NULL"
"2013","030115","0","alle","prosent","68.9","sysselsatte_kjonn_land","NULL","NULL","NULL"
"2013","030115","1","1","personer","633","sysselsatte_kjonn_land","NULL","NULL","NULL"
"2013","030115","1","1","prosent","70.8","sysselsatte_kjonn_land","NULL","NULL","NULL"
"2013","030115","1","2","personer","2086","sysselsatte_kjonn_land","NULL","NULL","NULL"
"2013","030115","1","2","prosent","47.8","sysselsatte_kjonn_land","NULL","NULL","NULL"
"2013","030115","1","alle","personer","2719","sysselsatte_kjonn_land","NULL","NULL","NULL"
"2013","030115","1","alle","prosent","51.7","sysselsatte_kjonn_land","NULL","NULL","NULL"
"2013","030115","alle","1","personer","1618","sysselsatte_kjonn_land","NULL","NULL","NULL"
"2013","030115","alle","1","prosent","75.3","sysselsatte_kjonn_land","NULL","NULL","NULL"
"2013","030115","alle","2","personer","4746","sysselsatte_kjonn_land","NULL","NULL","NULL"
"2013","030115","alle","2","prosent","56.5","sysselsatte_kjonn_land","NULL","NULL","NULL"
"2013","030115","alle","alle","personer","6364","sysselsatte_kjonn_land","NULL","NULL","NULL"
"2013","030115","alle","alle","prosent","60.4","sysselsatte_kjonn_land","NULL","NULL","NULL"
"2013","030116","0","1","personer","10","sysselsatte_kjonn_land","NULL","NULL","NULL"
"2013","030116","0","1","prosent","71.4","sysselsatte_kjonn_land","NULL","NULL","NULL"
"2013","030116","0","2","personer","10","sysselsatte_kjonn_land","NULL","NULL","NULL"
"2013","030116","0","2","prosent","62.5","sysselsatte_kjonn_land","NULL","NULL","NULL"
"2013","030116","0","alle","personer","20","sysselsatte_kjonn_land","NULL","NULL","NULL"
"2013","030116","0","alle","prosent","66.7","sysselsatte_kjonn_land","NULL","NULL","NULL"
"2013","030116","1","1","personer","4","sysselsatte_kjonn_land","NULL","NULL","NULL"
"2013","030116","1","1","prosent","57.1","sysselsatte_kjonn_land","NULL","NULL","NULL"
"2013","030116","1","2","personer","12","sysselsatte_kjonn_land","NULL","NULL","NULL"
"2013","030116","1","2","prosent","75","sysselsatte_kjonn_land","NULL","NULL","NULL"
"2013","030116","1","alle","personer","16","sysselsatte_kjonn_land","NULL","NULL","NULL"
"2013","030116","1","alle","prosent","69.6","sysselsatte_kjonn_land","NULL","NULL","NULL"
"2013","030116","alle","1","personer","14","sysselsatte_kjonn_land","NULL","NULL","NULL"
"2013","030116","alle","1","prosent","66.7","sysselsatte_kjonn_land","NULL","NULL","NULL"
"2013","030116","alle","2","personer","22","sysselsatte_kjonn_land","NULL","NULL","NULL"
"2013","030116","alle","2","prosent","68.8","sysselsatte_kjonn_land","NULL","NULL","NULL"
"2013","030116","alle","alle","personer","36","sysselsatte_kjonn_land","NULL","NULL","NULL"
"2013","030116","alle","alle","prosent","67.9","sysselsatte_kjonn_land","NULL","NULL","NULL"
"2013","030117","0","1","personer","46","sysselsatte_kjonn_land","NULL","NULL","NULL"
"2013","030117","0","1","prosent","80.7","sysselsatte_kjonn_land","NULL","NULL","NULL"
"2013","030117","0","2","personer","5","sysselsatte_kjonn_land","NULL","NULL","NULL"
"2013","030117","0","2","prosent","62.5","sysselsatte_kjonn_land","NULL","NULL","NULL"
"2013","030117","0","alle","personer","51","sysselsatte_kjonn_land","NULL","NULL","NULL"
"2013","030117","0","alle","prosent","78.5","sysselsatte_kjonn_land","NULL","NULL","NULL"
"2013","030117","1","1","personer","30","sysselsatte_kjonn_land","NULL","NULL","NULL"
"2013","030117","1","1","prosent","75","sysselsatte_kjonn_land","NULL","NULL","NULL"
"2013","030117","1","2","personer","11","sysselsatte_kjonn_land","NULL","NULL","NULL"
"2013","030117","1","2","prosent","52.4","sysselsatte_kjonn_land","NULL","NULL","NULL"
"2013","030117","1","alle","personer","41","sysselsatte_kjonn_land","NULL","NULL","NULL"
"2013","030117","1","alle","prosent","67.2","sysselsatte_kjonn_land","NULL","NULL","NULL"
"2013","030117","alle","1","personer","76","sysselsatte_kjonn_land","NULL","NULL","NULL"
"2013","030117","alle","1","prosent","78.4","sysselsatte_kjonn_land","NULL","NULL","NULL"
"2013","030117","alle","2","personer","16","sysselsatte_kjonn_land","NULL","NULL","NULL"
"2013","030117","alle","2","prosent","55.2","sysselsatte_kjonn_land","NULL","NULL","NULL"
"2013","030117","alle","alle","personer","92","sysselsatte_kjonn_land","NULL","NULL","NULL"
"2013","030117","alle","alle","prosent","73","sysselsatte_kjonn_land","NULL","NULL","NULL"
"2013","030199","0","1","personer","628","sysselsatte_kjonn_land","NULL","NULL","NULL"
"2013","030199","0","1","prosent","41.4","sysselsatte_kjonn_land","NULL","NULL","NULL"
"2013","030199","0","2","personer","345","sysselsatte_kjonn_land","NULL","NULL","NULL"
"2013","030199","0","2","prosent","34","sysselsatte_kjonn_land","NULL","NULL","NULL"
"2013","030199","0","alle","personer","973","sysselsatte_kjonn_land","NULL","NULL","NULL"
"2013","030199","0","alle","prosent","38.4","sysselsatte_kjonn_land","NULL","NULL","NULL"
"2013","030199","1","1","personer","267","sysselsatte_kjonn_land","NULL","NULL","NULL"
"2013","030199","1","1","prosent","50.7","sysselsatte_kjonn_land","NULL","NULL","NULL"
"2013","030199","1","2","personer","143","sysselsatte_kjonn_land","NULL","NULL","NULL"
"2013","030199","1","2","prosent","25.8","sysselsatte_kjonn_land","NULL","NULL","NULL"
"2013","030199","1","alle","personer","410","sysselsatte_kjonn_land","NULL","NULL","NULL"
"2013","030199","1","alle","prosent","37.9","sysselsatte_kjonn_land","NULL","NULL","NULL"
"2013","030199","alle","1","personer","895","sysselsatte_kjonn_land","NULL","NULL","NULL"
"2013","030199","alle","1","prosent","43.8","sysselsatte_kjonn_land","NULL","NULL","NULL"
"2013","030199","alle","2","personer","488","sysselsatte_kjonn_land","NULL","NULL","NULL"
"2013","030199","alle","2","prosent","31.1","sysselsatte_kjonn_land","NULL","NULL","NULL"
"2013","030199","alle","alle","personer","1383","sysselsatte_kjonn_land","NULL","NULL","NULL"
"2013","030199","alle","alle","prosent","38.3","sysselsatte_kjonn_land","NULL","NULL","NULL"
"2013","NULL","0","1","personer","120957","sysselsatte_kjonn_land","00","NULL","NULL"
"2013","NULL","0","1","prosent","79.3","sysselsatte_kjonn_land","00","NULL","NULL"
"2013","NULL","0","2","personer","78436","sysselsatte_kjonn_land","00","NULL","NULL"
"2013","NULL","0","2","prosent","62.6","sysselsatte_kjonn_land","00","NULL","NULL"
"2013","NULL","0","alle","personer","199393","sysselsatte_kjonn_land","00","NULL","NULL"
"2013","NULL","0","alle","prosent","71.7","sysselsatte_kjonn_land","00","NULL","NULL"
"2013","NULL","1","1","personer","73438","sysselsatte_kjonn_land","00","NULL","NULL"
"2013","NULL","1","1","prosent","72.7","sysselsatte_kjonn_land","00","NULL","NULL"
"2013","NULL","1","2","personer","76972","sysselsatte_kjonn_land","00","NULL","NULL"
"2013","NULL","1","2","prosent","53.1","sysselsatte_kjonn_land","00","NULL","NULL"
"2013","NULL","1","alle","personer","150410","sysselsatte_kjonn_land","00","NULL","NULL"
"2013","NULL","1","alle","prosent","61.2","sysselsatte_kjonn_land","00","NULL","NULL"
"2013","NULL","alle","1","personer","194395","sysselsatte_kjonn_land","00","NULL","NULL"
"2013","NULL","alle","1","prosent","76.7","sysselsatte_kjonn_land","00","NULL","NULL"
"2013","NULL","alle","2","personer","155408","sysselsatte_kjonn_land","00","NULL","NULL"
"2013","NULL","alle","2","prosent","57.5","sysselsatte_kjonn_land","00","NULL","NULL"
"2013","NULL","alle","alle","personer","349803","sysselsatte_kjonn_land","00","NULL","NULL"
"2013","NULL","alle","alle","prosent","66.8","sysselsatte_kjonn_land","00","NULL","NULL"
"2013","NULL","0","1","personer","5479","sysselsatte_kjonn_land","01","NULL","NULL"
"2013","NULL","0","1","prosent","76.4","sysselsatte_kjonn_land","01","NULL","NULL"
"2013","NULL","0","2","personer","3740","sysselsatte_kjonn_land","01","NULL","NULL"
"2013","NULL","0","2","prosent","53.8","sysselsatte_kjonn_land","01","NULL","NULL"
"2013","NULL","0","alle","personer","9219","sysselsatte_kjonn_land","01","NULL","NULL"
"2013","NULL","0","alle","prosent","65.2","sysselsatte_kjonn_land","01","NULL","NULL"
"2013","NULL","1","1","personer","3147","sysselsatte_kjonn_land","01","NULL","NULL"
"2013","NULL","1","1","prosent","68.5","sysselsatte_kjonn_land","01","NULL","NULL"
"2013","NULL","1","2","personer","3767","sysselsatte_kjonn_land","01","NULL","NULL"
"2013","NULL","1","2","prosent","46.9","sysselsatte_kjonn_land","01","NULL","NULL"
"2013","NULL","1","alle","personer","6914","sysselsatte_kjonn_land","01","NULL","NULL"
"2013","NULL","1","alle","prosent","54.8","sysselsatte_kjonn_land","01","NULL","NULL"
"2013","NULL","alle","1","personer","8626","sysselsatte_kjonn_land","01","NULL","NULL"
"2013","NULL","alle","1","prosent","73.3","sysselsatte_kjonn_land","01","NULL","NULL"
"2013","NULL","alle","2","personer","7507","sysselsatte_kjonn_land","01","NULL","NULL"
"2013","NULL","alle","2","prosent","50.1","sysselsatte_kjonn_land","01","NULL","NULL"
"2013","NULL","alle","alle","personer","16133","sysselsatte_kjonn_land","01","NULL","NULL"
"2013","NULL","alle","alle","prosent","60.3","sysselsatte_kjonn_land","01","NULL","NULL"
"2013","NULL","0","1","personer","15926","sysselsatte_kjonn_land","02","NULL","NULL"
"2013","NULL","0","1","prosent","78.5","sysselsatte_kjonn_land","02","NULL","NULL"
"2013","NULL","0","2","personer","10244","sysselsatte_kjonn_land","02","NULL","NULL"
"2013","NULL","0","2","prosent","69.1","sysselsatte_kjonn_land","02","NULL","NULL"
"2013","NULL","0","alle","personer","26170","sysselsatte_kjonn_land","02","NULL","NULL"
"2013","NULL","0","alle","prosent","74.5","sysselsatte_kjonn_land","02","NULL","NULL"
"2013","NULL","1","1","personer","10058","sysselsatte_kjonn_land","02","NULL","NULL"
"2013","NULL","1","1","prosent","74.9","sysselsatte_kjonn_land","02","NULL","NULL"
"2013","NULL","1","2","personer","10291","sysselsatte_kjonn_land","02","NULL","NULL"
"2013","NULL","1","2","prosent","56.6","sysselsatte_kjonn_land","02","NULL","NULL"
"2013","NULL","1","alle","personer","20349","sysselsatte_kjonn_land","02","NULL","NULL"
"2013","NULL","1","alle","prosent","64.4","sysselsatte_kjonn_land","02","NULL","NULL"
"2013","NULL","alle","1","personer","25984","sysselsatte_kjonn_land","02","NULL","NULL"
"2013","NULL","alle","1","prosent","77","sysselsatte_kjonn_land","02","NULL","NULL"
"2013","NULL","alle","2","personer","20535","sysselsatte_kjonn_land","02","NULL","NULL"
"2013","NULL","alle","2","prosent","62.2","sysselsatte_kjonn_land","02","NULL","NULL"
"2013","NULL","alle","alle","personer","46519","sysselsatte_kjonn_land","02","NULL","NULL"
"2013","NULL","alle","alle","prosent","69.7","sysselsatte_kjonn_land","02","NULL","NULL"
"2013","NULL","0","1","personer","22645","sysselsatte_kjonn_land","03","NULL","NULL"
"2013","NULL","0","1","prosent","78.1","sysselsatte_kjonn_land","03","NULL","NULL"
"2013","NULL","0","2","personer","26198","sysselsatte_kjonn_land","03","NULL","NULL"
"2013","NULL","0","2","prosent","63.8","sysselsatte_kjonn_land","03","NULL","NULL"
"2013","NULL","0","alle","personer","48843","sysselsatte_kjonn_land","03","NULL","NULL"
"2013","NULL","0","alle","prosent","69.7","sysselsatte_kjonn_land","03","NULL","NULL"
"2013","NULL","1","1","personer","15590","sysselsatte_kjonn_land","03","NULL","NULL"
"2013","NULL","1","1","prosent","74.8","sysselsatte_kjonn_land","03","NULL","NULL"
"2013","NULL","1","2","personer","21146","sysselsatte_kjonn_land","03","NULL","NULL"
"2013","NULL","1","2","prosent","50.7","sysselsatte_kjonn_land","03","NULL","NULL"
"2013","NULL","1","alle","personer","36736","sysselsatte_kjonn_land","03","NULL","NULL"
"2013","NULL","1","alle","prosent","58.7","sysselsatte_kjonn_land","03","NULL","NULL"
"2013","NULL","alle","1","personer","38235","sysselsatte_kjonn_land","03","NULL","NULL"
"2013","NULL","alle","1","prosent","76.7","sysselsatte_kjonn_land","03","NULL","NULL"
"2013","NULL","alle","2","personer","47344","sysselsatte_kjonn_land","03","NULL","NULL"
"2013","NULL","alle","2","prosent","57.2","sysselsatte_kjonn_land","03","NULL","NULL"
"2013","NULL","alle","alle","personer","85579","sysselsatte_kjonn_land","03","NULL","NULL"
"2013","NULL","alle","alle","prosent","64.5","sysselsatte_kjonn_land","03","NULL","NULL"
"2013","NULL","0","1","personer","2506","sysselsatte_kjonn_land","04","NULL","NULL"
"2013","NULL","0","1","prosent","75.3","sysselsatte_kjonn_land","04","NULL","NULL"
"2013","NULL","0","2","personer","1255","sysselsatte_kjonn_land","04","NULL","NULL"
"2013","NULL","0","2","prosent","49.8","sysselsatte_kjonn_land","04","NULL","NULL"
"2013","NULL","0","alle","personer","3761","sysselsatte_kjonn_land","04","NULL","NULL"
"2013","NULL","0","alle","prosent","64.3","sysselsatte_kjonn_land","04","NULL","NULL"
"2013","NULL","1","1","personer","1770","sysselsatte_kjonn_land","04","NULL","NULL"
"2013","NULL","1","1","prosent","68.3","sysselsatte_kjonn_land","04","NULL","NULL"
"2013","NULL","1","2","personer","1483","sysselsatte_kjonn_land","04","NULL","NULL"
"2013","NULL","1","2","prosent","48.7","sysselsatte_kjonn_land","04","NULL","NULL"
"2013","NULL","1","alle","personer","3253","sysselsatte_kjonn_land","04","NULL","NULL"
"2013","NULL","1","alle","prosent","57.7","sysselsatte_kjonn_land","04","NULL","NULL"
"2013","NULL","alle","1","personer","4276","sysselsatte_kjonn_land","04","NULL","NULL"
"2013","NULL","alle","1","prosent","72.2","sysselsatte_kjonn_land","04","NULL","NULL"
"2013","NULL","alle","2","personer","2738","sysselsatte_kjonn_land","04","NULL","NULL"
"2013","NULL","alle","2","prosent","49.2","sysselsatte_kjonn_land","04","NULL","NULL"
"2013","NULL","alle","alle","personer","7014","sysselsatte_kjonn_land","04","NULL","NULL"
"2013","NULL","alle","alle","prosent","61.1","sysselsatte_kjonn_land","04","NULL","NULL"
"2013","NULL","0","1","personer","2735","sysselsatte_kjonn_land","05","NULL","NULL"
"2013","NULL","0","1","prosent","78","sysselsatte_kjonn_land","05","NULL","NULL"
"2013","NULL","0","2","personer","1309","sysselsatte_kjonn_land","05","NULL","NULL"
"2013","NULL","0","2","prosent","51.9","sysselsatte_kjonn_land","05","NULL","NULL"
"2013","NULL","0","alle","personer","4044","sysselsatte_kjonn_land","05","NULL","NULL"
"2013","NULL","0","alle","prosent","67.1","sysselsatte_kjonn_land","05","NULL","NULL"
"2013","NULL","1","1","personer","1758","sysselsatte_kjonn_land","05","NULL","NULL"
"2013","NULL","1","1","prosent","72.8","sysselsatte_kjonn_land","05","NULL","NULL"
"2013","NULL","1","2","personer","1508","sysselsatte_kjonn_land","05","NULL","NULL"
"2013","NULL","1","2","prosent","51","sysselsatte_kjonn_land","05","NULL","NULL"
"2013","NULL","1","alle","personer","3266","sysselsatte_kjonn_land","05","NULL","NULL"
"2013","NULL","1","alle","prosent","60.8","sysselsatte_kjonn_land","05","NULL","NULL"
"2013","NULL","alle","1","personer","4493","sysselsatte_kjonn_land","05","NULL","NULL"
"2013","NULL","alle","1","prosent","75.9","sysselsatte_kjonn_land","05","NULL","NULL"
"2013","NULL","alle","2","personer","2817","sysselsatte_kjonn_land","05","NULL","NULL"
"2013","NULL","alle","2","prosent","51.4","sysselsatte_kjonn_land","05","NULL","NULL"
"2013","NULL","alle","alle","personer","7310","sysselsatte_kjonn_land","05","NULL","NULL"
"2013","NULL","alle","alle","prosent","64.1","sysselsatte_kjonn_land","05","NULL","NULL"
"2013","NULL","0","1","personer","7270","sysselsatte_kjonn_land","06","NULL","NULL"
"2013","NULL","0","1","prosent","80.7","sysselsatte_kjonn_land","06","NULL","NULL"
"2013","NULL","0","2","personer","4440","sysselsatte_kjonn_land","06","NULL","NULL"
"2013","NULL","0","2","prosent","63.6","sysselsatte_kjonn_land","06","NULL","NULL"
"2013","NULL","0","alle","personer","11710","sysselsatte_kjonn_land","06","NULL","NULL"
"2013","NULL","0","alle","prosent","73.3","sysselsatte_kjonn_land","06","NULL","NULL"
"2013","NULL","1","1","personer","4329","sysselsatte_kjonn_land","06","NULL","NULL"
"2013","NULL","1","1","prosent","72.6","sysselsatte_kjonn_land","06","NULL","NULL"
"2013","NULL","1","2","personer","4416","sysselsatte_kjonn_land","06","NULL","NULL"
"2013","NULL","1","2","prosent","52.6","sysselsatte_kjonn_land","06","NULL","NULL"
"2013","NULL","1","alle","personer","8745","sysselsatte_kjonn_land","06","NULL","NULL"
"2013","NULL","1","alle","prosent","60.9","sysselsatte_kjonn_land","06","NULL","NULL"
"2013","NULL","alle","1","personer","11599","sysselsatte_kjonn_land","06","NULL","NULL"
"2013","NULL","alle","1","prosent","77.5","sysselsatte_kjonn_land","06","NULL","NULL"
"2013","NULL","alle","2","personer","8856","sysselsatte_kjonn_land","06","NULL","NULL"
"2013","NULL","alle","2","prosent","57.6","sysselsatte_kjonn_land","06","NULL","NULL"
"2013","NULL","alle","alle","personer","20455","sysselsatte_kjonn_land","06","NULL","NULL"
"2013","NULL","alle","alle","prosent","67.4","sysselsatte_kjonn_land","06","NULL","NULL"
"2013","NULL","0","1","personer","4720","sysselsatte_kjonn_land","07","NULL","NULL"
"2013","NULL","0","1","prosent","79.4","sysselsatte_kjonn_land","07","NULL","NULL"
"2013","NULL","0","2","personer","2424","sysselsatte_kjonn_land","07","NULL","NULL"
"2013","NULL","0","2","prosent","59.5","sysselsatte_kjonn_land","07","NULL","NULL"
"2013","NULL","0","alle","personer","7144","sysselsatte_kjonn_land","07","NULL","NULL"
"2013","NULL","0","alle","prosent","71.3","sysselsatte_kjonn_land","07","NULL","NULL"
"2013","NULL","1","1","personer","3107","sysselsatte_kjonn_land","07","NULL","NULL"
"2013","NULL","1","1","prosent","71.1","sysselsatte_kjonn_land","07","NULL","NULL"
"2013","NULL","1","2","personer","2735","sysselsatte_kjonn_land","07","NULL","NULL"
"2013","NULL","1","2","prosent","51.8","sysselsatte_kjonn_land","07","NULL","NULL"
"2013","NULL","1","alle","personer","5842","sysselsatte_kjonn_land","07","NULL","NULL"
"2013","NULL","1","alle","prosent","60.6","sysselsatte_kjonn_land","07","NULL","NULL"
"2013","NULL","alle","1","personer","7827","sysselsatte_kjonn_land","07","NULL","NULL"
"2013","NULL","alle","1","prosent","75.9","sysselsatte_kjonn_land","07","NULL","NULL"
"2013","NULL","alle","2","personer","5159","sysselsatte_kjonn_land","07","NULL","NULL"
"2013","NULL","alle","2","prosent","55.1","sysselsatte_kjonn_land","07","NULL","NULL"
"2013","NULL","alle","alle","personer","12986","sysselsatte_kjonn_land","07","NULL","NULL"
"2013","NULL","alle","alle","prosent","66","sysselsatte_kjonn_land","07","NULL","NULL"
"2013","NULL","0","1","personer","2362","sysselsatte_kjonn_land","08","NULL","NULL"
"2013","NULL","0","1","prosent","74.8","sysselsatte_kjonn_land","08","NULL","NULL"
"2013","NULL","0","2","personer","1621","sysselsatte_kjonn_land","08","NULL","NULL"
"2013","NULL","0","2","prosent","50.8","sysselsatte_kjonn_land","08","NULL","NULL"
"2013","NULL","0","alle","personer","3983","sysselsatte_kjonn_land","08","NULL","NULL"
"2013","NULL","0","alle","prosent","62.7","sysselsatte_kjonn_land","08","NULL","NULL"
"2013","NULL","1","1","personer","1571","sysselsatte_kjonn_land","08","NULL","NULL"
"2013","NULL","1","1","prosent","69.2","sysselsatte_kjonn_land","08","NULL","NULL"
"2013","NULL","1","2","personer","1951","sysselsatte_kjonn_land","08","NULL","NULL"
"2013","NULL","1","2","prosent","50.5","sysselsatte_kjonn_land","08","NULL","NULL"
"2013","NULL","1","alle","personer","3522","sysselsatte_kjonn_land","08","NULL","NULL"
"2013","NULL","1","alle","prosent","57.4","sysselsatte_kjonn_land","08","NULL","NULL"
"2013","NULL","alle","1","personer","3933","sysselsatte_kjonn_land","08","NULL","NULL"
"2013","NULL","alle","1","prosent","72.5","sysselsatte_kjonn_land","08","NULL","NULL"
"2013","NULL","alle","2","personer","3572","sysselsatte_kjonn_land","08","NULL","NULL"
"2013","NULL","alle","2","prosent","50.6","sysselsatte_kjonn_land","08","NULL","NULL"
"2013","NULL","alle","alle","personer","7505","sysselsatte_kjonn_land","08","NULL","NULL"
"2013","NULL","alle","alle","prosent","60.1","sysselsatte_kjonn_land","08","NULL","NULL"
"2013","NULL","0","1","personer","1940","sysselsatte_kjonn_land","09","NULL","NULL"
"2013","NULL","0","1","prosent","75.8","sysselsatte_kjonn_land","09","NULL","NULL"
"2013","NULL","0","2","personer","983","sysselsatte_kjonn_land","09","NULL","NULL"
"2013","NULL","0","2","prosent","55.8","sysselsatte_kjonn_land","09","NULL","NULL"
"2013","NULL","0","alle","personer","2923","sysselsatte_kjonn_land","09","NULL","NULL"
"2013","NULL","0","alle","prosent","67.6","sysselsatte_kjonn_land","09","NULL","NULL"
"2013","NULL","1","1","personer","1300","sysselsatte_kjonn_land","09","NULL","NULL"
"2013","NULL","1","1","prosent","69.4","sysselsatte_kjonn_land","09","NULL","NULL"
"2013","NULL","1","2","personer","1052","sysselsatte_kjonn_land","09","NULL","NULL"
"2013","NULL","1","2","prosent","48.5","sysselsatte_kjonn_land","09","NULL","NULL"
"2013","NULL","1","alle","personer","2352","sysselsatte_kjonn_land","09","NULL","NULL"
"2013","NULL","1","alle","prosent","58.2","sysselsatte_kjonn_land","09","NULL","NULL"
"2013","NULL","alle","1","personer","3240","sysselsatte_kjonn_land","09","NULL","NULL"
"2013","NULL","alle","1","prosent","73.1","sysselsatte_kjonn_land","09","NULL","NULL"
"2013","NULL","alle","2","personer","2035","sysselsatte_kjonn_land","09","NULL","NULL"
"2013","NULL","alle","2","prosent","51.8","sysselsatte_kjonn_land","09","NULL","NULL"
"2013","NULL","alle","alle","personer","5275","sysselsatte_kjonn_land","09","NULL","NULL"
"2013","NULL","alle","alle","prosent","63.1","sysselsatte_kjonn_land","09","NULL","NULL"
"2013","NULL","0","1","personer","3069","sysselsatte_kjonn_land","10","NULL","NULL"
"2013","NULL","0","1","prosent","78.6","sysselsatte_kjonn_land","10","NULL","NULL"
"2013","NULL","0","2","personer","2372","sysselsatte_kjonn_land","10","NULL","NULL"
"2013","NULL","0","2","prosent","59.3","sysselsatte_kjonn_land","10","NULL","NULL"
"2013","NULL","0","alle","personer","5441","sysselsatte_kjonn_land","10","NULL","NULL"
"2013","NULL","0","alle","prosent","68.8","sysselsatte_kjonn_land","10","NULL","NULL"
"2013","NULL","1","1","personer","1888","sysselsatte_kjonn_land","10","NULL","NULL"
"2013","NULL","1","1","prosent","69.8","sysselsatte_kjonn_land","10","NULL","NULL"
"2013","NULL","1","2","personer","2344","sysselsatte_kjonn_land","10","NULL","NULL"
"2013","NULL","1","2","prosent","50.9","sysselsatte_kjonn_land","10","NULL","NULL"
"2013","NULL","1","alle","personer","4232","sysselsatte_kjonn_land","10","NULL","NULL"
"2013","NULL","1","alle","prosent","57.9","sysselsatte_kjonn_land","10","NULL","NULL"
"2013","NULL","alle","1","personer","4957","sysselsatte_kjonn_land","10","NULL","NULL"
"2013","NULL","alle","1","prosent","75","sysselsatte_kjonn_land","10","NULL","NULL"
"2013","NULL","alle","2","personer","4716","sysselsatte_kjonn_land","10","NULL","NULL"
"2013","NULL","alle","2","prosent","54.8","sysselsatte_kjonn_land","10","NULL","NULL"
"2013","NULL","alle","alle","personer","9673","sysselsatte_kjonn_land","10","NULL","NULL"
"2013","NULL","alle","alle","prosent","63.6","sysselsatte_kjonn_land","10","NULL","NULL"
"2013","NULL","0","1","personer","15336","sysselsatte_kjonn_land","11","NULL","NULL"
"2013","NULL","0","1","prosent","84.3","sysselsatte_kjonn_land","11","NULL","NULL"
"2013","NULL","0","2","personer","7513","sysselsatte_kjonn_land","11","NULL","NULL"
"2013","NULL","0","2","prosent","71.7","sysselsatte_kjonn_land","11","NULL","NULL"
"2013","NULL","0","alle","personer","22849","sysselsatte_kjonn_land","11","NULL","NULL"
"2013","NULL","0","alle","prosent","79.7","sysselsatte_kjonn_land","11","NULL","NULL"
"2013","NULL","1","1","personer","7816","sysselsatte_kjonn_land","11","NULL","NULL"
"2013","NULL","1","1","prosent","72.1","sysselsatte_kjonn_land","11","NULL","NULL"
"2013","NULL","1","2","personer","7062","sysselsatte_kjonn_land","11","NULL","NULL"
"2013","NULL","1","2","prosent","57","sysselsatte_kjonn_land","11","NULL","NULL"
"2013","NULL","1","alle","personer","14878","sysselsatte_kjonn_land","11","NULL","NULL"
"2013","NULL","1","alle","prosent","64","sysselsatte_kjonn_land","11","NULL","NULL"
"2013","NULL","alle","1","personer","23152","sysselsatte_kjonn_land","11","NULL","NULL"
"2013","NULL","alle","1","prosent","79.7","sysselsatte_kjonn_land","11","NULL","NULL"
"2013","NULL","alle","2","personer","14575","sysselsatte_kjonn_land","11","NULL","NULL"
"2013","NULL","alle","2","prosent","63.7","sysselsatte_kjonn_land","11","NULL","NULL"
"2013","NULL","alle","alle","personer","37727","sysselsatte_kjonn_land","11","NULL","NULL"
"2013","NULL","alle","alle","prosent","72.7","sysselsatte_kjonn_land","11","NULL","NULL"
"2013","NULL","0","1","personer","12673","sysselsatte_kjonn_land","12","NULL","NULL"
"2013","NULL","0","1","prosent","79.9","sysselsatte_kjonn_land","12","NULL","NULL"
"2013","NULL","0","2","personer","6000","sysselsatte_kjonn_land","12","NULL","NULL"
"2013","NULL","0","2","prosent","63.9","sysselsatte_kjonn_land","12","NULL","NULL"
"2013","NULL","0","alle","personer","18673","sysselsatte_kjonn_land","12","NULL","NULL"
"2013","NULL","0","alle","prosent","73.9","sysselsatte_kjonn_land","12","NULL","NULL"
"2013","NULL","1","1","personer","6703","sysselsatte_kjonn_land","12","NULL","NULL"
"2013","NULL","1","1","prosent","70.3","sysselsatte_kjonn_land","12","NULL","NULL"
"2013","NULL","1","2","personer","6142","sysselsatte_kjonn_land","12","NULL","NULL"
"2013","NULL","1","2","prosent","55.5","sysselsatte_kjonn_land","12","NULL","NULL"
"2013","NULL","1","alle","personer","12845","sysselsatte_kjonn_land","12","NULL","NULL"
"2013","NULL","1","alle","prosent","62.4","sysselsatte_kjonn_land","12","NULL","NULL"
"2013","NULL","alle","1","personer","19376","sysselsatte_kjonn_land","12","NULL","NULL"
"2013","NULL","alle","1","prosent","76.3","sysselsatte_kjonn_land","12","NULL","NULL"
"2013","NULL","alle","2","personer","12142","sysselsatte_kjonn_land","12","NULL","NULL"
"2013","NULL","alle","2","prosent","59.3","sysselsatte_kjonn_land","12","NULL","NULL"
"2013","NULL","alle","alle","personer","31518","sysselsatte_kjonn_land","12","NULL","NULL"
"2013","NULL","alle","alle","prosent","68.7","sysselsatte_kjonn_land","12","NULL","NULL"
"2013","NULL","0","1","personer","2472","sysselsatte_kjonn_land","14","NULL","NULL"
"2013","NULL","0","1","prosent","83.5","sysselsatte_kjonn_land","14","NULL","NULL"
"2013","NULL","0","2","personer","609","sysselsatte_kjonn_land","14","NULL","NULL"
"2013","NULL","0","2","prosent","56.1","sysselsatte_kjonn_land","14","NULL","NULL"
"2013","NULL","0","alle","personer","3081","sysselsatte_kjonn_land","14","NULL","NULL"
"2013","NULL","0","alle","prosent","76.1","sysselsatte_kjonn_land","14","NULL","NULL"
"2013","NULL","1","1","personer","1374","sysselsatte_kjonn_land","14","NULL","NULL"
"2013","NULL","1","1","prosent","74","sysselsatte_kjonn_land","14","NULL","NULL"
"2013","NULL","1","2","personer","870","sysselsatte_kjonn_land","14","NULL","NULL"
"2013","NULL","1","2","prosent","55.7","sysselsatte_kjonn_land","14","NULL","NULL"
"2013","NULL","1","alle","personer","2244","sysselsatte_kjonn_land","14","NULL","NULL"
"2013","NULL","1","alle","prosent","65.6","sysselsatte_kjonn_land","14","NULL","NULL"
"2013","NULL","alle","1","personer","3846","sysselsatte_kjonn_land","14","NULL","NULL"
"2013","NULL","alle","1","prosent","79.8","sysselsatte_kjonn_land","14","NULL","NULL"
"2013","NULL","alle","2","personer","1479","sysselsatte_kjonn_land","14","NULL","NULL"
"2013","NULL","alle","2","prosent","55.8","sysselsatte_kjonn_land","14","NULL","NULL"
"2013","NULL","alle","alle","personer","5325","sysselsatte_kjonn_land","14","NULL","NULL"
"2013","NULL","alle","alle","prosent","71.3","sysselsatte_kjonn_land","14","NULL","NULL"
"2013","NULL","0","1","personer","6790","sysselsatte_kjonn_land","15","NULL","NULL"
"2013","NULL","0","1","prosent","82","sysselsatte_kjonn_land","15","NULL","NULL"
"2013","NULL","0","2","personer","1754","sysselsatte_kjonn_land","15","NULL","NULL"
"2013","NULL","0","2","prosent","63","sysselsatte_kjonn_land","15","NULL","NULL"
"2013","NULL","0","alle","personer","8544","sysselsatte_kjonn_land","15","NULL","NULL"
"2013","NULL","0","alle","prosent","77.2","sysselsatte_kjonn_land","15","NULL","NULL"
"2013","NULL","1","1","personer","3409","sysselsatte_kjonn_land","15","NULL","NULL"
"2013","NULL","1","1","prosent","73","sysselsatte_kjonn_land","15","NULL","NULL"
"2013","NULL","1","2","personer","2713","sysselsatte_kjonn_land","15","NULL","NULL"
"2013","NULL","1","2","prosent","59.1","sysselsatte_kjonn_land","15","NULL","NULL"
"2013","NULL","1","alle","personer","6122","sysselsatte_kjonn_land","15","NULL","NULL"
"2013","NULL","1","alle","prosent","66.1","sysselsatte_kjonn_land","15","NULL","NULL"
"2013","NULL","alle","1","personer","10199","sysselsatte_kjonn_land","15","NULL","NULL"
"2013","NULL","alle","1","prosent","78.8","sysselsatte_kjonn_land","15","NULL","NULL"
"2013","NULL","alle","2","personer","4467","sysselsatte_kjonn_land","15","NULL","NULL"
"2013","NULL","alle","2","prosent","60.6","sysselsatte_kjonn_land","15","NULL","NULL"
"2013","NULL","alle","alle","personer","14666","sysselsatte_kjonn_land","15","NULL","NULL"
"2013","NULL","alle","alle","prosent","72.1","sysselsatte_kjonn_land","15","NULL","NULL"
"2013","NULL","0","1","personer","5962","sysselsatte_kjonn_land","16","NULL","NULL"
"2013","NULL","0","1","prosent","77.6","sysselsatte_kjonn_land","16","NULL","NULL"
"2013","NULL","0","2","personer","3435","sysselsatte_kjonn_land","16","NULL","NULL"
"2013","NULL","0","2","prosent","61.5","sysselsatte_kjonn_land","16","NULL","NULL"
"2013","NULL","0","alle","personer","9397","sysselsatte_kjonn_land","16","NULL","NULL"
"2013","NULL","0","alle","prosent","70.9","sysselsatte_kjonn_land","16","NULL","NULL"
"2013","NULL","1","1","personer","3465","sysselsatte_kjonn_land","16","NULL","NULL"
"2013","NULL","1","1","prosent","73.2","sysselsatte_kjonn_land","16","NULL","NULL"
"2013","NULL","1","2","personer","3434","sysselsatte_kjonn_land","16","NULL","NULL"
"2013","NULL","1","2","prosent","53.9","sysselsatte_kjonn_land","16","NULL","NULL"
"2013","NULL","1","alle","personer","6899","sysselsatte_kjonn_land","16","NULL","NULL"
"2013","NULL","1","alle","prosent","62.1","sysselsatte_kjonn_land","16","NULL","NULL"
"2013","NULL","alle","1","personer","9427","sysselsatte_kjonn_land","16","NULL","NULL"
"2013","NULL","alle","1","prosent","75.9","sysselsatte_kjonn_land","16","NULL","NULL"
"2013","NULL","alle","2","personer","6869","sysselsatte_kjonn_land","16","NULL","NULL"
"2013","NULL","alle","2","prosent","57.5","sysselsatte_kjonn_land","16","NULL","NULL"
"2013","NULL","alle","alle","personer","16296","sysselsatte_kjonn_land","16","NULL","NULL"
"2013","NULL","alle","alle","prosent","66.9","sysselsatte_kjonn_land","16","NULL","NULL"
"2013","NULL","0","1","personer","1662","sysselsatte_kjonn_land","17","NULL","NULL"
"2013","NULL","0","1","prosent","78.5","sysselsatte_kjonn_land","17","NULL","NULL"
"2013","NULL","0","2","personer","706","sysselsatte_kjonn_land","17","NULL","NULL"
"2013","NULL","0","2","prosent","52.1","sysselsatte_kjonn_land","17","NULL","NULL"
"2013","NULL","0","alle","personer","2368","sysselsatte_kjonn_land","17","NULL","NULL"
"2013","NULL","0","alle","prosent","68.2","sysselsatte_kjonn_land","17","NULL","NULL"
"2013","NULL","1","1","personer","881","sysselsatte_kjonn_land","17","NULL","NULL"
"2013","NULL","1","1","prosent","71.3","sysselsatte_kjonn_land","17","NULL","NULL"
"2013","NULL","1","2","personer","954","sysselsatte_kjonn_land","17","NULL","NULL"
"2013","NULL","1","2","prosent","51.1","sysselsatte_kjonn_land","17","NULL","NULL"
"2013","NULL","1","alle","personer","1835","sysselsatte_kjonn_land","17","NULL","NULL"
"2013","NULL","1","alle","prosent","59.1","sysselsatte_kjonn_land","17","NULL","NULL"
"2013","NULL","alle","1","personer","2543","sysselsatte_kjonn_land","17","NULL","NULL"
"2013","NULL","alle","1","prosent","75.8","sysselsatte_kjonn_land","17","NULL","NULL"
"2013","NULL","alle","2","personer","1660","sysselsatte_kjonn_land","17","NULL","NULL"
"2013","NULL","alle","2","prosent","51.5","sysselsatte_kjonn_land","17","NULL","NULL"
"2013","NULL","alle","alle","personer","4203","sysselsatte_kjonn_land","17","NULL","NULL"
"2013","NULL","alle","alle","prosent","63.9","sysselsatte_kjonn_land","17","NULL","NULL"
"2013","NULL","0","1","personer","3137","sysselsatte_kjonn_land","18","NULL","NULL"
"2013","NULL","0","1","prosent","78.1","sysselsatte_kjonn_land","18","NULL","NULL"
"2013","NULL","0","2","personer","1572","sysselsatte_kjonn_land","18","NULL","NULL"
"2013","NULL","0","2","prosent","49.9","sysselsatte_kjonn_land","18","NULL","NULL"
"2013","NULL","0","alle","personer","4709","sysselsatte_kjonn_land","18","NULL","NULL"
"2013","NULL","0","alle","prosent","65.7","sysselsatte_kjonn_land","18","NULL","NULL"
"2013","NULL","1","1","personer","2085","sysselsatte_kjonn_land","18","NULL","NULL"
"2013","NULL","1","1","prosent","73.6","sysselsatte_kjonn_land","18","NULL","NULL"
"2013","NULL","1","2","personer","2171","sysselsatte_kjonn_land","18","NULL","NULL"
"2013","NULL","1","2","prosent","54.5","sysselsatte_kjonn_land","18","NULL","NULL"
"2013","NULL","1","alle","personer","4256","sysselsatte_kjonn_land","18","NULL","NULL"
"2013","NULL","1","alle","prosent","62.5","sysselsatte_kjonn_land","18","NULL","NULL"
"2013","NULL","alle","1","personer","5222","sysselsatte_kjonn_land","18","NULL","NULL"
"2013","NULL","alle","1","prosent","76.2","sysselsatte_kjonn_land","18","NULL","NULL"
"2013","NULL","alle","2","personer","3743","sysselsatte_kjonn_land","18","NULL","NULL"
"2013","NULL","alle","2","prosent","52.5","sysselsatte_kjonn_land","18","NULL","NULL"
"2013","NULL","alle","alle","personer","8965","sysselsatte_kjonn_land","18","NULL","NULL"
"2013","NULL","alle","alle","prosent","64.1","sysselsatte_kjonn_land","18","NULL","NULL"
"2013","NULL","0","1","personer","2623","sysselsatte_kjonn_land","19","NULL","NULL"
"2013","NULL","0","1","prosent","77.7","sysselsatte_kjonn_land","19","NULL","NULL"
"2013","NULL","0","2","personer","1445","sysselsatte_kjonn_land","19","NULL","NULL"
"2013","NULL","0","2","prosent","60.6","sysselsatte_kjonn_land","19","NULL","NULL"
"2013","NULL","0","alle","personer","4068","sysselsatte_kjonn_land","19","NULL","NULL"
"2013","NULL","0","alle","prosent","70.6","sysselsatte_kjonn_land","19","NULL","NULL"
"2013","NULL","1","1","personer","1978","sysselsatte_kjonn_land","19","NULL","NULL"
"2013","NULL","1","1","prosent","75.3","sysselsatte_kjonn_land","19","NULL","NULL"
"2013","NULL","1","2","personer","1717","sysselsatte_kjonn_land","19","NULL","NULL"
"2013","NULL","1","2","prosent","57.9","sysselsatte_kjonn_land","19","NULL","NULL"
"2013","NULL","1","alle","personer","3695","sysselsatte_kjonn_land","19","NULL","NULL"
"2013","NULL","1","alle","prosent","66.1","sysselsatte_kjonn_land","19","NULL","NULL"
"2013","NULL","alle","1","personer","4601","sysselsatte_kjonn_land","19","NULL","NULL"
"2013","NULL","alle","1","prosent","76.7","sysselsatte_kjonn_land","19","NULL","NULL"
"2013","NULL","alle","2","personer","3162","sysselsatte_kjonn_land","19","NULL","NULL"
"2013","NULL","alle","2","prosent","59.1","sysselsatte_kjonn_land","19","NULL","NULL"
"2013","NULL","alle","alle","personer","7763","sysselsatte_kjonn_land","19","NULL","NULL"
"2013","NULL","alle","alle","prosent","68.4","sysselsatte_kjonn_land","19","NULL","NULL"
"2013","NULL","0","1","personer","1650","sysselsatte_kjonn_land","20","NULL","NULL"
"2013","NULL","0","1","prosent","76.1","sysselsatte_kjonn_land","20","NULL","NULL"
"2013","NULL","0","2","personer","816","sysselsatte_kjonn_land","20","NULL","NULL"
"2013","NULL","0","2","prosent","64.8","sysselsatte_kjonn_land","20","NULL","NULL"
"2013","NULL","0","alle","personer","2466","sysselsatte_kjonn_land","20","NULL","NULL"
"2013","NULL","0","alle","prosent","72","sysselsatte_kjonn_land","20","NULL","NULL"
"2013","NULL","1","1","personer","1209","sysselsatte_kjonn_land","20","NULL","NULL"
"2013","NULL","1","1","prosent","75.1","sysselsatte_kjonn_land","20","NULL","NULL"
"2013","NULL","1","2","personer","1216","sysselsatte_kjonn_land","20","NULL","NULL"
"2013","NULL","1","2","prosent","65.7","sysselsatte_kjonn_land","20","NULL","NULL"
"2013","NULL","1","alle","personer","2425","sysselsatte_kjonn_land","20","NULL","NULL"
"2013","NULL","1","alle","prosent","70.1","sysselsatte_kjonn_land","20","NULL","NULL"
"2013","NULL","alle","1","personer","2859","sysselsatte_kjonn_land","20","NULL","NULL"
"2013","NULL","alle","1","prosent","75.7","sysselsatte_kjonn_land","20","NULL","NULL"
"2013","NULL","alle","2","personer","2032","sysselsatte_kjonn_land","20","NULL","NULL"
"2013","NULL","alle","2","prosent","65.3","sysselsatte_kjonn_land","20","NULL","NULL"
"2013","NULL","alle","alle","personer","4891","sysselsatte_kjonn_land","20","NULL","NULL"
"2013","NULL","alle","alle","prosent","71","sysselsatte_kjonn_land","20","NULL","NULL"
"2013","NULL","0","1","personer",".","sysselsatte_kjonn_land","99","NULL","NULL"
"2013","NULL","0","1","prosent",".","sysselsatte_kjonn_land","99","NULL","NULL"
"2013","NULL","0","2","personer",".","sysselsatte_kjonn_land","99","NULL","NULL"
"2013","NULL","0","2","prosent",".","sysselsatte_kjonn_land","99","NULL","NULL"
"2013","NULL","0","alle","personer",".","sysselsatte_kjonn_land","99","NULL","NULL"
"2013","NULL","0","alle","prosent",".","sysselsatte_kjonn_land","99","NULL","NULL"
"2013","NULL","1","1","personer",".","sysselsatte_kjonn_land","99","NULL","NULL"
"2013","NULL","1","1","prosent",".","sysselsatte_kjonn_land","99","NULL","NULL"
"2013","NULL","1","2","personer",".","sysselsatte_kjonn_land","99","NULL","NULL"
"2013","NULL","1","2","prosent",".","sysselsatte_kjonn_land","99","NULL","NULL"
"2013","NULL","1","alle","personer",".","sysselsatte_kjonn_land","99","NULL","NULL"
"2013","NULL","1","alle","prosent",".","sysselsatte_kjonn_land","99","NULL","NULL"
"2013","NULL","alle","1","personer",".","sysselsatte_kjonn_land","99","NULL","NULL"
"2013","NULL","alle","1","prosent",".","sysselsatte_kjonn_land","99","NULL","NULL"
"2013","NULL","alle","2","personer",".","sysselsatte_kjonn_land","99","NULL","NULL"
"2013","NULL","alle","2","prosent",".","sysselsatte_kjonn_land","99","NULL","NULL"
"2013","NULL","alle","alle","personer",".","sysselsatte_kjonn_land","99","NULL","NULL"
"2013","NULL","alle","alle","prosent",".","sysselsatte_kjonn_land","99","NULL","NULL"
"2013","NULL","0","1","personer","425","sysselsatte_kjonn_land","NULL","01","NULL"
"2013","NULL","0","1","prosent","73.8","sysselsatte_kjonn_land","NULL","01","NULL"
"2013","NULL","0","2","personer","284","sysselsatte_kjonn_land","NULL","01","NULL"
"2013","NULL","0","2","prosent","48.1","sysselsatte_kjonn_land","NULL","01","NULL"
"2013","NULL","0","alle","personer","709","sysselsatte_kjonn_land","NULL","01","NULL"
"2013","NULL","0","alle","prosent","60.8","sysselsatte_kjonn_land","NULL","01","NULL"
"2013","NULL","1","1","personer","298","sysselsatte_kjonn_land","NULL","01","NULL"
"2013","NULL","1","1","prosent","64.5","sysselsatte_kjonn_land","NULL","01","NULL"
"2013","NULL","1","2","personer","309","sysselsatte_kjonn_land","NULL","01","NULL"
"2013","NULL","1","2","prosent","43.7","sysselsatte_kjonn_land","NULL","01","NULL"
"2013","NULL","1","alle","personer","607","sysselsatte_kjonn_land","NULL","01","NULL"
"2013","NULL","1","alle","prosent","51.9","sysselsatte_kjonn_land","NULL","01","NULL"
"2013","NULL","alle","1","personer","723","sysselsatte_kjonn_land","NULL","01","NULL"
"2013","NULL","alle","1","prosent","69.7","sysselsatte_kjonn_land","NULL","01","NULL"
"2013","NULL","alle","2","personer","593","sysselsatte_kjonn_land","NULL","01","NULL"
"2013","NULL","alle","2","prosent","45.7","sysselsatte_kjonn_land","NULL","01","NULL"
"2013","NULL","alle","alle","personer","1316","sysselsatte_kjonn_land","NULL","01","NULL"
"2013","NULL","alle","alle","prosent","56.4","sysselsatte_kjonn_land","NULL","01","NULL"
"2013","NULL","0","1","personer","1348","sysselsatte_kjonn_land","NULL","02","NULL"
"2013","NULL","0","1","prosent","77.1","sysselsatte_kjonn_land","NULL","02","NULL"
"2013","NULL","0","2","personer","710","sysselsatte_kjonn_land","NULL","02","NULL"
"2013","NULL","0","2","prosent","59.9","sysselsatte_kjonn_land","NULL","02","NULL"
"2013","NULL","0","alle","personer","2058","sysselsatte_kjonn_land","NULL","02","NULL"
"2013","NULL","0","alle","prosent","70.1","sysselsatte_kjonn_land","NULL","02","NULL"
"2013","NULL","1","1","personer","764","sysselsatte_kjonn_land","NULL","02","NULL"
"2013","NULL","1","1","prosent","67.9","sysselsatte_kjonn_land","NULL","02","NULL"
"2013","NULL","1","2","personer","735","sysselsatte_kjonn_land","NULL","02","NULL"
"2013","NULL","1","2","prosent","49.4","sysselsatte_kjonn_land","NULL","02","NULL"
"2013","NULL","1","alle","personer","1499","sysselsatte_kjonn_land","NULL","02","NULL"
"2013","NULL","1","alle","prosent","57.3","sysselsatte_kjonn_land","NULL","02","NULL"
"2013","NULL","alle","1","personer","2112","sysselsatte_kjonn_land","NULL","02","NULL"
"2013","NULL","alle","1","prosent","73.5","sysselsatte_kjonn_land","NULL","02","NULL"
"2013","NULL","alle","2","personer","1445","sysselsatte_kjonn_land","NULL","02","NULL"
"2013","NULL","alle","2","prosent","54","sysselsatte_kjonn_land","NULL","02","NULL"
"2013","NULL","alle","alle","personer","3557","sysselsatte_kjonn_land","NULL","02","NULL"
"2013","NULL","alle","alle","prosent","64.1","sysselsatte_kjonn_land","NULL","02","NULL"
"2013","NULL","0","1","personer","1229","sysselsatte_kjonn_land","NULL","03","NULL"
"2013","NULL","0","1","prosent","73.5","sysselsatte_kjonn_land","NULL","03","NULL"
"2013","NULL","0","2","personer","781","sysselsatte_kjonn_land","NULL","03","NULL"
"2013","NULL","0","2","prosent","56.1","sysselsatte_kjonn_land","NULL","03","NULL"
"2013","NULL","0","alle","personer","2010","sysselsatte_kjonn_land","NULL","03","NULL"
"2013","NULL","0","alle","prosent","65.6","sysselsatte_kjonn_land","NULL","03","NULL"
"2013","NULL","1","1","personer","737","sysselsatte_kjonn_land","NULL","03","NULL"
"2013","NULL","1","1","prosent","72","sysselsatte_kjonn_land","NULL","03","NULL"
"2013","NULL","1","2","personer","805","sysselsatte_kjonn_land","NULL","03","NULL"
"2013","NULL","1","2","prosent","49.6","sysselsatte_kjonn_land","NULL","03","NULL"
"2013","NULL","1","alle","personer","1542","sysselsatte_kjonn_land","NULL","03","NULL"
"2013","NULL","1","alle","prosent","58.3","sysselsatte_kjonn_land","NULL","03","NULL"
"2013","NULL","alle","1","personer","1966","sysselsatte_kjonn_land","NULL","03","NULL"
"2013","NULL","alle","1","prosent","72.9","sysselsatte_kjonn_land","NULL","03","NULL"
"2013","NULL","alle","2","personer","1586","sysselsatte_kjonn_land","NULL","03","NULL"
"2013","NULL","alle","2","prosent","52.6","sysselsatte_kjonn_land","NULL","03","NULL"
"2013","NULL","alle","alle","personer","3552","sysselsatte_kjonn_land","NULL","03","NULL"
"2013","NULL","alle","alle","prosent","62.2","sysselsatte_kjonn_land","NULL","03","NULL"
"2013","NULL","0","1","personer","2477","sysselsatte_kjonn_land","NULL","04","NULL"
"2013","NULL","0","1","prosent","77.9","sysselsatte_kjonn_land","NULL","04","NULL"
"2013","NULL","0","2","personer","1965","sysselsatte_kjonn_land","NULL","04","NULL"
"2013","NULL","0","2","prosent","51.9","sysselsatte_kjonn_land","NULL","04","NULL"
"2013","NULL","0","alle","personer","4442","sysselsatte_kjonn_land","NULL","04","NULL"
"2013","NULL","0","alle","prosent","63.8","sysselsatte_kjonn_land","NULL","04","NULL"
"2013","NULL","1","1","personer","1348","sysselsatte_kjonn_land","NULL","04","NULL"
"2013","NULL","1","1","prosent","68","sysselsatte_kjonn_land","NULL","04","NULL"
"2013","NULL","1","2","personer","1918","sysselsatte_kjonn_land","NULL","04","NULL"
"2013","NULL","1","2","prosent","45.6","sysselsatte_kjonn_land","NULL","04","NULL"
"2013","NULL","1","alle","personer","3266","sysselsatte_kjonn_land","NULL","04","NULL"
"2013","NULL","1","alle","prosent","52.8","sysselsatte_kjonn_land","NULL","04","NULL"
"2013","NULL","alle","1","personer","3825","sysselsatte_kjonn_land","NULL","04","NULL"
"2013","NULL","alle","1","prosent","74.1","sysselsatte_kjonn_land","NULL","04","NULL"
"2013","NULL","alle","2","personer","3883","sysselsatte_kjonn_land","NULL","04","NULL"
"2013","NULL","alle","2","prosent","48.5","sysselsatte_kjonn_land","NULL","04","NULL"
"2013","NULL","alle","alle","personer","7708","sysselsatte_kjonn_land","NULL","04","NULL"
"2013","NULL","alle","alle","prosent","58.6","sysselsatte_kjonn_land","NULL","04","NULL"
"2013","NULL","0","1","personer","5614","sysselsatte_kjonn_land","NULL","05","NULL"
"2013","NULL","0","1","prosent","79.6","sysselsatte_kjonn_land","NULL","05","NULL"
"2013","NULL","0","2","personer","3244","sysselsatte_kjonn_land","NULL","05","NULL"
"2013","NULL","0","2","prosent","70","sysselsatte_kjonn_land","NULL","05","NULL"
"2013","NULL","0","alle","personer","8858","sysselsatte_kjonn_land","NULL","05","NULL"
"2013","NULL","0","alle","prosent","75.8","sysselsatte_kjonn_land","NULL","05","NULL"
"2013","NULL","1","1","personer","3789","sysselsatte_kjonn_land","NULL","05","NULL"
"2013","NULL","1","1","prosent","75","sysselsatte_kjonn_land","NULL","05","NULL"
"2013","NULL","1","2","personer","3278","sysselsatte_kjonn_land","NULL","05","NULL"
"2013","NULL","1","2","prosent","55","sysselsatte_kjonn_land","NULL","05","NULL"
"2013","NULL","1","alle","personer","7067","sysselsatte_kjonn_land","NULL","05","NULL"
"2013","NULL","1","alle","prosent","64.1","sysselsatte_kjonn_land","NULL","05","NULL"
"2013","NULL","alle","1","personer","9403","sysselsatte_kjonn_land","NULL","05","NULL"
"2013","NULL","alle","1","prosent","77.7","sysselsatte_kjonn_land","NULL","05","NULL"
"2013","NULL","alle","2","personer","6522","sysselsatte_kjonn_land","NULL","05","NULL"
"2013","NULL","alle","2","prosent","61.6","sysselsatte_kjonn_land","NULL","05","NULL"
"2013","NULL","alle","alle","personer","15925","sysselsatte_kjonn_land","NULL","05","NULL"
"2013","NULL","alle","alle","prosent","70.1","sysselsatte_kjonn_land","NULL","05","NULL"
"2013","NULL","0","1","personer","3111","sysselsatte_kjonn_land","NULL","06","NULL"
"2013","NULL","0","1","prosent","78","sysselsatte_kjonn_land","NULL","06","NULL"
"2013","NULL","0","2","personer","1947","sysselsatte_kjonn_land","NULL","06","NULL"
"2013","NULL","0","2","prosent","65.9","sysselsatte_kjonn_land","NULL","06","NULL"
"2013","NULL","0","alle","personer","5058","sysselsatte_kjonn_land","NULL","06","NULL"
"2013","NULL","0","alle","prosent","72.9","sysselsatte_kjonn_land","NULL","06","NULL"
"2013","NULL","1","1","personer","2237","sysselsatte_kjonn_land","NULL","06","NULL"
"2013","NULL","1","1","prosent","75.5","sysselsatte_kjonn_land","NULL","06","NULL"
"2013","NULL","1","2","personer","1960","sysselsatte_kjonn_land","NULL","06","NULL"
"2013","NULL","1","2","prosent","57","sysselsatte_kjonn_land","NULL","06","NULL"
"2013","NULL","1","alle","personer","4197","sysselsatte_kjonn_land","NULL","06","NULL"
"2013","NULL","1","alle","prosent","65.5","sysselsatte_kjonn_land","NULL","06","NULL"
"2013","NULL","alle","1","personer","5348","sysselsatte_kjonn_land","NULL","06","NULL"
"2013","NULL","alle","1","prosent","77","sysselsatte_kjonn_land","NULL","06","NULL"
"2013","NULL","alle","2","personer","3907","sysselsatte_kjonn_land","NULL","06","NULL"
"2013","NULL","alle","2","prosent","61.1","sysselsatte_kjonn_land","NULL","06","NULL"
"2013","NULL","alle","alle","personer","9255","sysselsatte_kjonn_land","NULL","06","NULL"
"2013","NULL","alle","alle","prosent","69.4","sysselsatte_kjonn_land","NULL","06","NULL"
"2013","NULL","0","1","personer","4554","sysselsatte_kjonn_land","NULL","07","NULL"
"2013","NULL","0","1","prosent","76.6","sysselsatte_kjonn_land","NULL","07","NULL"
"2013","NULL","0","2","personer","3822","sysselsatte_kjonn_land","NULL","07","NULL"
"2013","NULL","0","2","prosent","70.3","sysselsatte_kjonn_land","NULL","07","NULL"
"2013","NULL","0","alle","personer","8376","sysselsatte_kjonn_land","NULL","07","NULL"
"2013","NULL","0","alle","prosent","73.6","sysselsatte_kjonn_land","NULL","07","NULL"
"2013","NULL","1","1","personer","2547","sysselsatte_kjonn_land","NULL","07","NULL"
"2013","NULL","1","1","prosent","75.8","sysselsatte_kjonn_land","NULL","07","NULL"
"2013","NULL","1","2","personer","3606","sysselsatte_kjonn_land","NULL","07","NULL"
"2013","NULL","1","2","prosent","57.1","sysselsatte_kjonn_land","NULL","07","NULL"
"2013","NULL","1","alle","personer","6153","sysselsatte_kjonn_land","NULL","07","NULL"
"2013","NULL","1","alle","prosent","63.6","sysselsatte_kjonn_land","NULL","07","NULL"
"2013","NULL","alle","1","personer","7101","sysselsatte_kjonn_land","NULL","07","NULL"
"2013","NULL","alle","1","prosent","76.3","sysselsatte_kjonn_land","NULL","07","NULL"
"2013","NULL","alle","2","personer","7428","sysselsatte_kjonn_land","NULL","07","NULL"
"2013","NULL","alle","2","prosent","63.2","sysselsatte_kjonn_land","NULL","07","NULL"
"2013","NULL","alle","alle","personer","14529","sysselsatte_kjonn_land","NULL","07","NULL"
"2013","NULL","alle","alle","prosent","69","sysselsatte_kjonn_land","NULL","07","NULL"
"2013","NULL","0","1","personer","2647","sysselsatte_kjonn_land","NULL","08","NULL"
"2013","NULL","0","1","prosent","80","sysselsatte_kjonn_land","NULL","08","NULL"
"2013","NULL","0","2","personer","1231","sysselsatte_kjonn_land","NULL","08","NULL"
"2013","NULL","0","2","prosent","68.2","sysselsatte_kjonn_land","NULL","08","NULL"
"2013","NULL","0","alle","personer","3878","sysselsatte_kjonn_land","NULL","08","NULL"
"2013","NULL","0","alle","prosent","75.8","sysselsatte_kjonn_land","NULL","08","NULL"
"2013","NULL","1","1","personer","1485","sysselsatte_kjonn_land","NULL","08","NULL"
"2013","NULL","1","1","prosent","72.4","sysselsatte_kjonn_land","NULL","08","NULL"
"2013","NULL","1","2","personer","1447","sysselsatte_kjonn_land","NULL","08","NULL"
"2013","NULL","1","2","prosent","59.1","sysselsatte_kjonn_land","NULL","08","NULL"
"2013","NULL","1","alle","personer","2932","sysselsatte_kjonn_land","NULL","08","NULL"
"2013","NULL","1","alle","prosent","65.2","sysselsatte_kjonn_land","NULL","08","NULL"
"2013","NULL","alle","1","personer","4132","sysselsatte_kjonn_land","NULL","08","NULL"
"2013","NULL","alle","1","prosent","77.1","sysselsatte_kjonn_land","NULL","08","NULL"
"2013","NULL","alle","2","personer","2678","sysselsatte_kjonn_land","NULL","08","NULL"
"2013","NULL","alle","2","prosent","63","sysselsatte_kjonn_land","NULL","08","NULL"
"2013","NULL","alle","alle","personer","6810","sysselsatte_kjonn_land","NULL","08","NULL"
"2013","NULL","alle","alle","prosent","70.8","sysselsatte_kjonn_land","NULL","08","NULL"
"2013","NULL","0","1","personer","22645","sysselsatte_kjonn_land","NULL","09","NULL"
"2013","NULL","0","1","prosent","78.1","sysselsatte_kjonn_land","NULL","09","NULL"
"2013","NULL","0","2","personer","26198","sysselsatte_kjonn_land","NULL","09","NULL"
"2013","NULL","0","2","prosent","63.8","sysselsatte_kjonn_land","NULL","09","NULL"
"2013","NULL","0","alle","personer","48843","sysselsatte_kjonn_land","NULL","09","NULL"
"2013","NULL","0","alle","prosent","69.7","sysselsatte_kjonn_land","NULL","09","NULL"
"2013","NULL","1","1","personer","15590","sysselsatte_kjonn_land","NULL","09","NULL"
"2013","NULL","1","1","prosent","74.8","sysselsatte_kjonn_land","NULL","09","NULL"
"2013","NULL","1","2","personer","21146","sysselsatte_kjonn_land","NULL","09","NULL"
"2013","NULL","1","2","prosent","50.7","sysselsatte_kjonn_land","NULL","09","NULL"
"2013","NULL","1","alle","personer","36736","sysselsatte_kjonn_land","NULL","09","NULL"
"2013","NULL","1","alle","prosent","58.7","sysselsatte_kjonn_land","NULL","09","NULL"
"2013","NULL","alle","1","personer","38235","sysselsatte_kjonn_land","NULL","09","NULL"
"2013","NULL","alle","1","prosent","76.7","sysselsatte_kjonn_land","NULL","09","NULL"
"2013","NULL","alle","2","personer","47344","sysselsatte_kjonn_land","NULL","09","NULL"
"2013","NULL","alle","2","prosent","57.2","sysselsatte_kjonn_land","NULL","09","NULL"
"2013","NULL","alle","alle","personer","85579","sysselsatte_kjonn_land","NULL","09","NULL"
"2013","NULL","alle","alle","prosent","64.5","sysselsatte_kjonn_land","NULL","09","NULL"
"2013","NULL","0","1","personer","235","sysselsatte_kjonn_land","NULL","10","NULL"
"2013","NULL","0","1","prosent","81","sysselsatte_kjonn_land","NULL","10","NULL"
"2013","NULL","0","2","personer","59","sysselsatte_kjonn_land","NULL","10","NULL"
"2013","NULL","0","2","prosent","49.6","sysselsatte_kjonn_land","NULL","10","NULL"
"2013","NULL","0","alle","personer","294","sysselsatte_kjonn_land","NULL","10","NULL"
"2013","NULL","0","alle","prosent","71.9","sysselsatte_kjonn_land","NULL","10","NULL"
"2013","NULL","1","1","personer","175","sysselsatte_kjonn_land","NULL","10","NULL"
"2013","NULL","1","1","prosent","76.4","sysselsatte_kjonn_land","NULL","10","NULL"
"2013","NULL","1","2","personer","93","sysselsatte_kjonn_land","NULL","10","NULL"
"2013","NULL","1","2","prosent","53.1","sysselsatte_kjonn_land","NULL","10","NULL"
"2013","NULL","1","alle","personer","268","sysselsatte_kjonn_land","NULL","10","NULL"
"2013","NULL","1","alle","prosent","66.3","sysselsatte_kjonn_land","NULL","10","NULL"
"2013","NULL","alle","1","personer","410","sysselsatte_kjonn_land","NULL","10","NULL"
"2013","NULL","alle","1","prosent","79","sysselsatte_kjonn_land","NULL","10","NULL"
"2013","NULL","alle","2","personer","152","sysselsatte_kjonn_land","NULL","10","NULL"
"2013","NULL","alle","2","prosent","51.7","sysselsatte_kjonn_land","NULL","10","NULL"
"2013","NULL","alle","alle","personer","562","sysselsatte_kjonn_land","NULL","10","NULL"
"2013","NULL","alle","alle","prosent","69.1","sysselsatte_kjonn_land","NULL","10","NULL"
"2013","NULL","0","1","personer","573","sysselsatte_kjonn_land","NULL","11","NULL"
"2013","NULL","0","1","prosent","72.5","sysselsatte_kjonn_land","NULL","11","NULL"
"2013","NULL","0","2","personer","287","sysselsatte_kjonn_land","NULL","11","NULL"
"2013","NULL","0","2","prosent","47","sysselsatte_kjonn_land","NULL","11","NULL"
"2013","NULL","0","alle","personer","860","sysselsatte_kjonn_land","NULL","11","NULL"
"2013","NULL","0","alle","prosent","61.4","sysselsatte_kjonn_land","NULL","11","NULL"
"2013","NULL","1","1","personer","423","sysselsatte_kjonn_land","NULL","11","NULL"
"2013","NULL","1","1","prosent","65.7","sysselsatte_kjonn_land","NULL","11","NULL"
"2013","NULL","1","2","personer","375","sysselsatte_kjonn_land","NULL","11","NULL"
"2013","NULL","1","2","prosent","45.5","sysselsatte_kjonn_land","NULL","11","NULL"
"2013","NULL","1","alle","personer","798","sysselsatte_kjonn_land","NULL","11","NULL"
"2013","NULL","1","alle","prosent","54.4","sysselsatte_kjonn_land","NULL","11","NULL"
"2013","NULL","alle","1","personer","996","sysselsatte_kjonn_land","NULL","11","NULL"
"2013","NULL","alle","1","prosent","69.5","sysselsatte_kjonn_land","NULL","11","NULL"
"2013","NULL","alle","2","personer","662","sysselsatte_kjonn_land","NULL","11","NULL"
"2013","NULL","alle","2","prosent","46.1","sysselsatte_kjonn_land","NULL","11","NULL"
"2013","NULL","alle","alle","personer","1658","sysselsatte_kjonn_land","NULL","11","NULL"
"2013","NULL","alle","alle","prosent","57.8","sysselsatte_kjonn_land","NULL","11","NULL"
"2013","NULL","0","1","personer","1282","sysselsatte_kjonn_land","NULL","12","NULL"
"2013","NULL","0","1","prosent","77.7","sysselsatte_kjonn_land","NULL","12","NULL"
"2013","NULL","0","2","personer","698","sysselsatte_kjonn_land","NULL","12","NULL"
"2013","NULL","0","2","prosent","55.6","sysselsatte_kjonn_land","NULL","12","NULL"
"2013","NULL","0","alle","personer","1980","sysselsatte_kjonn_land","NULL","12","NULL"
"2013","NULL","0","alle","prosent","68.2","sysselsatte_kjonn_land","NULL","12","NULL"
"2013","NULL","1","1","personer","810","sysselsatte_kjonn_land","NULL","12","NULL"
"2013","NULL","1","1","prosent","68.4","sysselsatte_kjonn_land","NULL","12","NULL"
"2013","NULL","1","2","personer","754","sysselsatte_kjonn_land","NULL","12","NULL"
"2013","NULL","1","2","prosent","50.6","sysselsatte_kjonn_land","NULL","12","NULL"
"2013","NULL","1","alle","personer","1564","sysselsatte_kjonn_land","NULL","12","NULL"
"2013","NULL","1","alle","prosent","58.5","sysselsatte_kjonn_land","NULL","12","NULL"
"2013","NULL","alle","1","personer","2092","sysselsatte_kjonn_land","NULL","12","NULL"
"2013","NULL","alle","1","prosent","73.8","sysselsatte_kjonn_land","NULL","12","NULL"
"2013","NULL","alle","2","personer","1452","sysselsatte_kjonn_land","NULL","12","NULL"
"2013","NULL","alle","2","prosent","52.9","sysselsatte_kjonn_land","NULL","12","NULL"
"2013","NULL","alle","alle","personer","3544","sysselsatte_kjonn_land","NULL","12","NULL"
"2013","NULL","alle","alle","prosent","63.5","sysselsatte_kjonn_land","NULL","12","NULL"
"2013","NULL","0","1","personer","416","sysselsatte_kjonn_land","NULL","13","NULL"
"2013","NULL","0","1","prosent","69.4","sysselsatte_kjonn_land","NULL","13","NULL"
"2013","NULL","0","2","personer","211","sysselsatte_kjonn_land","NULL","13","NULL"
"2013","NULL","0","2","prosent","39.4","sysselsatte_kjonn_land","NULL","13","NULL"
"2013","NULL","0","alle","personer","627","sysselsatte_kjonn_land","NULL","13","NULL"
"2013","NULL","0","alle","prosent","55.2","sysselsatte_kjonn_land","NULL","13","NULL"
"2013","NULL","1","1","personer","362","sysselsatte_kjonn_land","NULL","13","NULL"
"2013","NULL","1","1","prosent","67.9","sysselsatte_kjonn_land","NULL","13","NULL"
"2013","NULL","1","2","personer","261","sysselsatte_kjonn_land","NULL","13","NULL"
"2013","NULL","1","2","prosent","46.9","sysselsatte_kjonn_land","NULL","13","NULL"
"2013","NULL","1","alle","personer","623","sysselsatte_kjonn_land","NULL","13","NULL"
"2013","NULL","1","alle","prosent","57.2","sysselsatte_kjonn_land","NULL","13","NULL"
"2013","NULL","alle","1","personer","778","sysselsatte_kjonn_land","NULL","13","NULL"
"2013","NULL","alle","1","prosent","68.7","sysselsatte_kjonn_land","NULL","13","NULL"
"2013","NULL","alle","2","personer","472","sysselsatte_kjonn_land","NULL","13","NULL"
"2013","NULL","alle","2","prosent","43.2","sysselsatte_kjonn_land","NULL","13","NULL"
"2013","NULL","alle","alle","personer","1250","sysselsatte_kjonn_land","NULL","13","NULL"
"2013","NULL","alle","alle","prosent","56.2","sysselsatte_kjonn_land","NULL","13","NULL"
"2013","NULL","0","1","personer","972","sysselsatte_kjonn_land","NULL","14","NULL"
"2013","NULL","0","1","prosent","79.6","sysselsatte_kjonn_land","NULL","14","NULL"
"2013","NULL","0","2","personer","575","sysselsatte_kjonn_land","NULL","14","NULL"
"2013","NULL","0","2","prosent","53.8","sysselsatte_kjonn_land","NULL","14","NULL"
"2013","NULL","0","alle","personer","1547","sysselsatte_kjonn_land","NULL","14","NULL"
"2013","NULL","0","alle","prosent","67.6","sysselsatte_kjonn_land","NULL","14","NULL"
"2013","NULL","1","1","personer","592","sysselsatte_kjonn_land","NULL","14","NULL"
"2013","NULL","1","1","prosent","71.7","sysselsatte_kjonn_land","NULL","14","NULL"
"2013","NULL","1","2","personer","636","sysselsatte_kjonn_land","NULL","14","NULL"
"2013","NULL","1","2","prosent","50.2","sysselsatte_kjonn_land","NULL","14","NULL"
"2013","NULL","1","alle","personer","1228","sysselsatte_kjonn_land","NULL","14","NULL"
"2013","NULL","1","alle","prosent","58.6","sysselsatte_kjonn_land","NULL","14","NULL"
"2013","NULL","alle","1","personer","1564","sysselsatte_kjonn_land","NULL","14","NULL"
"2013","NULL","alle","1","prosent","76.4","sysselsatte_kjonn_land","NULL","14","NULL"
"2013","NULL","alle","2","personer","1211","sysselsatte_kjonn_land","NULL","14","NULL"
"2013","NULL","alle","2","prosent","51.8","sysselsatte_kjonn_land","NULL","14","NULL"
"2013","NULL","alle","alle","personer","2775","sysselsatte_kjonn_land","NULL","14","NULL"
"2013","NULL","alle","alle","prosent","63.3","sysselsatte_kjonn_land","NULL","14","NULL"
"2013","NULL","0","1","personer","420","sysselsatte_kjonn_land","NULL","15","NULL"
"2013","NULL","0","1","prosent","77.9","sysselsatte_kjonn_land","NULL","15","NULL"
"2013","NULL","0","2","personer","190","sysselsatte_kjonn_land","NULL","15","NULL"
"2013","NULL","0","2","prosent","51.6","sysselsatte_kjonn_land","NULL","15","NULL"
"2013","NULL","0","alle","personer","610","sysselsatte_kjonn_land","NULL","15","NULL"
"2013","NULL","0","alle","prosent","67.3","sysselsatte_kjonn_land","NULL","15","NULL"
"2013","NULL","1","1","personer","241","sysselsatte_kjonn_land","NULL","15","NULL"
"2013","NULL","1","1","prosent","67.9","sysselsatte_kjonn_land","NULL","15","NULL"
"2013","NULL","1","2","personer","229","sysselsatte_kjonn_land","NULL","15","NULL"
"2013","NULL","1","2","prosent","49.2","sysselsatte_kjonn_land","NULL","15","NULL"
"2013","NULL","1","alle","personer","470","sysselsatte_kjonn_land","NULL","15","NULL"
"2013","NULL","1","alle","prosent","57.3","sysselsatte_kjonn_land","NULL","15","NULL"
"2013","NULL","alle","1","personer","661","sysselsatte_kjonn_land","NULL","15","NULL"
"2013","NULL","alle","1","prosent","73.9","sysselsatte_kjonn_land","NULL","15","NULL"
"2013","NULL","alle","2","personer","419","sysselsatte_kjonn_land","NULL","15","NULL"
"2013","NULL","alle","2","prosent","50.3","sysselsatte_kjonn_land","NULL","15","NULL"
"2013","NULL","alle","alle","personer","1080","sysselsatte_kjonn_land","NULL","15","NULL"
"2013","NULL","alle","alle","prosent","62.5","sysselsatte_kjonn_land","NULL","15","NULL"
"2013","NULL","0","1","personer","572","sysselsatte_kjonn_land","NULL","16","NULL"
"2013","NULL","0","1","prosent","76.4","sysselsatte_kjonn_land","NULL","16","NULL"
"2013","NULL","0","2","personer","378","sysselsatte_kjonn_land","NULL","16","NULL"
"2013","NULL","0","2","prosent","64","sysselsatte_kjonn_land","NULL","16","NULL"
"2013","NULL","0","alle","personer","950","sysselsatte_kjonn_land","NULL","16","NULL"
"2013","NULL","0","alle","prosent","70.9","sysselsatte_kjonn_land","NULL","16","NULL"
"2013","NULL","1","1","personer","418","sysselsatte_kjonn_land","NULL","16","NULL"
"2013","NULL","1","1","prosent","75.6","sysselsatte_kjonn_land","NULL","16","NULL"
"2013","NULL","1","2","personer","377","sysselsatte_kjonn_land","NULL","16","NULL"
"2013","NULL","1","2","prosent","55","sysselsatte_kjonn_land","NULL","16","NULL"
"2013","NULL","1","alle","personer","795","sysselsatte_kjonn_land","NULL","16","NULL"
"2013","NULL","1","alle","prosent","64.2","sysselsatte_kjonn_land","NULL","16","NULL"
"2013","NULL","alle","1","personer","990","sysselsatte_kjonn_land","NULL","16","NULL"
"2013","NULL","alle","1","prosent","76","sysselsatte_kjonn_land","NULL","16","NULL"
"2013","NULL","alle","2","personer","755","sysselsatte_kjonn_land","NULL","16","NULL"
"2013","NULL","alle","2","prosent","59.1","sysselsatte_kjonn_land","NULL","16","NULL"
"2013","NULL","alle","alle","personer","1745","sysselsatte_kjonn_land","NULL","16","NULL"
"2013","NULL","alle","alle","prosent","67.7","sysselsatte_kjonn_land","NULL","16","NULL"
"2013","NULL","0","1","personer","241","sysselsatte_kjonn_land","NULL","17","NULL"
"2013","NULL","0","1","prosent","80.9","sysselsatte_kjonn_land","NULL","17","NULL"
"2013","NULL","0","2","personer","38","sysselsatte_kjonn_land","NULL","17","NULL"
"2013","NULL","0","2","prosent","40.4","sysselsatte_kjonn_land","NULL","17","NULL"
"2013","NULL","0","alle","personer","279","sysselsatte_kjonn_land","NULL","17","NULL"
"2013","NULL","0","alle","prosent","71.2","sysselsatte_kjonn_land","NULL","17","NULL"
"2013","NULL","1","1","personer","142","sysselsatte_kjonn_land","NULL","17","NULL"
"2013","NULL","1","1","prosent","77.6","sysselsatte_kjonn_land","NULL","17","NULL"
"2013","NULL","1","2","personer","54","sysselsatte_kjonn_land","NULL","17","NULL"
"2013","NULL","1","2","prosent","42.2","sysselsatte_kjonn_land","NULL","17","NULL"
"2013","NULL","1","alle","personer","196","sysselsatte_kjonn_land","NULL","17","NULL"
"2013","NULL","1","alle","prosent","63","sysselsatte_kjonn_land","NULL","17","NULL"
"2013","NULL","alle","1","personer","383","sysselsatte_kjonn_land","NULL","17","NULL"
"2013","NULL","alle","1","prosent","79.6","sysselsatte_kjonn_land","NULL","17","NULL"
"2013","NULL","alle","2","personer","92","sysselsatte_kjonn_land","NULL","17","NULL"
"2013","NULL","alle","2","prosent","41.4","sysselsatte_kjonn_land","NULL","17","NULL"
"2013","NULL","alle","alle","personer","475","sysselsatte_kjonn_land","NULL","17","NULL"
"2013","NULL","alle","alle","prosent","67.6","sysselsatte_kjonn_land","NULL","17","NULL"
"2013","NULL","0","1","personer","215","sysselsatte_kjonn_land","NULL","18","NULL"
"2013","NULL","0","1","prosent","77.9","sysselsatte_kjonn_land","NULL","18","NULL"
"2013","NULL","0","2","personer","50","sysselsatte_kjonn_land","NULL","18","NULL"
"2013","NULL","0","2","prosent","31.4","sysselsatte_kjonn_land","NULL","18","NULL"
"2013","NULL","0","alle","personer","265","sysselsatte_kjonn_land","NULL","18","NULL"
"2013","NULL","0","alle","prosent","60.9","sysselsatte_kjonn_land","NULL","18","NULL"
"2013","NULL","1","1","personer","123","sysselsatte_kjonn_land","NULL","18","NULL"
"2013","NULL","1","1","prosent","69.5","sysselsatte_kjonn_land","NULL","18","NULL"
"2013","NULL","1","2","personer","97","sysselsatte_kjonn_land","NULL","18","NULL"
"2013","NULL","1","2","prosent","48.5","sysselsatte_kjonn_land","NULL","18","NULL"
"2013","NULL","1","alle","personer","220","sysselsatte_kjonn_land","NULL","18","NULL"
"2013","NULL","1","alle","prosent","58.4","sysselsatte_kjonn_land","NULL","18","NULL"
"2013","NULL","alle","1","personer","338","sysselsatte_kjonn_land","NULL","18","NULL"
"2013","NULL","alle","1","prosent","74.6","sysselsatte_kjonn_land","NULL","18","NULL"
"2013","NULL","alle","2","personer","147","sysselsatte_kjonn_land","NULL","18","NULL"
"2013","NULL","alle","2","prosent","40.9","sysselsatte_kjonn_land","NULL","18","NULL"
"2013","NULL","alle","alle","personer","485","sysselsatte_kjonn_land","NULL","18","NULL"
"2013","NULL","alle","alle","prosent","59.7","sysselsatte_kjonn_land","NULL","18","NULL"
"2013","NULL","0","1","personer","315","sysselsatte_kjonn_land","NULL","19","NULL"
"2013","NULL","0","1","prosent","74.3","sysselsatte_kjonn_land","NULL","19","NULL"
"2013","NULL","0","2","personer","78","sysselsatte_kjonn_land","NULL","19","NULL"
"2013","NULL","0","2","prosent","32.1","sysselsatte_kjonn_land","NULL","19","NULL"
"2013","NULL","0","alle","personer","393","sysselsatte_kjonn_land","NULL","19","NULL"
"2013","NULL","0","alle","prosent","58.9","sysselsatte_kjonn_land","NULL","19","NULL"
"2013","NULL","1","1","personer","242","sysselsatte_kjonn_land","NULL","19","NULL"
"2013","NULL","1","1","prosent","75.6","sysselsatte_kjonn_land","NULL","19","NULL"
"2013","NULL","1","2","personer","115","sysselsatte_kjonn_land","NULL","19","NULL"
"2013","NULL","1","2","prosent","54.8","sysselsatte_kjonn_land","NULL","19","NULL"
"2013","NULL","1","alle","personer","357","sysselsatte_kjonn_land","NULL","19","NULL"
"2013","NULL","1","alle","prosent","67.4","sysselsatte_kjonn_land","NULL","19","NULL"
"2013","NULL","alle","1","personer","557","sysselsatte_kjonn_land","NULL","19","NULL"
"2013","NULL","alle","1","prosent","74.9","sysselsatte_kjonn_land","NULL","19","NULL"
"2013","NULL","alle","2","personer","193","sysselsatte_kjonn_land","NULL","19","NULL"
"2013","NULL","alle","2","prosent","42.6","sysselsatte_kjonn_land","NULL","19","NULL"
"2013","NULL","alle","alle","personer","750","sysselsatte_kjonn_land","NULL","19","NULL"
"2013","NULL","alle","alle","prosent","62.7","sysselsatte_kjonn_land","NULL","19","NULL"
"2013","NULL","0","1","personer","5123","sysselsatte_kjonn_land","NULL","20","NULL"
"2013","NULL","0","1","prosent","81.2","sysselsatte_kjonn_land","NULL","20","NULL"
"2013","NULL","0","2","personer","3458","sysselsatte_kjonn_land","NULL","20","NULL"
"2013","NULL","0","2","prosent","63.9","sysselsatte_kjonn_land","NULL","20","NULL"
"2013","NULL","0","alle","personer","8581","sysselsatte_kjonn_land","NULL","20","NULL"
"2013","NULL","0","alle","prosent","73.2","sysselsatte_kjonn_land","NULL","20","NULL"
"2013","NULL","1","1","personer","2804","sysselsatte_kjonn_land","NULL","20","NULL"
"2013","NULL","1","1","prosent","71","sysselsatte_kjonn_land","NULL","20","NULL"
"2013","NULL","1","2","personer","3285","sysselsatte_kjonn_land","NULL","20","NULL"
"2013","NULL","1","2","prosent","51.5","sysselsatte_kjonn_land","NULL","20","NULL"
"2013","NULL","1","alle","personer","6089","sysselsatte_kjonn_land","NULL","20","NULL"
"2013","NULL","1","alle","prosent","58.9","sysselsatte_kjonn_land","NULL","20","NULL"
"2013","NULL","alle","1","personer","7927","sysselsatte_kjonn_land","NULL","20","NULL"
"2013","NULL","alle","1","prosent","77.3","sysselsatte_kjonn_land","NULL","20","NULL"
"2013","NULL","alle","2","personer","6743","sysselsatte_kjonn_land","NULL","20","NULL"
"2013","NULL","alle","2","prosent","57.2","sysselsatte_kjonn_land","NULL","20","NULL"
"2013","NULL","alle","alle","personer","14670","sysselsatte_kjonn_land","NULL","20","NULL"
"2013","NULL","alle","alle","prosent","66.5","sysselsatte_kjonn_land","NULL","20","NULL"
"2013","NULL","0","1","personer","630","sysselsatte_kjonn_land","NULL","21","NULL"
"2013","NULL","0","1","prosent","79.5","sysselsatte_kjonn_land","NULL","21","NULL"
"2013","NULL","0","2","personer","143","sysselsatte_kjonn_land","NULL","21","NULL"
"2013","NULL","0","2","prosent","53.2","sysselsatte_kjonn_land","NULL","21","NULL"
"2013","NULL","0","alle","personer","773","sysselsatte_kjonn_land","NULL","21","NULL"
"2013","NULL","0","alle","prosent","72.9","sysselsatte_kjonn_land","NULL","21","NULL"
"2013","NULL","1","1","personer","524","sysselsatte_kjonn_land","NULL","21","NULL"
"2013","NULL","1","1","prosent","80","sysselsatte_kjonn_land","NULL","21","NULL"
"2013","NULL","1","2","personer","200","sysselsatte_kjonn_land","NULL","21","NULL"
"2013","NULL","1","2","prosent","58.3","sysselsatte_kjonn_land","NULL","21","NULL"
"2013","NULL","1","alle","personer","724","sysselsatte_kjonn_land","NULL","21","NULL"
"2013","NULL","1","alle","prosent","72.5","sysselsatte_kjonn_land","NULL","21","NULL"
"2013","NULL","alle","1","personer","1154","sysselsatte_kjonn_land","NULL","21","NULL"
"2013","NULL","alle","1","prosent","79.8","sysselsatte_kjonn_land","NULL","21","NULL"
"2013","NULL","alle","2","personer","343","sysselsatte_kjonn_land","NULL","21","NULL"
"2013","NULL","alle","2","prosent","56","sysselsatte_kjonn_land","NULL","21","NULL"
"2013","NULL","alle","alle","personer","1497","sysselsatte_kjonn_land","NULL","21","NULL"
"2013","NULL","alle","alle","prosent","72.7","sysselsatte_kjonn_land","NULL","21","NULL"
"2013","NULL","0","1","personer","764","sysselsatte_kjonn_land","NULL","22","NULL"
"2013","NULL","0","1","prosent","83.6","sysselsatte_kjonn_land","NULL","22","NULL"
"2013","NULL","0","2","personer","478","sysselsatte_kjonn_land","NULL","22","NULL"
"2013","NULL","0","2","prosent","68.6","sysselsatte_kjonn_land","NULL","22","NULL"
"2013","NULL","0","alle","personer","1242","sysselsatte_kjonn_land","NULL","22","NULL"
"2013","NULL","0","alle","prosent","77.1","sysselsatte_kjonn_land","NULL","22","NULL"
"2013","NULL","1","1","personer","532","sysselsatte_kjonn_land","NULL","22","NULL"
"2013","NULL","1","1","prosent","75.2","sysselsatte_kjonn_land","NULL","22","NULL"
"2013","NULL","1","2","personer","459","sysselsatte_kjonn_land","NULL","22","NULL"
"2013","NULL","1","2","prosent","57.4","sysselsatte_kjonn_land","NULL","22","NULL"
"2013","NULL","1","alle","personer","991","sysselsatte_kjonn_land","NULL","22","NULL"
"2013","NULL","1","alle","prosent","65.8","sysselsatte_kjonn_land","NULL","22","NULL"
"2013","NULL","alle","1","personer","1296","sysselsatte_kjonn_land","NULL","22","NULL"
"2013","NULL","alle","1","prosent","80","sysselsatte_kjonn_land","NULL","22","NULL"
"2013","NULL","alle","2","personer","937","sysselsatte_kjonn_land","NULL","22","NULL"
"2013","NULL","alle","2","prosent","62.6","sysselsatte_kjonn_land","NULL","22","NULL"
"2013","NULL","alle","alle","personer","2233","sysselsatte_kjonn_land","NULL","22","NULL"
"2013","NULL","alle","alle","prosent","71.6","sysselsatte_kjonn_land","NULL","22","NULL"
"2013","NULL","0","1","personer","360","sysselsatte_kjonn_land","NULL","23","NULL"
"2013","NULL","0","1","prosent","80","sysselsatte_kjonn_land","NULL","23","NULL"
"2013","NULL","0","2","personer","101","sysselsatte_kjonn_land","NULL","23","NULL"
"2013","NULL","0","2","prosent","58.7","sysselsatte_kjonn_land","NULL","23","NULL"
"2013","NULL","0","alle","personer","461","sysselsatte_kjonn_land","NULL","23","NULL"
"2013","NULL","0","alle","prosent","74.1","sysselsatte_kjonn_land","NULL","23","NULL"
"2013","NULL","1","1","personer","209","sysselsatte_kjonn_land","NULL","23","NULL"
"2013","NULL","1","1","prosent","69.7","sysselsatte_kjonn_land","NULL","23","NULL"
"2013","NULL","1","2","personer","127","sysselsatte_kjonn_land","NULL","23","NULL"
"2013","NULL","1","2","prosent","47.9","sysselsatte_kjonn_land","NULL","23","NULL"
"2013","NULL","1","alle","personer","336","sysselsatte_kjonn_land","NULL","23","NULL"
"2013","NULL","1","alle","prosent","59.5","sysselsatte_kjonn_land","NULL","23","NULL"
"2013","NULL","alle","1","personer","569","sysselsatte_kjonn_land","NULL","23","NULL"
"2013","NULL","alle","1","prosent","75.9","sysselsatte_kjonn_land","NULL","23","NULL"
"2013","NULL","alle","2","personer","228","sysselsatte_kjonn_land","NULL","23","NULL"
"2013","NULL","alle","2","prosent","52.2","sysselsatte_kjonn_land","NULL","23","NULL"
"2013","NULL","alle","alle","personer","797","sysselsatte_kjonn_land","NULL","23","NULL"
"2013","NULL","alle","alle","prosent","67.1","sysselsatte_kjonn_land","NULL","23","NULL"
"2013","NULL","0","1","personer","781","sysselsatte_kjonn_land","NULL","24","NULL"
"2013","NULL","0","1","prosent","76.8","sysselsatte_kjonn_land","NULL","24","NULL"
"2013","NULL","0","2","personer","342","sysselsatte_kjonn_land","NULL","24","NULL"
"2013","NULL","0","2","prosent","60.6","sysselsatte_kjonn_land","NULL","24","NULL"
"2013","NULL","0","alle","personer","1123","sysselsatte_kjonn_land","NULL","24","NULL"
"2013","NULL","0","alle","prosent","71","sysselsatte_kjonn_land","NULL","24","NULL"
"2013","NULL","1","1","personer","487","sysselsatte_kjonn_land","NULL","24","NULL"
"2013","NULL","1","1","prosent","72.6","sysselsatte_kjonn_land","NULL","24","NULL"
"2013","NULL","1","2","personer","460","sysselsatte_kjonn_land","NULL","24","NULL"
"2013","NULL","1","2","prosent","56.1","sysselsatte_kjonn_land","NULL","24","NULL"
"2013","NULL","1","alle","personer","947","sysselsatte_kjonn_land","NULL","24","NULL"
"2013","NULL","1","alle","prosent","63.5","sysselsatte_kjonn_land","NULL","24","NULL"
"2013","NULL","alle","1","personer","1268","sysselsatte_kjonn_land","NULL","24","NULL"
"2013","NULL","alle","1","prosent","75.1","sysselsatte_kjonn_land","NULL","24","NULL"
"2013","NULL","alle","2","personer","802","sysselsatte_kjonn_land","NULL","24","NULL"
"2013","NULL","alle","2","prosent","57.9","sysselsatte_kjonn_land","NULL","24","NULL"
"2013","NULL","alle","alle","personer","2070","sysselsatte_kjonn_land","NULL","24","NULL"
"2013","NULL","alle","alle","prosent","67.4","sysselsatte_kjonn_land","NULL","24","NULL"
"2013","NULL","0","1","personer","2658","sysselsatte_kjonn_land","NULL","25","NULL"
"2013","NULL","0","1","prosent","79","sysselsatte_kjonn_land","NULL","25","NULL"
"2013","NULL","0","2","personer","1273","sysselsatte_kjonn_land","NULL","25","NULL"
"2013","NULL","0","2","prosent","59.9","sysselsatte_kjonn_land","NULL","25","NULL"
"2013","NULL","0","alle","personer","3931","sysselsatte_kjonn_land","NULL","25","NULL"
"2013","NULL","0","alle","prosent","71.6","sysselsatte_kjonn_land","NULL","25","NULL"
"2013","NULL","1","1","personer","1748","sysselsatte_kjonn_land","NULL","25","NULL"
"2013","NULL","1","1","prosent","71.2","sysselsatte_kjonn_land","NULL","25","NULL"
"2013","NULL","1","2","personer","1514","sysselsatte_kjonn_land","NULL","25","NULL"
"2013","NULL","1","2","prosent","53.8","sysselsatte_kjonn_land","NULL","25","NULL"
"2013","NULL","1","alle","personer","3262","sysselsatte_kjonn_land","NULL","25","NULL"
"2013","NULL","1","alle","prosent","61.9","sysselsatte_kjonn_land","NULL","25","NULL"
"2013","NULL","alle","1","personer","4406","sysselsatte_kjonn_land","NULL","25","NULL"
"2013","NULL","alle","1","prosent","75.7","sysselsatte_kjonn_land","NULL","25","NULL"
"2013","NULL","alle","2","personer","2787","sysselsatte_kjonn_land","NULL","25","NULL"
"2013","NULL","alle","2","prosent","56.5","sysselsatte_kjonn_land","NULL","25","NULL"
"2013","NULL","alle","alle","personer","7193","sysselsatte_kjonn_land","NULL","25","NULL"
"2013","NULL","alle","alle","prosent","66.9","sysselsatte_kjonn_land","NULL","25","NULL"
"2013","NULL","0","1","personer","1674","sysselsatte_kjonn_land","NULL","26","NULL"
"2013","NULL","0","1","prosent","79.5","sysselsatte_kjonn_land","NULL","26","NULL"
"2013","NULL","0","2","personer","1069","sysselsatte_kjonn_land","NULL","26","NULL"
"2013","NULL","0","2","prosent","58.9","sysselsatte_kjonn_land","NULL","26","NULL"
"2013","NULL","0","alle","personer","2743","sysselsatte_kjonn_land","NULL","26","NULL"
"2013","NULL","0","alle","prosent","70","sysselsatte_kjonn_land","NULL","26","NULL"
"2013","NULL","1","1","personer","1132","sysselsatte_kjonn_land","NULL","26","NULL"
"2013","NULL","1","1","prosent","71","sysselsatte_kjonn_land","NULL","26","NULL"
"2013","NULL","1","2","personer","1106","sysselsatte_kjonn_land","NULL","26","NULL"
"2013","NULL","1","2","prosent","49","sysselsatte_kjonn_land","NULL","26","NULL"
"2013","NULL","1","alle","personer","2238","sysselsatte_kjonn_land","NULL","26","NULL"
"2013","NULL","1","alle","prosent","58.1","sysselsatte_kjonn_land","NULL","26","NULL"
"2013","NULL","alle","1","personer","2806","sysselsatte_kjonn_land","NULL","26","NULL"
"2013","NULL","alle","1","prosent","75.8","sysselsatte_kjonn_land","NULL","26","NULL"
"2013","NULL","alle","2","personer","2175","sysselsatte_kjonn_land","NULL","26","NULL"
"2013","NULL","alle","2","prosent","53.4","sysselsatte_kjonn_land","NULL","26","NULL"
"2013","NULL","alle","alle","personer","4981","sysselsatte_kjonn_land","NULL","26","NULL"
"2013","NULL","alle","alle","prosent","64.1","sysselsatte_kjonn_land","NULL","26","NULL"
"2013","NULL","0","1","personer","1584","sysselsatte_kjonn_land","NULL","27","NULL"
"2013","NULL","0","1","prosent","75.2","sysselsatte_kjonn_land","NULL","27","NULL"
"2013","NULL","0","2","personer","1300","sysselsatte_kjonn_land","NULL","27","NULL"
"2013","NULL","0","2","prosent","51","sysselsatte_kjonn_land","NULL","27","NULL"
"2013","NULL","0","alle","personer","2884","sysselsatte_kjonn_land","NULL","27","NULL"
"2013","NULL","0","alle","prosent","61.9","sysselsatte_kjonn_land","NULL","27","NULL"
"2013","NULL","1","1","personer","984","sysselsatte_kjonn_land","NULL","27","NULL"
"2013","NULL","1","1","prosent","68.9","sysselsatte_kjonn_land","NULL","27","NULL"
"2013","NULL","1","2","personer","1524","sysselsatte_kjonn_land","NULL","27","NULL"
"2013","NULL","1","2","prosent","50.2","sysselsatte_kjonn_land","NULL","27","NULL"
"2013","NULL","1","alle","personer","2508","sysselsatte_kjonn_land","NULL","27","NULL"
"2013","NULL","1","alle","prosent","56.2","sysselsatte_kjonn_land","NULL","27","NULL"
"2013","NULL","alle","1","personer","2568","sysselsatte_kjonn_land","NULL","27","NULL"
"2013","NULL","alle","1","prosent","72.7","sysselsatte_kjonn_land","NULL","27","NULL"
"2013","NULL","alle","2","personer","2824","sysselsatte_kjonn_land","NULL","27","NULL"
"2013","NULL","alle","2","prosent","50.6","sysselsatte_kjonn_land","NULL","27","NULL"
"2013","NULL","alle","alle","personer","5392","sysselsatte_kjonn_land","NULL","27","NULL"
"2013","NULL","alle","alle","prosent","59.1","sysselsatte_kjonn_land","NULL","27","NULL"
"2013","NULL","0","1","personer","227","sysselsatte_kjonn_land","NULL","28","NULL"
"2013","NULL","0","1","prosent","67.6","sysselsatte_kjonn_land","NULL","28","NULL"
"2013","NULL","0","2","personer","114","sysselsatte_kjonn_land","NULL","28","NULL"
"2013","NULL","0","2","prosent","44.4","sysselsatte_kjonn_land","NULL","28","NULL"
"2013","NULL","0","alle","personer","341","sysselsatte_kjonn_land","NULL","28","NULL"
"2013","NULL","0","alle","prosent","57.5","sysselsatte_kjonn_land","NULL","28","NULL"
"2013","NULL","1","1","personer","195","sysselsatte_kjonn_land","NULL","28","NULL"
"2013","NULL","1","1","prosent","65.2","sysselsatte_kjonn_land","NULL","28","NULL"
"2013","NULL","1","2","personer","166","sysselsatte_kjonn_land","NULL","28","NULL"
"2013","NULL","1","2","prosent","48.3","sysselsatte_kjonn_land","NULL","28","NULL"
"2013","NULL","1","alle","personer","361","sysselsatte_kjonn_land","NULL","28","NULL"
"2013","NULL","1","alle","prosent","56.1","sysselsatte_kjonn_land","NULL","28","NULL"
"2013","NULL","alle","1","personer","422","sysselsatte_kjonn_land","NULL","28","NULL"
"2013","NULL","alle","1","prosent","66.5","sysselsatte_kjonn_land","NULL","28","NULL"
"2013","NULL","alle","2","personer","280","sysselsatte_kjonn_land","NULL","28","NULL"
"2013","NULL","alle","2","prosent","46.6","sysselsatte_kjonn_land","NULL","28","NULL"
"2013","NULL","alle","alle","personer","702","sysselsatte_kjonn_land","NULL","28","NULL"
"2013","NULL","alle","alle","prosent","56.8","sysselsatte_kjonn_land","NULL","28","NULL"
"2013","NULL","0","1","personer","285","sysselsatte_kjonn_land","NULL","29","NULL"
"2013","NULL","0","1","prosent","72.5","sysselsatte_kjonn_land","NULL","29","NULL"
"2013","NULL","0","2","personer","159","sysselsatte_kjonn_land","NULL","29","NULL"
"2013","NULL","0","2","prosent","52.1","sysselsatte_kjonn_land","NULL","29","NULL"
"2013","NULL","0","alle","personer","444","sysselsatte_kjonn_land","NULL","29","NULL"
"2013","NULL","0","alle","prosent","63.6","sysselsatte_kjonn_land","NULL","29","NULL"
"2013","NULL","1","1","personer","193","sysselsatte_kjonn_land","NULL","29","NULL"
"2013","NULL","1","1","prosent","69.9","sysselsatte_kjonn_land","NULL","29","NULL"
"2013","NULL","1","2","personer","182","sysselsatte_kjonn_land","NULL","29","NULL"
"2013","NULL","1","2","prosent","51.4","sysselsatte_kjonn_land","NULL","29","NULL"
"2013","NULL","1","alle","personer","375","sysselsatte_kjonn_land","NULL","29","NULL"
"2013","NULL","1","alle","prosent","59.5","sysselsatte_kjonn_land","NULL","29","NULL"
"2013","NULL","alle","1","personer","478","sysselsatte_kjonn_land","NULL","29","NULL"
"2013","NULL","alle","1","prosent","71.4","sysselsatte_kjonn_land","NULL","29","NULL"
"2013","NULL","alle","2","personer","341","sysselsatte_kjonn_land","NULL","29","NULL"
"2013","NULL","alle","2","prosent","51.7","sysselsatte_kjonn_land","NULL","29","NULL"
"2013","NULL","alle","alle","personer","819","sysselsatte_kjonn_land","NULL","29","NULL"
"2013","NULL","alle","alle","prosent","61.7","sysselsatte_kjonn_land","NULL","29","NULL"
"2013","NULL","0","1","personer","266","sysselsatte_kjonn_land","NULL","30","NULL"
"2013","NULL","0","1","prosent","82.4","sysselsatte_kjonn_land","NULL","30","NULL"
"2013","NULL","0","2","personer","48","sysselsatte_kjonn_land","NULL","30","NULL"
"2013","NULL","0","2","prosent","59.3","sysselsatte_kjonn_land","NULL","30","NULL"
"2013","NULL","0","alle","personer","314","sysselsatte_kjonn_land","NULL","30","NULL"
"2013","NULL","0","alle","prosent","77.7","sysselsatte_kjonn_land","NULL","30","NULL"
"2013","NULL","1","1","personer","199","sysselsatte_kjonn_land","NULL","30","NULL"
"2013","NULL","1","1","prosent","74.8","sysselsatte_kjonn_land","NULL","30","NULL"
"2013","NULL","1","2","personer","79","sysselsatte_kjonn_land","NULL","30","NULL"
"2013","NULL","1","2","prosent","59","sysselsatte_kjonn_land","NULL","30","NULL"
"2013","NULL","1","alle","personer","278","sysselsatte_kjonn_land","NULL","30","NULL"
"2013","NULL","1","alle","prosent","69.5","sysselsatte_kjonn_land","NULL","30","NULL"
"2013","NULL","alle","1","personer","465","sysselsatte_kjonn_land","NULL","30","NULL"
"2013","NULL","alle","1","prosent","78.9","sysselsatte_kjonn_land","NULL","30","NULL"
"2013","NULL","alle","2","personer","127","sysselsatte_kjonn_land","NULL","30","NULL"
"2013","NULL","alle","2","prosent","59.1","sysselsatte_kjonn_land","NULL","30","NULL"
"2013","NULL","alle","alle","personer","592","sysselsatte_kjonn_land","NULL","30","NULL"
"2013","NULL","alle","alle","prosent","73.6","sysselsatte_kjonn_land","NULL","30","NULL"
"2013","NULL","0","1","personer","127","sysselsatte_kjonn_land","NULL","31","NULL"
"2013","NULL","0","1","prosent","81.4","sysselsatte_kjonn_land","NULL","31","NULL"
"2013","NULL","0","2","personer","68","sysselsatte_kjonn_land","NULL","31","NULL"
"2013","NULL","0","2","prosent","58.6","sysselsatte_kjonn_land","NULL","31","NULL"
"2013","NULL","0","alle","personer","195","sysselsatte_kjonn_land","NULL","31","NULL"
"2013","NULL","0","alle","prosent","71.7","sysselsatte_kjonn_land","NULL","31","NULL"
"2013","NULL","1","1","personer","74","sysselsatte_kjonn_land","NULL","31","NULL"
"2013","NULL","1","1","prosent","74.7","sysselsatte_kjonn_land","NULL","31","NULL"
"2013","NULL","1","2","personer","71","sysselsatte_kjonn_land","NULL","31","NULL"
"2013","NULL","1","2","prosent","50.7","sysselsatte_kjonn_land","NULL","31","NULL"
"2013","NULL","1","alle","personer","145","sysselsatte_kjonn_land","NULL","31","NULL"
"2013","NULL","1","alle","prosent","60.7","sysselsatte_kjonn_land","NULL","31","NULL"
"2013","NULL","alle","1","personer","201","sysselsatte_kjonn_land","NULL","31","NULL"
"2013","NULL","alle","1","prosent","78.8","sysselsatte_kjonn_land","NULL","31","NULL"
"2013","NULL","alle","2","personer","139","sysselsatte_kjonn_land","NULL","31","NULL"
"2013","NULL","alle","2","prosent","54.3","sysselsatte_kjonn_land","NULL","31","NULL"
"2013","NULL","alle","alle","personer","340","sysselsatte_kjonn_land","NULL","31","NULL"
"2013","NULL","alle","alle","prosent","66.5","sysselsatte_kjonn_land","NULL","31","NULL"
"2013","NULL","0","1","personer","1589","sysselsatte_kjonn_land","NULL","32","NULL"
"2013","NULL","0","1","prosent","74.7","sysselsatte_kjonn_land","NULL","32","NULL"
"2013","NULL","0","2","personer","781","sysselsatte_kjonn_land","NULL","32","NULL"
"2013","NULL","0","2","prosent","54.2","sysselsatte_kjonn_land","NULL","32","NULL"
"2013","NULL","0","alle","personer","2370","sysselsatte_kjonn_land","NULL","32","NULL"
"2013","NULL","0","alle","prosent","66.4","sysselsatte_kjonn_land","NULL","32","NULL"
"2013","NULL","1","1","personer","1055","sysselsatte_kjonn_land","NULL","32","NULL"
"2013","NULL","1","1","prosent","68.5","sysselsatte_kjonn_land","NULL","32","NULL"
"2013","NULL","1","2","personer","822","sysselsatte_kjonn_land","NULL","32","NULL"
"2013","NULL","1","2","prosent","47.4","sysselsatte_kjonn_land","NULL","32","NULL"
"2013","NULL","1","alle","personer","1877","sysselsatte_kjonn_land","NULL","32","NULL"
"2013","NULL","1","alle","prosent","57.3","sysselsatte_kjonn_land","NULL","32","NULL"
"2013","NULL","alle","1","personer","2644","sysselsatte_kjonn_land","NULL","32","NULL"
"2013","NULL","alle","1","prosent","72.1","sysselsatte_kjonn_land","NULL","32","NULL"
"2013","NULL","alle","2","personer","1603","sysselsatte_kjonn_land","NULL","32","NULL"
"2013","NULL","alle","2","prosent","50.5","sysselsatte_kjonn_land","NULL","32","NULL"
"2013","NULL","alle","alle","personer","4247","sysselsatte_kjonn_land","NULL","32","NULL"
"2013","NULL","alle","alle","prosent","62.1","sysselsatte_kjonn_land","NULL","32","NULL"
"2013","NULL","0","1","personer","578","sysselsatte_kjonn_land","NULL","33","NULL"
"2013","NULL","0","1","prosent","80.5","sysselsatte_kjonn_land","NULL","33","NULL"
"2013","NULL","0","2","personer","239","sysselsatte_kjonn_land","NULL","33","NULL"
"2013","NULL","0","2","prosent","58","sysselsatte_kjonn_land","NULL","33","NULL"
"2013","NULL","0","alle","personer","817","sysselsatte_kjonn_land","NULL","33","NULL"
"2013","NULL","0","alle","prosent","72.3","sysselsatte_kjonn_land","NULL","33","NULL"
"2013","NULL","1","1","personer","415","sysselsatte_kjonn_land","NULL","33","NULL"
"2013","NULL","1","1","prosent","71.7","sysselsatte_kjonn_land","NULL","33","NULL"
"2013","NULL","1","2","personer","324","sysselsatte_kjonn_land","NULL","33","NULL"
"2013","NULL","1","2","prosent","53.7","sysselsatte_kjonn_land","NULL","33","NULL"
"2013","NULL","1","alle","personer","739","sysselsatte_kjonn_land","NULL","33","NULL"
"2013","NULL","1","alle","prosent","62.5","sysselsatte_kjonn_land","NULL","33","NULL"
"2013","NULL","alle","1","personer","993","sysselsatte_kjonn_land","NULL","33","NULL"
"2013","NULL","alle","1","prosent","76.6","sysselsatte_kjonn_land","NULL","33","NULL"
"2013","NULL","alle","2","personer","563","sysselsatte_kjonn_land","NULL","33","NULL"
"2013","NULL","alle","2","prosent","55.5","sysselsatte_kjonn_land","NULL","33","NULL"
"2013","NULL","alle","alle","personer","1556","sysselsatte_kjonn_land","NULL","33","NULL"
"2013","NULL","alle","alle","prosent","67.3","sysselsatte_kjonn_land","NULL","33","NULL"
"2013","NULL","0","1","personer","445","sysselsatte_kjonn_land","NULL","34","NULL"
"2013","NULL","0","1","prosent","80.6","sysselsatte_kjonn_land","NULL","34","NULL"
"2013","NULL","0","2","personer","138","sysselsatte_kjonn_land","NULL","34","NULL"
"2013","NULL","0","2","prosent","43.9","sysselsatte_kjonn_land","NULL","34","NULL"
"2013","NULL","0","alle","personer","583","sysselsatte_kjonn_land","NULL","34","NULL"
"2013","NULL","0","alle","prosent","67.3","sysselsatte_kjonn_land","NULL","34","NULL"
"2013","NULL","1","1","personer","253","sysselsatte_kjonn_land","NULL","34","NULL"
"2013","NULL","1","1","prosent","65.5","sysselsatte_kjonn_land","NULL","34","NULL"
"2013","NULL","1","2","personer","218","sysselsatte_kjonn_land","NULL","34","NULL"
"2013","NULL","1","2","prosent","44.8","sysselsatte_kjonn_land","NULL","34","NULL"
"2013","NULL","1","alle","personer","471","sysselsatte_kjonn_land","NULL","34","NULL"
"2013","NULL","1","alle","prosent","54","sysselsatte_kjonn_land","NULL","34","NULL"
"2013","NULL","alle","1","personer","698","sysselsatte_kjonn_land","NULL","34","NULL"
"2013","NULL","alle","1","prosent","74.4","sysselsatte_kjonn_land","NULL","34","NULL"
"2013","NULL","alle","2","personer","356","sysselsatte_kjonn_land","NULL","34","NULL"
"2013","NULL","alle","2","prosent","44.4","sysselsatte_kjonn_land","NULL","34","NULL"
"2013","NULL","alle","alle","personer","1054","sysselsatte_kjonn_land","NULL","34","NULL"
"2013","NULL","alle","alle","prosent","60.6","sysselsatte_kjonn_land","NULL","34","NULL"
"2013","NULL","0","1","personer","2270","sysselsatte_kjonn_land","NULL","35","NULL"
"2013","NULL","0","1","prosent","78","sysselsatte_kjonn_land","NULL","35","NULL"
"2013","NULL","0","2","personer","2129","sysselsatte_kjonn_land","NULL","35","NULL"
"2013","NULL","0","2","prosent","61.2","sysselsatte_kjonn_land","NULL","35","NULL"
"2013","NULL","0","alle","personer","4399","sysselsatte_kjonn_land","NULL","35","NULL"
"2013","NULL","0","alle","prosent","68.8","sysselsatte_kjonn_land","NULL","35","NULL"
"2013","NULL","1","1","personer","1391","sysselsatte_kjonn_land","NULL","35","NULL"
"2013","NULL","1","1","prosent","70.5","sysselsatte_kjonn_land","NULL","35","NULL"
"2013","NULL","1","2","personer","1961","sysselsatte_kjonn_land","NULL","35","NULL"
"2013","NULL","1","2","prosent","51.4","sysselsatte_kjonn_land","NULL","35","NULL"
"2013","NULL","1","alle","personer","3352","sysselsatte_kjonn_land","NULL","35","NULL"
"2013","NULL","1","alle","prosent","57.9","sysselsatte_kjonn_land","NULL","35","NULL"
"2013","NULL","alle","1","personer","3661","sysselsatte_kjonn_land","NULL","35","NULL"
"2013","NULL","alle","1","prosent","75","sysselsatte_kjonn_land","NULL","35","NULL"
"2013","NULL","alle","2","personer","4090","sysselsatte_kjonn_land","NULL","35","NULL"
"2013","NULL","alle","2","prosent","56.1","sysselsatte_kjonn_land","NULL","35","NULL"
"2013","NULL","alle","alle","personer","7751","sysselsatte_kjonn_land","NULL","35","NULL"
"2013","NULL","alle","alle","prosent","63.7","sysselsatte_kjonn_land","NULL","35","NULL"
"2013","NULL","0","1","personer","542","sysselsatte_kjonn_land","NULL","36","NULL"
"2013","NULL","0","1","prosent","82.5","sysselsatte_kjonn_land","NULL","36","NULL"
"2013","NULL","0","2","personer","210","sysselsatte_kjonn_land","NULL","36","NULL"
"2013","NULL","0","2","prosent","74.2","sysselsatte_kjonn_land","NULL","36","NULL"
"2013","NULL","0","alle","personer","752","sysselsatte_kjonn_land","NULL","36","NULL"
"2013","NULL","0","alle","prosent","80","sysselsatte_kjonn_land","NULL","36","NULL"
"2013","NULL","1","1","personer","258","sysselsatte_kjonn_land","NULL","36","NULL"
"2013","NULL","1","1","prosent","69.2","sysselsatte_kjonn_land","NULL","36","NULL"
"2013","NULL","1","2","personer","246","sysselsatte_kjonn_land","NULL","36","NULL"
"2013","NULL","1","2","prosent","58.9","sysselsatte_kjonn_land","NULL","36","NULL"
"2013","NULL","1","alle","personer","504","sysselsatte_kjonn_land","NULL","36","NULL"
"2013","NULL","1","alle","prosent","63.7","sysselsatte_kjonn_land","NULL","36","NULL"
"2013","NULL","alle","1","personer","800","sysselsatte_kjonn_land","NULL","36","NULL"
"2013","NULL","alle","1","prosent","77.7","sysselsatte_kjonn_land","NULL","36","NULL"
"2013","NULL","alle","2","personer","456","sysselsatte_kjonn_land","NULL","36","NULL"
"2013","NULL","alle","2","prosent","65","sysselsatte_kjonn_land","NULL","36","NULL"
"2013","NULL","alle","alle","personer","1256","sysselsatte_kjonn_land","NULL","36","NULL"
"2013","NULL","alle","alle","prosent","72.6","sysselsatte_kjonn_land","NULL","36","NULL"
"2013","NULL","0","1","personer","2728","sysselsatte_kjonn_land","NULL","37","NULL"
"2013","NULL","0","1","prosent","79.2","sysselsatte_kjonn_land","NULL","37","NULL"
"2013","NULL","0","2","personer","908","sysselsatte_kjonn_land","NULL","37","NULL"
"2013","NULL","0","2","prosent","65.2","sysselsatte_kjonn_land","NULL","37","NULL"
"2013","NULL","0","alle","personer","3636","sysselsatte_kjonn_land","NULL","37","NULL"
"2013","NULL","0","alle","prosent","75.2","sysselsatte_kjonn_land","NULL","37","NULL"
"2013","NULL","1","1","personer","1200","sysselsatte_kjonn_land","NULL","37","NULL"
"2013","NULL","1","1","prosent","66.6","sysselsatte_kjonn_land","NULL","37","NULL"
"2013","NULL","1","2","personer","1056","sysselsatte_kjonn_land","NULL","37","NULL"
"2013","NULL","1","2","prosent","52.1","sysselsatte_kjonn_land","NULL","37","NULL"
"2013","NULL","1","alle","personer","2256","sysselsatte_kjonn_land","NULL","37","NULL"
"2013","NULL","1","alle","prosent","58.9","sysselsatte_kjonn_land","NULL","37","NULL"
"2013","NULL","alle","1","personer","3928","sysselsatte_kjonn_land","NULL","37","NULL"
"2013","NULL","alle","1","prosent","74.8","sysselsatte_kjonn_land","NULL","37","NULL"
"2013","NULL","alle","2","personer","1964","sysselsatte_kjonn_land","NULL","37","NULL"
"2013","NULL","alle","2","prosent","57.4","sysselsatte_kjonn_land","NULL","37","NULL"
"2013","NULL","alle","alle","personer","5892","sysselsatte_kjonn_land","NULL","37","NULL"
"2013","NULL","alle","alle","prosent","68","sysselsatte_kjonn_land","NULL","37","NULL"
"2013","NULL","0","1","personer","607","sysselsatte_kjonn_land","NULL","38","NULL"
"2013","NULL","0","1","prosent","87.6","sysselsatte_kjonn_land","NULL","38","NULL"
"2013","NULL","0","2","personer","153","sysselsatte_kjonn_land","NULL","38","NULL"
"2013","NULL","0","2","prosent","64.6","sysselsatte_kjonn_land","NULL","38","NULL"
"2013","NULL","0","alle","personer","760","sysselsatte_kjonn_land","NULL","38","NULL"
"2013","NULL","0","alle","prosent","81.7","sysselsatte_kjonn_land","NULL","38","NULL"
"2013","NULL","1","1","personer","375","sysselsatte_kjonn_land","NULL","38","NULL"
"2013","NULL","1","1","prosent","76.2","sysselsatte_kjonn_land","NULL","38","NULL"
"2013","NULL","1","2","personer","223","sysselsatte_kjonn_land","NULL","38","NULL"
"2013","NULL","1","2","prosent","60.3","sysselsatte_kjonn_land","NULL","38","NULL"
"2013","NULL","1","alle","personer","598","sysselsatte_kjonn_land","NULL","38","NULL"
"2013","NULL","1","alle","prosent","69.4","sysselsatte_kjonn_land","NULL","38","NULL"
"2013","NULL","alle","1","personer","982","sysselsatte_kjonn_land","NULL","38","NULL"
"2013","NULL","alle","1","prosent","82.9","sysselsatte_kjonn_land","NULL","38","NULL"
"2013","NULL","alle","2","personer","376","sysselsatte_kjonn_land","NULL","38","NULL"
"2013","NULL","alle","2","prosent","61.9","sysselsatte_kjonn_land","NULL","38","NULL"
"2013","NULL","alle","alle","personer","1358","sysselsatte_kjonn_land","NULL","38","NULL"
"2013","NULL","alle","alle","prosent","75.8","sysselsatte_kjonn_land","NULL","38","NULL"
"2013","NULL","0","1","personer","11459","sysselsatte_kjonn_land","NULL","39","NULL"
"2013","NULL","0","1","prosent","85.5","sysselsatte_kjonn_land","NULL","39","NULL"
"2013","NULL","0","2","personer","6242","sysselsatte_kjonn_land","NULL","39","NULL"
"2013","NULL","0","2","prosent","72.9","sysselsatte_kjonn_land","NULL","39","NULL"
"2013","NULL","0","alle","personer","17701","sysselsatte_kjonn_land","NULL","39","NULL"
"2013","NULL","0","alle","prosent","80.6","sysselsatte_kjonn_land","NULL","39","NULL"
"2013","NULL","1","1","personer","5983","sysselsatte_kjonn_land","NULL","39","NULL"
"2013","NULL","1","1","prosent","73.2","sysselsatte_kjonn_land","NULL","39","NULL"
"2013","NULL","1","2","personer","5537","sysselsatte_kjonn_land","NULL","39","NULL"
"2013","NULL","1","2","prosent","57.8","sysselsatte_kjonn_land","NULL","39","NULL"
"2013","NULL","1","alle","personer","11520","sysselsatte_kjonn_land","NULL","39","NULL"
"2013","NULL","1","alle","prosent","64.9","sysselsatte_kjonn_land","NULL","39","NULL"
"2013","NULL","alle","1","personer","17442","sysselsatte_kjonn_land","NULL","39","NULL"
"2013","NULL","alle","1","prosent","80.8","sysselsatte_kjonn_land","NULL","39","NULL"
"2013","NULL","alle","2","personer","11779","sysselsatte_kjonn_land","NULL","39","NULL"
"2013","NULL","alle","2","prosent","64.9","sysselsatte_kjonn_land","NULL","39","NULL"
"2013","NULL","alle","alle","personer","29221","sysselsatte_kjonn_land","NULL","39","NULL"
"2013","NULL","alle","alle","prosent","73.6","sysselsatte_kjonn_land","NULL","39","NULL"
"2013","NULL","0","1","personer","7672","sysselsatte_kjonn_land","NULL","40","NULL"
"2013","NULL","0","1","prosent","79","sysselsatte_kjonn_land","NULL","40","NULL"
"2013","NULL","0","2","personer","4735","sysselsatte_kjonn_land","NULL","40","NULL"
"2013","NULL","0","2","prosent","64.5","sysselsatte_kjonn_land","NULL","40","NULL"
"2013","NULL","0","alle","personer","12407","sysselsatte_kjonn_land","NULL","40","NULL"
"2013","NULL","0","alle","prosent","72.8","sysselsatte_kjonn_land","NULL","40","NULL"
"2013","NULL","1","1","personer","4101","sysselsatte_kjonn_land","NULL","40","NULL"
"2013","NULL","1","1","prosent","69.9","sysselsatte_kjonn_land","NULL","40","NULL"
"2013","NULL","1","2","personer","4254","sysselsatte_kjonn_land","NULL","40","NULL"
"2013","NULL","1","2","prosent","54.4","sysselsatte_kjonn_land","NULL","40","NULL"
"2013","NULL","1","alle","personer","8355","sysselsatte_kjonn_land","NULL","40","NULL"
"2013","NULL","1","alle","prosent","61.1","sysselsatte_kjonn_land","NULL","40","NULL"
"2013","NULL","alle","1","personer","11773","sysselsatte_kjonn_land","NULL","40","NULL"
"2013","NULL","alle","1","prosent","75.6","sysselsatte_kjonn_land","NULL","40","NULL"
"2013","NULL","alle","2","personer","8989","sysselsatte_kjonn_land","NULL","40","NULL"
"2013","NULL","alle","2","prosent","59.3","sysselsatte_kjonn_land","NULL","40","NULL"
"2013","NULL","alle","alle","personer","20762","sysselsatte_kjonn_land","NULL","40","NULL"
"2013","NULL","alle","alle","prosent","67.6","sysselsatte_kjonn_land","NULL","40","NULL"
"2013","NULL","0","1","personer","632","sysselsatte_kjonn_land","NULL","41","NULL"
"2013","NULL","0","1","prosent","82.2","sysselsatte_kjonn_land","NULL","41","NULL"
"2013","NULL","0","2","personer","114","sysselsatte_kjonn_land","NULL","41","NULL"
"2013","NULL","0","2","prosent","67.5","sysselsatte_kjonn_land","NULL","41","NULL"
"2013","NULL","0","alle","personer","746","sysselsatte_kjonn_land","NULL","41","NULL"
"2013","NULL","0","alle","prosent","79.5","sysselsatte_kjonn_land","NULL","41","NULL"
"2013","NULL","1","1","personer","305","sysselsatte_kjonn_land","NULL","41","NULL"
"2013","NULL","1","1","prosent","65.7","sysselsatte_kjonn_land","NULL","41","NULL"
"2013","NULL","1","2","personer","214","sysselsatte_kjonn_land","NULL","41","NULL"
"2013","NULL","1","2","prosent","59.6","sysselsatte_kjonn_land","NULL","41","NULL"
"2013","NULL","1","alle","personer","519","sysselsatte_kjonn_land","NULL","41","NULL"
"2013","NULL","1","alle","prosent","63.1","sysselsatte_kjonn_land","NULL","41","NULL"
"2013","NULL","alle","1","personer","937","sysselsatte_kjonn_land","NULL","41","NULL"
"2013","NULL","alle","1","prosent","76","sysselsatte_kjonn_land","NULL","41","NULL"
"2013","NULL","alle","2","personer","328","sysselsatte_kjonn_land","NULL","41","NULL"
"2013","NULL","alle","2","prosent","62.1","sysselsatte_kjonn_land","NULL","41","NULL"
"2013","NULL","alle","alle","personer","1265","sysselsatte_kjonn_land","NULL","41","NULL"
"2013","NULL","alle","alle","prosent","71.8","sysselsatte_kjonn_land","NULL","41","NULL"
"2013","NULL","0","1","personer","451","sysselsatte_kjonn_land","NULL","42","NULL"
"2013","NULL","0","1","prosent","77.8","sysselsatte_kjonn_land","NULL","42","NULL"
"2013","NULL","0","2","personer","138","sysselsatte_kjonn_land","NULL","42","NULL"
"2013","NULL","0","2","prosent","50.7","sysselsatte_kjonn_land","NULL","42","NULL"
"2013","NULL","0","alle","personer","589","sysselsatte_kjonn_land","NULL","42","NULL"
"2013","NULL","0","alle","prosent","69.1","sysselsatte_kjonn_land","NULL","42","NULL"
"2013","NULL","1","1","personer","317","sysselsatte_kjonn_land","NULL","42","NULL"
"2013","NULL","1","1","prosent","78.5","sysselsatte_kjonn_land","NULL","42","NULL"
"2013","NULL","1","2","personer","223","sysselsatte_kjonn_land","NULL","42","NULL"
"2013","NULL","1","2","prosent","62.1","sysselsatte_kjonn_land","NULL","42","NULL"
"2013","NULL","1","alle","personer","540","sysselsatte_kjonn_land","NULL","42","NULL"
"2013","NULL","1","alle","prosent","70.8","sysselsatte_kjonn_land","NULL","42","NULL"
"2013","NULL","alle","1","personer","768","sysselsatte_kjonn_land","NULL","42","NULL"
"2013","NULL","alle","1","prosent","78","sysselsatte_kjonn_land","NULL","42","NULL"
"2013","NULL","alle","2","personer","361","sysselsatte_kjonn_land","NULL","42","NULL"
"2013","NULL","alle","2","prosent","57.2","sysselsatte_kjonn_land","NULL","42","NULL"
"2013","NULL","alle","alle","personer","1129","sysselsatte_kjonn_land","NULL","42","NULL"
"2013","NULL","alle","alle","prosent","69.9","sysselsatte_kjonn_land","NULL","42","NULL"
"2013","NULL","0","1","personer","205","sysselsatte_kjonn_land","NULL","43","NULL"
"2013","NULL","0","1","prosent","81","sysselsatte_kjonn_land","NULL","43","NULL"
"2013","NULL","0","2","personer","69","sysselsatte_kjonn_land","NULL","43","NULL"
"2013","NULL","0","2","prosent","46.3","sysselsatte_kjonn_land","NULL","43","NULL"
"2013","NULL","0","alle","personer","274","sysselsatte_kjonn_land","NULL","43","NULL"
"2013","NULL","0","alle","prosent","68.2","sysselsatte_kjonn_land","NULL","43","NULL"
"2013","NULL","1","1","personer","124","sysselsatte_kjonn_land","NULL","43","NULL"
"2013","NULL","1","1","prosent","79","sysselsatte_kjonn_land","NULL","43","NULL"
"2013","NULL","1","2","personer","83","sysselsatte_kjonn_land","NULL","43","NULL"
"2013","NULL","1","2","prosent","51.6","sysselsatte_kjonn_land","NULL","43","NULL"
"2013","NULL","1","alle","personer","207","sysselsatte_kjonn_land","NULL","43","NULL"
"2013","NULL","1","alle","prosent","65.1","sysselsatte_kjonn_land","NULL","43","NULL"
"2013","NULL","alle","1","personer","329","sysselsatte_kjonn_land","NULL","43","NULL"
"2013","NULL","alle","1","prosent","80.2","sysselsatte_kjonn_land","NULL","43","NULL"
"2013","NULL","alle","2","personer","152","sysselsatte_kjonn_land","NULL","43","NULL"
"2013","NULL","alle","2","prosent","49","sysselsatte_kjonn_land","NULL","43","NULL"
"2013","NULL","alle","alle","personer","481","sysselsatte_kjonn_land","NULL","43","NULL"
"2013","NULL","alle","alle","prosent","66.8","sysselsatte_kjonn_land","NULL","43","NULL"
"2013","NULL","0","1","personer","765","sysselsatte_kjonn_land","NULL","44","NULL"
"2013","NULL","0","1","prosent","83.6","sysselsatte_kjonn_land","NULL","44","NULL"
"2013","NULL","0","2","personer","125","sysselsatte_kjonn_land","NULL","44","NULL"
"2013","NULL","0","2","prosent","63.5","sysselsatte_kjonn_land","NULL","44","NULL"
"2013","NULL","0","alle","personer","890","sysselsatte_kjonn_land","NULL","44","NULL"
"2013","NULL","0","alle","prosent","80","sysselsatte_kjonn_land","NULL","44","NULL"
"2013","NULL","1","1","personer","357","sysselsatte_kjonn_land","NULL","44","NULL"
"2013","NULL","1","1","prosent","69.5","sysselsatte_kjonn_land","NULL","44","NULL"
"2013","NULL","1","2","personer","238","sysselsatte_kjonn_land","NULL","44","NULL"
"2013","NULL","1","2","prosent","60.1","sysselsatte_kjonn_land","NULL","44","NULL"
"2013","NULL","1","alle","personer","595","sysselsatte_kjonn_land","NULL","44","NULL"
"2013","NULL","1","alle","prosent","65.4","sysselsatte_kjonn_land","NULL","44","NULL"
"2013","NULL","alle","1","personer","1122","sysselsatte_kjonn_land","NULL","44","NULL"
"2013","NULL","alle","1","prosent","78.5","sysselsatte_kjonn_land","NULL","44","NULL"
"2013","NULL","alle","2","personer","363","sysselsatte_kjonn_land","NULL","44","NULL"
"2013","NULL","alle","2","prosent","61.2","sysselsatte_kjonn_land","NULL","44","NULL"
"2013","NULL","alle","alle","personer","1485","sysselsatte_kjonn_land","NULL","44","NULL"
"2013","NULL","alle","alle","prosent","73.4","sysselsatte_kjonn_land","NULL","44","NULL"
"2013","NULL","0","1","personer","252","sysselsatte_kjonn_land","NULL","45","NULL"
"2013","NULL","0","1","prosent","81","sysselsatte_kjonn_land","NULL","45","NULL"
"2013","NULL","0","2","personer","37","sysselsatte_kjonn_land","NULL","45","NULL"
"2013","NULL","0","2","prosent","56.9","sysselsatte_kjonn_land","NULL","45","NULL"
"2013","NULL","0","alle","personer","289","sysselsatte_kjonn_land","NULL","45","NULL"
"2013","NULL","0","alle","prosent","76.9","sysselsatte_kjonn_land","NULL","45","NULL"
"2013","NULL","1","1","personer","125","sysselsatte_kjonn_land","NULL","45","NULL"
"2013","NULL","1","1","prosent","64.4","sysselsatte_kjonn_land","NULL","45","NULL"
"2013","NULL","1","2","personer","77","sysselsatte_kjonn_land","NULL","45","NULL"
"2013","NULL","1","2","prosent","60.6","sysselsatte_kjonn_land","NULL","45","NULL"
"2013","NULL","1","alle","personer","202","sysselsatte_kjonn_land","NULL","45","NULL"
"2013","NULL","1","alle","prosent","62.9","sysselsatte_kjonn_land","NULL","45","NULL"
"2013","NULL","alle","1","personer","377","sysselsatte_kjonn_land","NULL","45","NULL"
"2013","NULL","alle","1","prosent","74.7","sysselsatte_kjonn_land","NULL","45","NULL"
"2013","NULL","alle","2","personer","114","sysselsatte_kjonn_land","NULL","45","NULL"
"2013","NULL","alle","2","prosent","59.4","sysselsatte_kjonn_land","NULL","45","NULL"
"2013","NULL","alle","alle","personer","491","sysselsatte_kjonn_land","NULL","45","NULL"
"2013","NULL","alle","alle","prosent","70.4","sysselsatte_kjonn_land","NULL","45","NULL"
"2013","NULL","0","1","personer","1407","sysselsatte_kjonn_land","NULL","46","NULL"
"2013","NULL","0","1","prosent","80.5","sysselsatte_kjonn_land","NULL","46","NULL"
"2013","NULL","0","2","personer","402","sysselsatte_kjonn_land","NULL","46","NULL"
"2013","NULL","0","2","prosent","66.2","sysselsatte_kjonn_land","NULL","46","NULL"
"2013","NULL","0","alle","personer","1809","sysselsatte_kjonn_land","NULL","46","NULL"
"2013","NULL","0","alle","prosent","76.8","sysselsatte_kjonn_land","NULL","46","NULL"
"2013","NULL","1","1","personer","730","sysselsatte_kjonn_land","NULL","46","NULL"
"2013","NULL","1","1","prosent","70.7","sysselsatte_kjonn_land","NULL","46","NULL"
"2013","NULL","1","2","personer","501","sysselsatte_kjonn_land","NULL","46","NULL"
"2013","NULL","1","2","prosent","55.4","sysselsatte_kjonn_land","NULL","46","NULL"
"2013","NULL","1","alle","personer","1231","sysselsatte_kjonn_land","NULL","46","NULL"
"2013","NULL","1","alle","prosent","63.6","sysselsatte_kjonn_land","NULL","46","NULL"
"2013","NULL","alle","1","personer","2137","sysselsatte_kjonn_land","NULL","46","NULL"
"2013","NULL","alle","1","prosent","76.9","sysselsatte_kjonn_land","NULL","46","NULL"
"2013","NULL","alle","2","personer","903","sysselsatte_kjonn_land","NULL","46","NULL"
"2013","NULL","alle","2","prosent","59.7","sysselsatte_kjonn_land","NULL","46","NULL"
"2013","NULL","alle","alle","personer","3040","sysselsatte_kjonn_land","NULL","46","NULL"
"2013","NULL","alle","alle","prosent","70.8","sysselsatte_kjonn_land","NULL","46","NULL"
"2013","NULL","0","1","personer","1289","sysselsatte_kjonn_land","NULL","47","NULL"
"2013","NULL","0","1","prosent","81.7","sysselsatte_kjonn_land","NULL","47","NULL"
"2013","NULL","0","2","personer","380","sysselsatte_kjonn_land","NULL","47","NULL"
"2013","NULL","0","2","prosent","64.1","sysselsatte_kjonn_land","NULL","47","NULL"
"2013","NULL","0","alle","personer","1669","sysselsatte_kjonn_land","NULL","47","NULL"
"2013","NULL","0","alle","prosent","76.9","sysselsatte_kjonn_land","NULL","47","NULL"
"2013","NULL","1","1","personer","644","sysselsatte_kjonn_land","NULL","47","NULL"
"2013","NULL","1","1","prosent","71.6","sysselsatte_kjonn_land","NULL","47","NULL"
"2013","NULL","1","2","personer","552","sysselsatte_kjonn_land","NULL","47","NULL"
"2013","NULL","1","2","prosent","58.5","sysselsatte_kjonn_land","NULL","47","NULL"
"2013","NULL","1","alle","personer","1196","sysselsatte_kjonn_land","NULL","47","NULL"
"2013","NULL","1","alle","prosent","64.9","sysselsatte_kjonn_land","NULL","47","NULL"
"2013","NULL","alle","1","personer","1933","sysselsatte_kjonn_land","NULL","47","NULL"
"2013","NULL","alle","1","prosent","78.1","sysselsatte_kjonn_land","NULL","47","NULL"
"2013","NULL","alle","2","personer","932","sysselsatte_kjonn_land","NULL","47","NULL"
"2013","NULL","alle","2","prosent","60.6","sysselsatte_kjonn_land","NULL","47","NULL"
"2013","NULL","alle","alle","personer","2865","sysselsatte_kjonn_land","NULL","47","NULL"
"2013","NULL","alle","alle","prosent","71.4","sysselsatte_kjonn_land","NULL","47","NULL"
"2013","NULL","0","1","personer","205","sysselsatte_kjonn_land","NULL","48","NULL"
"2013","NULL","0","1","prosent","79.8","sysselsatte_kjonn_land","NULL","48","NULL"
"2013","NULL","0","2","personer","31","sysselsatte_kjonn_land","NULL","48","NULL"
"2013","NULL","0","2","prosent","60.8","sysselsatte_kjonn_land","NULL","48","NULL"
"2013","NULL","0","alle","personer","236","sysselsatte_kjonn_land","NULL","48","NULL"
"2013","NULL","0","alle","prosent","76.6","sysselsatte_kjonn_land","NULL","48","NULL"
"2013","NULL","1","1","personer","141","sysselsatte_kjonn_land","NULL","48","NULL"
"2013","NULL","1","1","prosent","70.9","sysselsatte_kjonn_land","NULL","48","NULL"
"2013","NULL","1","2","personer","63","sysselsatte_kjonn_land","NULL","48","NULL"
"2013","NULL","1","2","prosent","58.3","sysselsatte_kjonn_land","NULL","48","NULL"
"2013","NULL","1","alle","personer","204","sysselsatte_kjonn_land","NULL","48","NULL"
"2013","NULL","1","alle","prosent","66.4","sysselsatte_kjonn_land","NULL","48","NULL"
"2013","NULL","alle","1","personer","346","sysselsatte_kjonn_land","NULL","48","NULL"
"2013","NULL","alle","1","prosent","75.9","sysselsatte_kjonn_land","NULL","48","NULL"
"2013","NULL","alle","2","personer","94","sysselsatte_kjonn_land","NULL","48","NULL"
"2013","NULL","alle","2","prosent","59.1","sysselsatte_kjonn_land","NULL","48","NULL"
"2013","NULL","alle","alle","personer","440","sysselsatte_kjonn_land","NULL","48","NULL"
"2013","NULL","alle","alle","prosent","71.5","sysselsatte_kjonn_land","NULL","48","NULL"
"2013","NULL","0","1","personer","924","sysselsatte_kjonn_land","NULL","49","NULL"
"2013","NULL","0","1","prosent","83","sysselsatte_kjonn_land","NULL","49","NULL"
"2013","NULL","0","2","personer","160","sysselsatte_kjonn_land","NULL","49","NULL"
"2013","NULL","0","2","prosent","61.5","sysselsatte_kjonn_land","NULL","49","NULL"
"2013","NULL","0","alle","personer","1084","sysselsatte_kjonn_land","NULL","49","NULL"
"2013","NULL","0","alle","prosent","79","sysselsatte_kjonn_land","NULL","49","NULL"
"2013","NULL","1","1","personer","439","sysselsatte_kjonn_land","NULL","49","NULL"
"2013","NULL","1","1","prosent","69.6","sysselsatte_kjonn_land","NULL","49","NULL"
"2013","NULL","1","2","personer","281","sysselsatte_kjonn_land","NULL","49","NULL"
"2013","NULL","1","2","prosent","60.2","sysselsatte_kjonn_land","NULL","49","NULL"
"2013","NULL","1","alle","personer","720","sysselsatte_kjonn_land","NULL","49","NULL"
"2013","NULL","1","alle","prosent","65.6","sysselsatte_kjonn_land","NULL","49","NULL"
"2013","NULL","alle","1","personer","1363","sysselsatte_kjonn_land","NULL","49","NULL"
"2013","NULL","alle","1","prosent","78.2","sysselsatte_kjonn_land","NULL","49","NULL"
"2013","NULL","alle","2","personer","441","sysselsatte_kjonn_land","NULL","49","NULL"
"2013","NULL","alle","2","prosent","60.7","sysselsatte_kjonn_land","NULL","49","NULL"
"2013","NULL","alle","alle","personer","1804","sysselsatte_kjonn_land","NULL","49","NULL"
"2013","NULL","alle","alle","prosent","73","sysselsatte_kjonn_land","NULL","49","NULL"
"2013","NULL","0","1","personer","694","sysselsatte_kjonn_land","NULL","50","NULL"
"2013","NULL","0","1","prosent","83.4","sysselsatte_kjonn_land","NULL","50","NULL"
"2013","NULL","0","2","personer","158","sysselsatte_kjonn_land","NULL","50","NULL"
"2013","NULL","0","2","prosent","52.1","sysselsatte_kjonn_land","NULL","50","NULL"
"2013","NULL","0","alle","personer","852","sysselsatte_kjonn_land","NULL","50","NULL"
"2013","NULL","0","alle","prosent","75.1","sysselsatte_kjonn_land","NULL","50","NULL"
"2013","NULL","1","1","personer","415","sysselsatte_kjonn_land","NULL","50","NULL"
"2013","NULL","1","1","prosent","77.6","sysselsatte_kjonn_land","NULL","50","NULL"
"2013","NULL","1","2","personer","228","sysselsatte_kjonn_land","NULL","50","NULL"
"2013","NULL","1","2","prosent","53.4","sysselsatte_kjonn_land","NULL","50","NULL"
"2013","NULL","1","alle","personer","643","sysselsatte_kjonn_land","NULL","50","NULL"
"2013","NULL","1","alle","prosent","66.8","sysselsatte_kjonn_land","NULL","50","NULL"
"2013","NULL","alle","1","personer","1109","sysselsatte_kjonn_land","NULL","50","NULL"
"2013","NULL","alle","1","prosent","81.1","sysselsatte_kjonn_land","NULL","50","NULL"
"2013","NULL","alle","2","personer","386","sysselsatte_kjonn_land","NULL","50","NULL"
"2013","NULL","alle","2","prosent","52.9","sysselsatte_kjonn_land","NULL","50","NULL"
"2013","NULL","alle","alle","personer","1495","sysselsatte_kjonn_land","NULL","50","NULL"
"2013","NULL","alle","alle","prosent","71.3","sysselsatte_kjonn_land","NULL","50","NULL"
"2013","NULL","0","1","personer","649","sysselsatte_kjonn_land","NULL","51","NULL"
"2013","NULL","0","1","prosent","85.4","sysselsatte_kjonn_land","NULL","51","NULL"
"2013","NULL","0","2","personer","260","sysselsatte_kjonn_land","NULL","51","NULL"
"2013","NULL","0","2","prosent","55.1","sysselsatte_kjonn_land","NULL","51","NULL"
"2013","NULL","0","alle","personer","909","sysselsatte_kjonn_land","NULL","51","NULL"
"2013","NULL","0","alle","prosent","73.8","sysselsatte_kjonn_land","NULL","51","NULL"
"2013","NULL","1","1","personer","379","sysselsatte_kjonn_land","NULL","51","NULL"
"2013","NULL","1","1","prosent","76.9","sysselsatte_kjonn_land","NULL","51","NULL"
"2013","NULL","1","2","personer","298","sysselsatte_kjonn_land","NULL","51","NULL"
"2013","NULL","1","2","prosent","53.1","sysselsatte_kjonn_land","NULL","51","NULL"
"2013","NULL","1","alle","personer","677","sysselsatte_kjonn_land","NULL","51","NULL"
"2013","NULL","1","alle","prosent","64.2","sysselsatte_kjonn_land","NULL","51","NULL"
"2013","NULL","alle","1","personer","1028","sysselsatte_kjonn_land","NULL","51","NULL"
"2013","NULL","alle","1","prosent","82","sysselsatte_kjonn_land","NULL","51","NULL"
"2013","NULL","alle","2","personer","558","sysselsatte_kjonn_land","NULL","51","NULL"
"2013","NULL","alle","2","prosent","54","sysselsatte_kjonn_land","NULL","51","NULL"
"2013","NULL","alle","alle","personer","1586","sysselsatte_kjonn_land","NULL","51","NULL"
"2013","NULL","alle","alle","prosent","69.4","sysselsatte_kjonn_land","NULL","51","NULL"
"2013","NULL","0","1","personer","1164","sysselsatte_kjonn_land","NULL","52","NULL"
"2013","NULL","0","1","prosent","82.8","sysselsatte_kjonn_land","NULL","52","NULL"
"2013","NULL","0","2","personer","369","sysselsatte_kjonn_land","NULL","52","NULL"
"2013","NULL","0","2","prosent","55.8","sysselsatte_kjonn_land","NULL","52","NULL"
"2013","NULL","0","alle","personer","1533","sysselsatte_kjonn_land","NULL","52","NULL"
"2013","NULL","0","alle","prosent","74.2","sysselsatte_kjonn_land","NULL","52","NULL"
"2013","NULL","1","1","personer","605","sysselsatte_kjonn_land","NULL","52","NULL"
"2013","NULL","1","1","prosent","70.8","sysselsatte_kjonn_land","NULL","52","NULL"
"2013","NULL","1","2","personer","512","sysselsatte_kjonn_land","NULL","52","NULL"
"2013","NULL","1","2","prosent","52","sysselsatte_kjonn_land","NULL","52","NULL"
"2013","NULL","1","alle","personer","1117","sysselsatte_kjonn_land","NULL","52","NULL"
"2013","NULL","1","alle","prosent","60.7","sysselsatte_kjonn_land","NULL","52","NULL"
"2013","NULL","alle","1","personer","1769","sysselsatte_kjonn_land","NULL","52","NULL"
"2013","NULL","alle","1","prosent","78.2","sysselsatte_kjonn_land","NULL","52","NULL"
"2013","NULL","alle","2","personer","881","sysselsatte_kjonn_land","NULL","52","NULL"
"2013","NULL","alle","2","prosent","53.6","sysselsatte_kjonn_land","NULL","52","NULL"
"2013","NULL","alle","alle","personer","2650","sysselsatte_kjonn_land","NULL","52","NULL"
"2013","NULL","alle","alle","prosent","67.8","sysselsatte_kjonn_land","NULL","52","NULL"
"2013","NULL","0","1","personer","1337","sysselsatte_kjonn_land","NULL","53","NULL"
"2013","NULL","0","1","prosent","82.2","sysselsatte_kjonn_land","NULL","53","NULL"
"2013","NULL","0","2","personer","340","sysselsatte_kjonn_land","NULL","53","NULL"
"2013","NULL","0","2","prosent","62.6","sysselsatte_kjonn_land","NULL","53","NULL"
"2013","NULL","0","alle","personer","1677","sysselsatte_kjonn_land","NULL","53","NULL"
"2013","NULL","0","alle","prosent","77.3","sysselsatte_kjonn_land","NULL","53","NULL"
"2013","NULL","1","1","personer","706","sysselsatte_kjonn_land","NULL","53","NULL"
"2013","NULL","1","1","prosent","74.3","sysselsatte_kjonn_land","NULL","53","NULL"
"2013","NULL","1","2","personer","592","sysselsatte_kjonn_land","NULL","53","NULL"
"2013","NULL","1","2","prosent","61.1","sysselsatte_kjonn_land","NULL","53","NULL"
"2013","NULL","1","alle","personer","1298","sysselsatte_kjonn_land","NULL","53","NULL"
"2013","NULL","1","alle","prosent","67.6","sysselsatte_kjonn_land","NULL","53","NULL"
"2013","NULL","alle","1","personer","2043","sysselsatte_kjonn_land","NULL","53","NULL"
"2013","NULL","alle","1","prosent","79.3","sysselsatte_kjonn_land","NULL","53","NULL"
"2013","NULL","alle","2","personer","932","sysselsatte_kjonn_land","NULL","53","NULL"
"2013","NULL","alle","2","prosent","61.6","sysselsatte_kjonn_land","NULL","53","NULL"
"2013","NULL","alle","alle","personer","2975","sysselsatte_kjonn_land","NULL","53","NULL"
"2013","NULL","alle","alle","prosent","72.8","sysselsatte_kjonn_land","NULL","53","NULL"
"2013","NULL","0","1","personer","590","sysselsatte_kjonn_land","NULL","54","NULL"
"2013","NULL","0","1","prosent","82.7","sysselsatte_kjonn_land","NULL","54","NULL"
"2013","NULL","0","2","personer","121","sysselsatte_kjonn_land","NULL","54","NULL"
"2013","NULL","0","2","prosent","70.8","sysselsatte_kjonn_land","NULL","54","NULL"
"2013","NULL","0","alle","personer","711","sysselsatte_kjonn_land","NULL","54","NULL"
"2013","NULL","0","alle","prosent","80.4","sysselsatte_kjonn_land","NULL","54","NULL"
"2013","NULL","1","1","personer","387","sysselsatte_kjonn_land","NULL","54","NULL"
"2013","NULL","1","1","prosent","75","sysselsatte_kjonn_land","NULL","54","NULL"
"2013","NULL","1","2","personer","172","sysselsatte_kjonn_land","NULL","54","NULL"
"2013","NULL","1","2","prosent","65.6","sysselsatte_kjonn_land","NULL","54","NULL"
"2013","NULL","1","alle","personer","559","sysselsatte_kjonn_land","NULL","54","NULL"
"2013","NULL","1","alle","prosent","71.9","sysselsatte_kjonn_land","NULL","54","NULL"
"2013","NULL","alle","1","personer","977","sysselsatte_kjonn_land","NULL","54","NULL"
"2013","NULL","alle","1","prosent","79.5","sysselsatte_kjonn_land","NULL","54","NULL"
"2013","NULL","alle","2","personer","293","sysselsatte_kjonn_land","NULL","54","NULL"
"2013","NULL","alle","2","prosent","67.7","sysselsatte_kjonn_land","NULL","54","NULL"
"2013","NULL","alle","alle","personer","1270","sysselsatte_kjonn_land","NULL","54","NULL"
"2013","NULL","alle","alle","prosent","76.4","sysselsatte_kjonn_land","NULL","54","NULL"
"2013","NULL","0","1","personer","1409","sysselsatte_kjonn_land","NULL","55","NULL"
"2013","NULL","0","1","prosent","84.4","sysselsatte_kjonn_land","NULL","55","NULL"
"2013","NULL","0","2","personer","283","sysselsatte_kjonn_land","NULL","55","NULL"
"2013","NULL","0","2","prosent","57.9","sysselsatte_kjonn_land","NULL","55","NULL"
"2013","NULL","0","alle","personer","1692","sysselsatte_kjonn_land","NULL","55","NULL"
"2013","NULL","0","alle","prosent","78.4","sysselsatte_kjonn_land","NULL","55","NULL"
"2013","NULL","1","1","personer","596","sysselsatte_kjonn_land","NULL","55","NULL"
"2013","NULL","1","1","prosent","73.9","sysselsatte_kjonn_land","NULL","55","NULL"
"2013","NULL","1","2","personer","525","sysselsatte_kjonn_land","NULL","55","NULL"
"2013","NULL","1","2","prosent","58.1","sysselsatte_kjonn_land","NULL","55","NULL"
"2013","NULL","1","alle","personer","1121","sysselsatte_kjonn_land","NULL","55","NULL"
"2013","NULL","1","alle","prosent","65.6","sysselsatte_kjonn_land","NULL","55","NULL"
"2013","NULL","alle","1","personer","2005","sysselsatte_kjonn_land","NULL","55","NULL"
"2013","NULL","alle","1","prosent","81","sysselsatte_kjonn_land","NULL","55","NULL"
"2013","NULL","alle","2","personer","808","sysselsatte_kjonn_land","NULL","55","NULL"
"2013","NULL","alle","2","prosent","58","sysselsatte_kjonn_land","NULL","55","NULL"
"2013","NULL","alle","alle","personer","2813","sysselsatte_kjonn_land","NULL","55","NULL"
"2013","NULL","alle","alle","prosent","72.7","sysselsatte_kjonn_land","NULL","55","NULL"
"2013","NULL","0","1","personer","2290","sysselsatte_kjonn_land","NULL","56","NULL"
"2013","NULL","0","1","prosent","80","sysselsatte_kjonn_land","NULL","56","NULL"
"2013","NULL","0","2","personer","641","sysselsatte_kjonn_land","NULL","56","NULL"
"2013","NULL","0","2","prosent","69.6","sysselsatte_kjonn_land","NULL","56","NULL"
"2013","NULL","0","alle","personer","2931","sysselsatte_kjonn_land","NULL","56","NULL"
"2013","NULL","0","alle","prosent","77.4","sysselsatte_kjonn_land","NULL","56","NULL"
"2013","NULL","1","1","personer","1115","sysselsatte_kjonn_land","NULL","56","NULL"
"2013","NULL","1","1","prosent","72.2","sysselsatte_kjonn_land","NULL","56","NULL"
"2013","NULL","1","2","personer","912","sysselsatte_kjonn_land","NULL","56","NULL"
"2013","NULL","1","2","prosent","61.9","sysselsatte_kjonn_land","NULL","56","NULL"
"2013","NULL","1","alle","personer","2027","sysselsatte_kjonn_land","NULL","56","NULL"
"2013","NULL","1","alle","prosent","67.2","sysselsatte_kjonn_land","NULL","56","NULL"
"2013","NULL","alle","1","personer","3405","sysselsatte_kjonn_land","NULL","56","NULL"
"2013","NULL","alle","1","prosent","77.2","sysselsatte_kjonn_land","NULL","56","NULL"
"2013","NULL","alle","2","personer","1553","sysselsatte_kjonn_land","NULL","56","NULL"
"2013","NULL","alle","2","prosent","64.9","sysselsatte_kjonn_land","NULL","56","NULL"
"2013","NULL","alle","alle","personer","4958","sysselsatte_kjonn_land","NULL","56","NULL"
"2013","NULL","alle","alle","prosent","72.9","sysselsatte_kjonn_land","NULL","56","NULL"
"2013","NULL","0","1","personer","389","sysselsatte_kjonn_land","NULL","57","NULL"
"2013","NULL","0","1","prosent","74","sysselsatte_kjonn_land","NULL","57","NULL"
"2013","NULL","0","2","personer","58","sysselsatte_kjonn_land","NULL","57","NULL"
"2013","NULL","0","2","prosent","66.7","sysselsatte_kjonn_land","NULL","57","NULL"
"2013","NULL","0","alle","personer","447","sysselsatte_kjonn_land","NULL","57","NULL"
"2013","NULL","0","alle","prosent","72.9","sysselsatte_kjonn_land","NULL","57","NULL"
"2013","NULL","1","1","personer","197","sysselsatte_kjonn_land","NULL","57","NULL"
"2013","NULL","1","1","prosent","77.6","sysselsatte_kjonn_land","NULL","57","NULL"
"2013","NULL","1","2","personer","145","sysselsatte_kjonn_land","NULL","57","NULL"
"2013","NULL","1","2","prosent","58.7","sysselsatte_kjonn_land","NULL","57","NULL"
"2013","NULL","1","alle","personer","342","sysselsatte_kjonn_land","NULL","57","NULL"
"2013","NULL","1","alle","prosent","68.3","sysselsatte_kjonn_land","NULL","57","NULL"
"2013","NULL","alle","1","personer","586","sysselsatte_kjonn_land","NULL","57","NULL"
"2013","NULL","alle","1","prosent","75.1","sysselsatte_kjonn_land","NULL","57","NULL"
"2013","NULL","alle","2","personer","203","sysselsatte_kjonn_land","NULL","57","NULL"
"2013","NULL","alle","2","prosent","60.8","sysselsatte_kjonn_land","NULL","57","NULL"
"2013","NULL","alle","alle","personer","789","sysselsatte_kjonn_land","NULL","57","NULL"
"2013","NULL","alle","alle","prosent","70.8","sysselsatte_kjonn_land","NULL","57","NULL"
"2013","NULL","0","1","personer","570","sysselsatte_kjonn_land","NULL","58","NULL"
"2013","NULL","0","1","prosent","86.2","sysselsatte_kjonn_land","NULL","58","NULL"
"2013","NULL","0","2","personer","45","sysselsatte_kjonn_land","NULL","58","NULL"
"2013","NULL","0","2","prosent","51.1","sysselsatte_kjonn_land","NULL","58","NULL"
"2013","NULL","0","alle","personer","615","sysselsatte_kjonn_land","NULL","58","NULL"
"2013","NULL","0","alle","prosent","82.1","sysselsatte_kjonn_land","NULL","58","NULL"
"2013","NULL","1","1","personer","327","sysselsatte_kjonn_land","NULL","58","NULL"
"2013","NULL","1","1","prosent","82","sysselsatte_kjonn_land","NULL","58","NULL"
"2013","NULL","1","2","personer","117","sysselsatte_kjonn_land","NULL","58","NULL"
"2013","NULL","1","2","prosent","71.3","sysselsatte_kjonn_land","NULL","58","NULL"
"2013","NULL","1","alle","personer","444","sysselsatte_kjonn_land","NULL","58","NULL"
"2013","NULL","1","alle","prosent","78.9","sysselsatte_kjonn_land","NULL","58","NULL"
"2013","NULL","alle","1","personer","897","sysselsatte_kjonn_land","NULL","58","NULL"
"2013","NULL","alle","1","prosent","84.6","sysselsatte_kjonn_land","NULL","58","NULL"
"2013","NULL","alle","2","personer","162","sysselsatte_kjonn_land","NULL","58","NULL"
"2013","NULL","alle","2","prosent","64.3","sysselsatte_kjonn_land","NULL","58","NULL"
"2013","NULL","alle","alle","personer","1059","sysselsatte_kjonn_land","NULL","58","NULL"
"2013","NULL","alle","alle","prosent","80.7","sysselsatte_kjonn_land","NULL","58","NULL"
"2013","NULL","0","1","personer","149","sysselsatte_kjonn_land","NULL","59","NULL"
"2013","NULL","0","1","prosent","80.1","sysselsatte_kjonn_land","NULL","59","NULL"
"2013","NULL","0","2","personer","34","sysselsatte_kjonn_land","NULL","59","NULL"
"2013","NULL","0","2","prosent","56.7","sysselsatte_kjonn_land","NULL","59","NULL"
"2013","NULL","0","alle","personer","183","sysselsatte_kjonn_land","NULL","59","NULL"
"2013","NULL","0","alle","prosent","74.4","sysselsatte_kjonn_land","NULL","59","NULL"
"2013","NULL","1","1","personer","88","sysselsatte_kjonn_land","NULL","59","NULL"
"2013","NULL","1","1","prosent","73.3","sysselsatte_kjonn_land","NULL","59","NULL"
"2013","NULL","1","2","personer","44","sysselsatte_kjonn_land","NULL","59","NULL"
"2013","NULL","1","2","prosent","47.3","sysselsatte_kjonn_land","NULL","59","NULL"
"2013","NULL","1","alle","personer","132","sysselsatte_kjonn_land","NULL","59","NULL"
"2013","NULL","1","alle","prosent","62","sysselsatte_kjonn_land","NULL","59","NULL"
"2013","NULL","alle","1","personer","237","sysselsatte_kjonn_land","NULL","59","NULL"
"2013","NULL","alle","1","prosent","77.5","sysselsatte_kjonn_land","NULL","59","NULL"
"2013","NULL","alle","2","personer","78","sysselsatte_kjonn_land","NULL","59","NULL"
"2013","NULL","alle","2","prosent","51","sysselsatte_kjonn_land","NULL","59","NULL"
"2013","NULL","alle","alle","personer","315","sysselsatte_kjonn_land","NULL","59","NULL"
"2013","NULL","alle","alle","prosent","68.6","sysselsatte_kjonn_land","NULL","59","NULL"
"2013","NULL","0","1","personer","249","sysselsatte_kjonn_land","NULL","60","NULL"
"2013","NULL","0","1","prosent","76.9","sysselsatte_kjonn_land","NULL","60","NULL"
"2013","NULL","0","2","personer","103","sysselsatte_kjonn_land","NULL","60","NULL"
"2013","NULL","0","2","prosent","56","sysselsatte_kjonn_land","NULL","60","NULL"
"2013","NULL","0","alle","personer","352","sysselsatte_kjonn_land","NULL","60","NULL"
"2013","NULL","0","alle","prosent","69.3","sysselsatte_kjonn_land","NULL","60","NULL"
"2013","NULL","1","1","personer","129","sysselsatte_kjonn_land","NULL","60","NULL"
"2013","NULL","1","1","prosent","68.3","sysselsatte_kjonn_land","NULL","60","NULL"
"2013","NULL","1","2","personer","181","sysselsatte_kjonn_land","NULL","60","NULL"
"2013","NULL","1","2","prosent","56.2","sysselsatte_kjonn_land","NULL","60","NULL"
"2013","NULL","1","alle","personer","310","sysselsatte_kjonn_land","NULL","60","NULL"
"2013","NULL","1","alle","prosent","60.7","sysselsatte_kjonn_land","NULL","60","NULL"
"2013","NULL","alle","1","personer","378","sysselsatte_kjonn_land","NULL","60","NULL"
"2013","NULL","alle","1","prosent","73.7","sysselsatte_kjonn_land","NULL","60","NULL"
"2013","NULL","alle","2","personer","284","sysselsatte_kjonn_land","NULL","60","NULL"
"2013","NULL","alle","2","prosent","56.1","sysselsatte_kjonn_land","NULL","60","NULL"
"2013","NULL","alle","alle","personer","662","sysselsatte_kjonn_land","NULL","60","NULL"
"2013","NULL","alle","alle","prosent","65","sysselsatte_kjonn_land","NULL","60","NULL"
"2013","NULL","0","1","personer","4542","sysselsatte_kjonn_land","NULL","61","NULL"
"2013","NULL","0","1","prosent","76.9","sysselsatte_kjonn_land","NULL","61","NULL"
"2013","NULL","0","2","personer","3184","sysselsatte_kjonn_land","NULL","61","NULL"
"2013","NULL","0","2","prosent","61.9","sysselsatte_kjonn_land","NULL","61","NULL"
"2013","NULL","0","alle","personer","7726","sysselsatte_kjonn_land","NULL","61","NULL"
"2013","NULL","0","alle","prosent","69.9","sysselsatte_kjonn_land","NULL","61","NULL"
"2013","NULL","1","1","personer","2642","sysselsatte_kjonn_land","NULL","61","NULL"
"2013","NULL","1","1","prosent","71.8","sysselsatte_kjonn_land","NULL","61","NULL"
"2013","NULL","1","2","personer","2930","sysselsatte_kjonn_land","NULL","61","NULL"
"2013","NULL","1","2","prosent","53","sysselsatte_kjonn_land","NULL","61","NULL"
"2013","NULL","1","alle","personer","5572","sysselsatte_kjonn_land","NULL","61","NULL"
"2013","NULL","1","alle","prosent","60.5","sysselsatte_kjonn_land","NULL","61","NULL"
"2013","NULL","alle","1","personer","7184","sysselsatte_kjonn_land","NULL","61","NULL"
"2013","NULL","alle","1","prosent","74.9","sysselsatte_kjonn_land","NULL","61","NULL"
"2013","NULL","alle","2","personer","6114","sysselsatte_kjonn_land","NULL","61","NULL"
"2013","NULL","alle","2","prosent","57.3","sysselsatte_kjonn_land","NULL","61","NULL"
"2013","NULL","alle","alle","personer","13298","sysselsatte_kjonn_land","NULL","61","NULL"
"2013","NULL","alle","alle","prosent","65.6","sysselsatte_kjonn_land","NULL","61","NULL"
"2013","NULL","0","1","personer","109","sysselsatte_kjonn_land","NULL","62","NULL"
"2013","NULL","0","1","prosent","84.5","sysselsatte_kjonn_land","NULL","62","NULL"
"2013","NULL","0","2","personer","30","sysselsatte_kjonn_land","NULL","62","NULL"
"2013","NULL","0","2","prosent","61.2","sysselsatte_kjonn_land","NULL","62","NULL"
"2013","NULL","0","alle","personer","139","sysselsatte_kjonn_land","NULL","62","NULL"
"2013","NULL","0","alle","prosent","78.1","sysselsatte_kjonn_land","NULL","62","NULL"
"2013","NULL","1","1","personer","104","sysselsatte_kjonn_land","NULL","62","NULL"
"2013","NULL","1","1","prosent","83.9","sysselsatte_kjonn_land","NULL","62","NULL"
"2013","NULL","1","2","personer","45","sysselsatte_kjonn_land","NULL","62","NULL"
"2013","NULL","1","2","prosent","62.5","sysselsatte_kjonn_land","NULL","62","NULL"
"2013","NULL","1","alle","personer","149","sysselsatte_kjonn_land","NULL","62","NULL"
"2013","NULL","1","alle","prosent","76","sysselsatte_kjonn_land","NULL","62","NULL"
"2013","NULL","alle","1","personer","213","sysselsatte_kjonn_land","NULL","62","NULL"
"2013","NULL","alle","1","prosent","84.2","sysselsatte_kjonn_land","NULL","62","NULL"
"2013","NULL","alle","2","personer","75","sysselsatte_kjonn_land","NULL","62","NULL"
"2013","NULL","alle","2","prosent","62","sysselsatte_kjonn_land","NULL","62","NULL"
"2013","NULL","alle","alle","personer","288","sysselsatte_kjonn_land","NULL","62","NULL"
"2013","NULL","alle","alle","prosent","77","sysselsatte_kjonn_land","NULL","62","NULL"
"2013","NULL","0","1","personer","285","sysselsatte_kjonn_land","NULL","63","NULL"
"2013","NULL","0","1","prosent","78.1","sysselsatte_kjonn_land","NULL","63","NULL"
"2013","NULL","0","2","personer","185","sysselsatte_kjonn_land","NULL","63","NULL"
"2013","NULL","0","2","prosent","59.5","sysselsatte_kjonn_land","NULL","63","NULL"
"2013","NULL","0","alle","personer","470","sysselsatte_kjonn_land","NULL","63","NULL"
"2013","NULL","0","alle","prosent","69.5","sysselsatte_kjonn_land","NULL","63","NULL"
"2013","NULL","1","1","personer","160","sysselsatte_kjonn_land","NULL","63","NULL"
"2013","NULL","1","1","prosent","67.8","sysselsatte_kjonn_land","NULL","63","NULL"
"2013","NULL","1","2","personer","259","sysselsatte_kjonn_land","NULL","63","NULL"
"2013","NULL","1","2","prosent","53.8","sysselsatte_kjonn_land","NULL","63","NULL"
"2013","NULL","1","alle","personer","419","sysselsatte_kjonn_land","NULL","63","NULL"
"2013","NULL","1","alle","prosent","58.4","sysselsatte_kjonn_land","NULL","63","NULL"
"2013","NULL","alle","1","personer","445","sysselsatte_kjonn_land","NULL","63","NULL"
"2013","NULL","alle","1","prosent","74","sysselsatte_kjonn_land","NULL","63","NULL"
"2013","NULL","alle","2","personer","444","sysselsatte_kjonn_land","NULL","63","NULL"
"2013","NULL","alle","2","prosent","56.1","sysselsatte_kjonn_land","NULL","63","NULL"
"2013","NULL","alle","alle","personer","889","sysselsatte_kjonn_land","NULL","63","NULL"
"2013","NULL","alle","alle","prosent","63.8","sysselsatte_kjonn_land","NULL","63","NULL"
"2013","NULL","0","1","personer","895","sysselsatte_kjonn_land","NULL","64","NULL"
"2013","NULL","0","1","prosent","76.4","sysselsatte_kjonn_land","NULL","64","NULL"
"2013","NULL","0","2","personer","333","sysselsatte_kjonn_land","NULL","64","NULL"
"2013","NULL","0","2","prosent","50.1","sysselsatte_kjonn_land","NULL","64","NULL"
"2013","NULL","0","alle","personer","1228","sysselsatte_kjonn_land","NULL","64","NULL"
"2013","NULL","0","alle","prosent","66.9","sysselsatte_kjonn_land","NULL","64","NULL"
"2013","NULL","1","1","personer","366","sysselsatte_kjonn_land","NULL","64","NULL"
"2013","NULL","1","1","prosent","70.4","sysselsatte_kjonn_land","NULL","64","NULL"
"2013","NULL","1","2","personer","410","sysselsatte_kjonn_land","NULL","64","NULL"
"2013","NULL","1","2","prosent","49.3","sysselsatte_kjonn_land","NULL","64","NULL"
"2013","NULL","1","alle","personer","776","sysselsatte_kjonn_land","NULL","64","NULL"
"2013","NULL","1","alle","prosent","57.4","sysselsatte_kjonn_land","NULL","64","NULL"
"2013","NULL","alle","1","personer","1261","sysselsatte_kjonn_land","NULL","64","NULL"
"2013","NULL","alle","1","prosent","74.6","sysselsatte_kjonn_land","NULL","64","NULL"
"2013","NULL","alle","2","personer","743","sysselsatte_kjonn_land","NULL","64","NULL"
"2013","NULL","alle","2","prosent","49.7","sysselsatte_kjonn_land","NULL","64","NULL"
"2013","NULL","alle","alle","personer","2004","sysselsatte_kjonn_land","NULL","64","NULL"
"2013","NULL","alle","alle","prosent","62.9","sysselsatte_kjonn_land","NULL","64","NULL"
"2013","NULL","0","1","personer","91","sysselsatte_kjonn_land","NULL","65","NULL"
"2013","NULL","0","1","prosent","83.5","sysselsatte_kjonn_land","NULL","65","NULL"
"2013","NULL","0","2","personer","26","sysselsatte_kjonn_land","NULL","65","NULL"
"2013","NULL","0","2","prosent","33.3","sysselsatte_kjonn_land","NULL","65","NULL"
"2013","NULL","0","alle","personer","117","sysselsatte_kjonn_land","NULL","65","NULL"
"2013","NULL","0","alle","prosent","62.6","sysselsatte_kjonn_land","NULL","65","NULL"
"2013","NULL","1","1","personer","98","sysselsatte_kjonn_land","NULL","65","NULL"
"2013","NULL","1","1","prosent","80.3","sysselsatte_kjonn_land","NULL","65","NULL"
"2013","NULL","1","2","personer","28","sysselsatte_kjonn_land","NULL","65","NULL"
"2013","NULL","1","2","prosent","40","sysselsatte_kjonn_land","NULL","65","NULL"
"2013","NULL","1","alle","personer","126","sysselsatte_kjonn_land","NULL","65","NULL"
"2013","NULL","1","alle","prosent","65.6","sysselsatte_kjonn_land","NULL","65","NULL"
"2013","NULL","alle","1","personer","189","sysselsatte_kjonn_land","NULL","65","NULL"
"2013","NULL","alle","1","prosent","81.8","sysselsatte_kjonn_land","NULL","65","NULL"
"2013","NULL","alle","2","personer","54","sysselsatte_kjonn_land","NULL","65","NULL"
"2013","NULL","alle","2","prosent","36.5","sysselsatte_kjonn_land","NULL","65","NULL"
"2013","NULL","alle","alle","personer","243","sysselsatte_kjonn_land","NULL","65","NULL"
"2013","NULL","alle","alle","prosent","64.1","sysselsatte_kjonn_land","NULL","65","NULL"
"2013","NULL","0","1","personer","136","sysselsatte_kjonn_land","NULL","66","NULL"
"2013","NULL","0","1","prosent","80.5","sysselsatte_kjonn_land","NULL","66","NULL"
"2013","NULL","0","2","personer","46","sysselsatte_kjonn_land","NULL","66","NULL"
"2013","NULL","0","2","prosent","60.5","sysselsatte_kjonn_land","NULL","66","NULL"
"2013","NULL","0","alle","personer","182","sysselsatte_kjonn_land","NULL","66","NULL"
"2013","NULL","0","alle","prosent","74.3","sysselsatte_kjonn_land","NULL","66","NULL"
"2013","NULL","1","1","personer","90","sysselsatte_kjonn_land","NULL","66","NULL"
"2013","NULL","1","1","prosent","73.8","sysselsatte_kjonn_land","NULL","66","NULL"
"2013","NULL","1","2","personer","85","sysselsatte_kjonn_land","NULL","66","NULL"
"2013","NULL","1","2","prosent","59","sysselsatte_kjonn_land","NULL","66","NULL"
"2013","NULL","1","alle","personer","175","sysselsatte_kjonn_land","NULL","66","NULL"
"2013","NULL","1","alle","prosent","65.8","sysselsatte_kjonn_land","NULL","66","NULL"
"2013","NULL","alle","1","personer","226","sysselsatte_kjonn_land","NULL","66","NULL"
"2013","NULL","alle","1","prosent","77.7","sysselsatte_kjonn_land","NULL","66","NULL"
"2013","NULL","alle","2","personer","131","sysselsatte_kjonn_land","NULL","66","NULL"
"2013","NULL","alle","2","prosent","59.5","sysselsatte_kjonn_land","NULL","66","NULL"
"2013","NULL","alle","alle","personer","357","sysselsatte_kjonn_land","NULL","66","NULL"
"2013","NULL","alle","alle","prosent","69.9","sysselsatte_kjonn_land","NULL","66","NULL"
"2013","NULL","0","1","personer","209","sysselsatte_kjonn_land","NULL","67","NULL"
"2013","NULL","0","1","prosent","83.6","sysselsatte_kjonn_land","NULL","67","NULL"
"2013","NULL","0","2","personer","97","sysselsatte_kjonn_land","NULL","67","NULL"
"2013","NULL","0","2","prosent","49.5","sysselsatte_kjonn_land","NULL","67","NULL"
"2013","NULL","0","alle","personer","306","sysselsatte_kjonn_land","NULL","67","NULL"
"2013","NULL","0","alle","prosent","68.6","sysselsatte_kjonn_land","NULL","67","NULL"
"2013","NULL","1","1","personer","145","sysselsatte_kjonn_land","NULL","67","NULL"
"2013","NULL","1","1","prosent","71.1","sysselsatte_kjonn_land","NULL","67","NULL"
"2013","NULL","1","2","personer","144","sysselsatte_kjonn_land","NULL","67","NULL"
"2013","NULL","1","2","prosent","49","sysselsatte_kjonn_land","NULL","67","NULL"
"2013","NULL","1","alle","personer","289","sysselsatte_kjonn_land","NULL","67","NULL"
"2013","NULL","1","alle","prosent","58","sysselsatte_kjonn_land","NULL","67","NULL"
"2013","NULL","alle","1","personer","354","sysselsatte_kjonn_land","NULL","67","NULL"
"2013","NULL","alle","1","prosent","78","sysselsatte_kjonn_land","NULL","67","NULL"
"2013","NULL","alle","2","personer","241","sysselsatte_kjonn_land","NULL","67","NULL"
"2013","NULL","alle","2","prosent","49.2","sysselsatte_kjonn_land","NULL","67","NULL"
"2013","NULL","alle","alle","personer","595","sysselsatte_kjonn_land","NULL","67","NULL"
"2013","NULL","alle","alle","prosent","63","sysselsatte_kjonn_land","NULL","67","NULL"
"2013","NULL","0","1","personer","109","sysselsatte_kjonn_land","NULL","68","NULL"
"2013","NULL","0","1","prosent","77.3","sysselsatte_kjonn_land","NULL","68","NULL"
"2013","NULL","0","2","personer","43","sysselsatte_kjonn_land","NULL","68","NULL"
"2013","NULL","0","2","prosent","46.2","sysselsatte_kjonn_land","NULL","68","NULL"
"2013","NULL","0","alle","personer","152","sysselsatte_kjonn_land","NULL","68","NULL"
"2013","NULL","0","alle","prosent","65","sysselsatte_kjonn_land","NULL","68","NULL"
"2013","NULL","1","1","personer","94","sysselsatte_kjonn_land","NULL","68","NULL"
"2013","NULL","1","1","prosent","75.8","sysselsatte_kjonn_land","NULL","68","NULL"
"2013","NULL","1","2","personer","98","sysselsatte_kjonn_land","NULL","68","NULL"
"2013","NULL","1","2","prosent","49","sysselsatte_kjonn_land","NULL","68","NULL"
"2013","NULL","1","alle","personer","192","sysselsatte_kjonn_land","NULL","68","NULL"
"2013","NULL","1","alle","prosent","59.3","sysselsatte_kjonn_land","NULL","68","NULL"
"2013","NULL","alle","1","personer","203","sysselsatte_kjonn_land","NULL","68","NULL"
"2013","NULL","alle","1","prosent","76.6","sysselsatte_kjonn_land","NULL","68","NULL"
"2013","NULL","alle","2","personer","141","sysselsatte_kjonn_land","NULL","68","NULL"
"2013","NULL","alle","2","prosent","48.1","sysselsatte_kjonn_land","NULL","68","NULL"
"2013","NULL","alle","alle","personer","344","sysselsatte_kjonn_land","NULL","68","NULL"
"2013","NULL","alle","alle","prosent","61.6","sysselsatte_kjonn_land","NULL","68","NULL"
"2013","NULL","0","1","personer","205","sysselsatte_kjonn_land","NULL","69","NULL"
"2013","NULL","0","1","prosent","77.9","sysselsatte_kjonn_land","NULL","69","NULL"
"2013","NULL","0","2","personer","87","sysselsatte_kjonn_land","NULL","69","NULL"
"2013","NULL","0","2","prosent","43.9","sysselsatte_kjonn_land","NULL","69","NULL"
"2013","NULL","0","alle","personer","292","sysselsatte_kjonn_land","NULL","69","NULL"
"2013","NULL","0","alle","prosent","63.3","sysselsatte_kjonn_land","NULL","69","NULL"
"2013","NULL","1","1","personer","124","sysselsatte_kjonn_land","NULL","69","NULL"
"2013","NULL","1","1","prosent","73.4","sysselsatte_kjonn_land","NULL","69","NULL"
"2013","NULL","1","2","personer","118","sysselsatte_kjonn_land","NULL","69","NULL"
"2013","NULL","1","2","prosent","50.9","sysselsatte_kjonn_land","NULL","69","NULL"
"2013","NULL","1","alle","personer","242","sysselsatte_kjonn_land","NULL","69","NULL"
"2013","NULL","1","alle","prosent","60.3","sysselsatte_kjonn_land","NULL","69","NULL"
"2013","NULL","alle","1","personer","329","sysselsatte_kjonn_land","NULL","69","NULL"
"2013","NULL","alle","1","prosent","76.2","sysselsatte_kjonn_land","NULL","69","NULL"
"2013","NULL","alle","2","personer","205","sysselsatte_kjonn_land","NULL","69","NULL"
"2013","NULL","alle","2","prosent","47.7","sysselsatte_kjonn_land","NULL","69","NULL"
"2013","NULL","alle","alle","personer","534","sysselsatte_kjonn_land","NULL","69","NULL"
"2013","NULL","alle","alle","prosent","61.9","sysselsatte_kjonn_land","NULL","69","NULL"
"2013","NULL","0","1","personer","76","sysselsatte_kjonn_land","NULL","70","NULL"
"2013","NULL","0","1","prosent","91.6","sysselsatte_kjonn_land","NULL","70","NULL"
"2013","NULL","0","2","personer","6","sysselsatte_kjonn_land","NULL","70","NULL"
"2013","NULL","0","2","prosent","66.7","sysselsatte_kjonn_land","NULL","70","NULL"
"2013","NULL","0","alle","personer","82","sysselsatte_kjonn_land","NULL","70","NULL"
"2013","NULL","0","alle","prosent","89.1","sysselsatte_kjonn_land","NULL","70","NULL"
"2013","NULL","1","1","personer","58","sysselsatte_kjonn_land","NULL","70","NULL"
"2013","NULL","1","1","prosent","79.5","sysselsatte_kjonn_land","NULL","70","NULL"
"2013","NULL","1","2","personer","38","sysselsatte_kjonn_land","NULL","70","NULL"
"2013","NULL","1","2","prosent","84.4","sysselsatte_kjonn_land","NULL","70","NULL"
"2013","NULL","1","alle","personer","96","sysselsatte_kjonn_land","NULL","70","NULL"
"2013","NULL","1","alle","prosent","81.4","sysselsatte_kjonn_land","NULL","70","NULL"
"2013","NULL","alle","1","personer","134","sysselsatte_kjonn_land","NULL","70","NULL"
"2013","NULL","alle","1","prosent","85.9","sysselsatte_kjonn_land","NULL","70","NULL"
"2013","NULL","alle","2","personer","44","sysselsatte_kjonn_land","NULL","70","NULL"
"2013","NULL","alle","2","prosent","81.5","sysselsatte_kjonn_land","NULL","70","NULL"
"2013","NULL","alle","alle","personer","178","sysselsatte_kjonn_land","NULL","70","NULL"
"2013","NULL","alle","alle","prosent","84.8","sysselsatte_kjonn_land","NULL","70","NULL"
"2013","NULL","0","1","personer","138","sysselsatte_kjonn_land","NULL","71","NULL"
"2013","NULL","0","1","prosent","81.2","sysselsatte_kjonn_land","NULL","71","NULL"
"2013","NULL","0","2","personer","73","sysselsatte_kjonn_land","NULL","71","NULL"
"2013","NULL","0","2","prosent","38.6","sysselsatte_kjonn_land","NULL","71","NULL"
"2013","NULL","0","alle","personer","211","sysselsatte_kjonn_land","NULL","71","NULL"
"2013","NULL","0","alle","prosent","58.8","sysselsatte_kjonn_land","NULL","71","NULL"
"2013","NULL","1","1","personer","100","sysselsatte_kjonn_land","NULL","71","NULL"
"2013","NULL","1","1","prosent","82","sysselsatte_kjonn_land","NULL","71","NULL"
"2013","NULL","1","2","personer","128","sysselsatte_kjonn_land","NULL","71","NULL"
"2013","NULL","1","2","prosent","54.9","sysselsatte_kjonn_land","NULL","71","NULL"
"2013","NULL","1","alle","personer","228","sysselsatte_kjonn_land","NULL","71","NULL"
"2013","NULL","1","alle","prosent","64.2","sysselsatte_kjonn_land","NULL","71","NULL"
"2013","NULL","alle","1","personer","238","sysselsatte_kjonn_land","NULL","71","NULL"
"2013","NULL","alle","1","prosent","81.5","sysselsatte_kjonn_land","NULL","71","NULL"
"2013","NULL","alle","2","personer","201","sysselsatte_kjonn_land","NULL","71","NULL"
"2013","NULL","alle","2","prosent","47.6","sysselsatte_kjonn_land","NULL","71","NULL"
"2013","NULL","alle","alle","personer","439","sysselsatte_kjonn_land","NULL","71","NULL"
"2013","NULL","alle","alle","prosent","61.5","sysselsatte_kjonn_land","NULL","71","NULL"
"2013","NULL","0","1","personer","321","sysselsatte_kjonn_land","NULL","72","NULL"
"2013","NULL","0","1","prosent","77.2","sysselsatte_kjonn_land","NULL","72","NULL"
"2013","NULL","0","2","personer","184","sysselsatte_kjonn_land","NULL","72","NULL"
"2013","NULL","0","2","prosent","48.8","sysselsatte_kjonn_land","NULL","72","NULL"
"2013","NULL","0","alle","personer","505","sysselsatte_kjonn_land","NULL","72","NULL"
"2013","NULL","0","alle","prosent","63.7","sysselsatte_kjonn_land","NULL","72","NULL"
"2013","NULL","1","1","personer","203","sysselsatte_kjonn_land","NULL","72","NULL"
"2013","NULL","1","1","prosent","76","sysselsatte_kjonn_land","NULL","72","NULL"
"2013","NULL","1","2","personer","215","sysselsatte_kjonn_land","NULL","72","NULL"
"2013","NULL","1","2","prosent","50.8","sysselsatte_kjonn_land","NULL","72","NULL"
"2013","NULL","1","alle","personer","418","sysselsatte_kjonn_land","NULL","72","NULL"
"2013","NULL","1","alle","prosent","60.6","sysselsatte_kjonn_land","NULL","72","NULL"
"2013","NULL","alle","1","personer","524","sysselsatte_kjonn_land","NULL","72","NULL"
"2013","NULL","alle","1","prosent","76.7","sysselsatte_kjonn_land","NULL","72","NULL"
"2013","NULL","alle","2","personer","399","sysselsatte_kjonn_land","NULL","72","NULL"
"2013","NULL","alle","2","prosent","49.9","sysselsatte_kjonn_land","NULL","72","NULL"
"2013","NULL","alle","alle","personer","923","sysselsatte_kjonn_land","NULL","72","NULL"
"2013","NULL","alle","alle","prosent","62.2","sysselsatte_kjonn_land","NULL","72","NULL"
"2013","NULL","0","1","personer","1034","sysselsatte_kjonn_land","NULL","73","NULL"
"2013","NULL","0","1","prosent","77.6","sysselsatte_kjonn_land","NULL","73","NULL"
"2013","NULL","0","2","personer","580","sysselsatte_kjonn_land","NULL","73","NULL"
"2013","NULL","0","2","prosent","53.1","sysselsatte_kjonn_land","NULL","73","NULL"
"2013","NULL","0","alle","personer","1614","sysselsatte_kjonn_land","NULL","73","NULL"
"2013","NULL","0","alle","prosent","66.5","sysselsatte_kjonn_land","NULL","73","NULL"
"2013","NULL","1","1","personer","639","sysselsatte_kjonn_land","NULL","73","NULL"
"2013","NULL","1","1","prosent","74.4","sysselsatte_kjonn_land","NULL","73","NULL"
"2013","NULL","1","2","personer","743","sysselsatte_kjonn_land","NULL","73","NULL"
"2013","NULL","1","2","prosent","55.7","sysselsatte_kjonn_land","NULL","73","NULL"
"2013","NULL","1","alle","personer","1382","sysselsatte_kjonn_land","NULL","73","NULL"
"2013","NULL","1","alle","prosent","63","sysselsatte_kjonn_land","NULL","73","NULL"
"2013","NULL","alle","1","personer","1673","sysselsatte_kjonn_land","NULL","73","NULL"
"2013","NULL","alle","1","prosent","76.3","sysselsatte_kjonn_land","NULL","73","NULL"
"2013","NULL","alle","2","personer","1323","sysselsatte_kjonn_land","NULL","73","NULL"
"2013","NULL","alle","2","prosent","54.5","sysselsatte_kjonn_land","NULL","73","NULL"
"2013","NULL","alle","alle","personer","2996","sysselsatte_kjonn_land","NULL","73","NULL"
"2013","NULL","alle","alle","prosent","64.8","sysselsatte_kjonn_land","NULL","73","NULL"
"2013","NULL","0","1","personer","409","sysselsatte_kjonn_land","NULL","74","NULL"
"2013","NULL","0","1","prosent","78.4","sysselsatte_kjonn_land","NULL","74","NULL"
"2013","NULL","0","2","personer","207","sysselsatte_kjonn_land","NULL","74","NULL"
"2013","NULL","0","2","prosent","49.3","sysselsatte_kjonn_land","NULL","74","NULL"
"2013","NULL","0","alle","personer","616","sysselsatte_kjonn_land","NULL","74","NULL"
"2013","NULL","0","alle","prosent","65.4","sysselsatte_kjonn_land","NULL","74","NULL"
"2013","NULL","1","1","personer","251","sysselsatte_kjonn_land","NULL","74","NULL"
"2013","NULL","1","1","prosent","67.5","sysselsatte_kjonn_land","NULL","74","NULL"
"2013","NULL","1","2","personer","296","sysselsatte_kjonn_land","NULL","74","NULL"
"2013","NULL","1","2","prosent","58.5","sysselsatte_kjonn_land","NULL","74","NULL"
"2013","NULL","1","alle","personer","547","sysselsatte_kjonn_land","NULL","74","NULL"
"2013","NULL","1","alle","prosent","62.3","sysselsatte_kjonn_land","NULL","74","NULL"
"2013","NULL","alle","1","personer","660","sysselsatte_kjonn_land","NULL","74","NULL"
"2013","NULL","alle","1","prosent","73.8","sysselsatte_kjonn_land","NULL","74","NULL"
"2013","NULL","alle","2","personer","503","sysselsatte_kjonn_land","NULL","74","NULL"
"2013","NULL","alle","2","prosent","54.3","sysselsatte_kjonn_land","NULL","74","NULL"
"2013","NULL","alle","alle","personer","1163","sysselsatte_kjonn_land","NULL","74","NULL"
"2013","NULL","alle","alle","prosent","63.9","sysselsatte_kjonn_land","NULL","74","NULL"
"2013","NULL","0","1","personer","425","sysselsatte_kjonn_land","NULL","75","NULL"
"2013","NULL","0","1","prosent","76.4","sysselsatte_kjonn_land","NULL","75","NULL"
"2013","NULL","0","2","personer","170","sysselsatte_kjonn_land","NULL","75","NULL"
"2013","NULL","0","2","prosent","52.1","sysselsatte_kjonn_land","NULL","75","NULL"
"2013","NULL","0","alle","personer","595","sysselsatte_kjonn_land","NULL","75","NULL"
"2013","NULL","0","alle","prosent","67.5","sysselsatte_kjonn_land","NULL","75","NULL"
"2013","NULL","1","1","personer","322","sysselsatte_kjonn_land","NULL","75","NULL"
"2013","NULL","1","1","prosent","76.7","sysselsatte_kjonn_land","NULL","75","NULL"
"2013","NULL","1","2","personer","218","sysselsatte_kjonn_land","NULL","75","NULL"
"2013","NULL","1","2","prosent","53.8","sysselsatte_kjonn_land","NULL","75","NULL"
"2013","NULL","1","alle","personer","540","sysselsatte_kjonn_land","NULL","75","NULL"
"2013","NULL","1","alle","prosent","65.5","sysselsatte_kjonn_land","NULL","75","NULL"
"2013","NULL","alle","1","personer","747","sysselsatte_kjonn_land","NULL","75","NULL"
"2013","NULL","alle","1","prosent","76.5","sysselsatte_kjonn_land","NULL","75","NULL"
"2013","NULL","alle","2","personer","388","sysselsatte_kjonn_land","NULL","75","NULL"
"2013","NULL","alle","2","prosent","53.1","sysselsatte_kjonn_land","NULL","75","NULL"
"2013","NULL","alle","alle","personer","1135","sysselsatte_kjonn_land","NULL","75","NULL"
"2013","NULL","alle","alle","prosent","66.5","sysselsatte_kjonn_land","NULL","75","NULL"
"2013","NULL","0","1","personer","420","sysselsatte_kjonn_land","NULL","76","NULL"
"2013","NULL","0","1","prosent","78.5","sysselsatte_kjonn_land","NULL","76","NULL"
"2013","NULL","0","2","personer","222","sysselsatte_kjonn_land","NULL","76","NULL"
"2013","NULL","0","2","prosent","49.8","sysselsatte_kjonn_land","NULL","76","NULL"
"2013","NULL","0","alle","personer","642","sysselsatte_kjonn_land","NULL","76","NULL"
"2013","NULL","0","alle","prosent","65.4","sysselsatte_kjonn_land","NULL","76","NULL"
"2013","NULL","1","1","personer","294","sysselsatte_kjonn_land","NULL","76","NULL"
"2013","NULL","1","1","prosent","69","sysselsatte_kjonn_land","NULL","76","NULL"
"2013","NULL","1","2","personer","317","sysselsatte_kjonn_land","NULL","76","NULL"
"2013","NULL","1","2","prosent","52.5","sysselsatte_kjonn_land","NULL","76","NULL"
"2013","NULL","1","alle","personer","611","sysselsatte_kjonn_land","NULL","76","NULL"
"2013","NULL","1","alle","prosent","59.3","sysselsatte_kjonn_land","NULL","76","NULL"
"2013","NULL","alle","1","personer","714","sysselsatte_kjonn_land","NULL","76","NULL"
"2013","NULL","alle","1","prosent","74.3","sysselsatte_kjonn_land","NULL","76","NULL"
"2013","NULL","alle","2","personer","539","sysselsatte_kjonn_land","NULL","76","NULL"
"2013","NULL","alle","2","prosent","51.3","sysselsatte_kjonn_land","NULL","76","NULL"
"2013","NULL","alle","alle","personer","1253","sysselsatte_kjonn_land","NULL","76","NULL"
"2013","NULL","alle","alle","prosent","62.3","sysselsatte_kjonn_land","NULL","76","NULL"
"2013","NULL","0","1","personer","439","sysselsatte_kjonn_land","NULL","77","NULL"
"2013","NULL","0","1","prosent","79.7","sysselsatte_kjonn_land","NULL","77","NULL"
"2013","NULL","0","2","personer","316","sysselsatte_kjonn_land","NULL","77","NULL"
"2013","NULL","0","2","prosent","54.9","sysselsatte_kjonn_land","NULL","77","NULL"
"2013","NULL","0","alle","personer","755","sysselsatte_kjonn_land","NULL","77","NULL"
"2013","NULL","0","alle","prosent","67","sysselsatte_kjonn_land","NULL","77","NULL"
"2013","NULL","1","1","personer","284","sysselsatte_kjonn_land","NULL","77","NULL"
"2013","NULL","1","1","prosent","74.7","sysselsatte_kjonn_land","NULL","77","NULL"
"2013","NULL","1","2","personer","357","sysselsatte_kjonn_land","NULL","77","NULL"
"2013","NULL","1","2","prosent","50.1","sysselsatte_kjonn_land","NULL","77","NULL"
"2013","NULL","1","alle","personer","641","sysselsatte_kjonn_land","NULL","77","NULL"
"2013","NULL","1","alle","prosent","58.6","sysselsatte_kjonn_land","NULL","77","NULL"
"2013","NULL","alle","1","personer","723","sysselsatte_kjonn_land","NULL","77","NULL"
"2013","NULL","alle","1","prosent","77.7","sysselsatte_kjonn_land","NULL","77","NULL"
"2013","NULL","alle","2","personer","673","sysselsatte_kjonn_land","NULL","77","NULL"
"2013","NULL","alle","2","prosent","52.2","sysselsatte_kjonn_land","NULL","77","NULL"
"2013","NULL","alle","alle","personer","1396","sysselsatte_kjonn_land","NULL","77","NULL"
"2013","NULL","alle","alle","prosent","62.9","sysselsatte_kjonn_land","NULL","77","NULL"
"2013","NULL","0","1","personer","340","sysselsatte_kjonn_land","NULL","78","NULL"
"2013","NULL","0","1","prosent","77.6","sysselsatte_kjonn_land","NULL","78","NULL"
"2013","NULL","0","2","personer","157","sysselsatte_kjonn_land","NULL","78","NULL"
"2013","NULL","0","2","prosent","56.3","sysselsatte_kjonn_land","NULL","78","NULL"
"2013","NULL","0","alle","personer","497","sysselsatte_kjonn_land","NULL","78","NULL"
"2013","NULL","0","alle","prosent","69.3","sysselsatte_kjonn_land","NULL","78","NULL"
"2013","NULL","1","1","personer","278","sysselsatte_kjonn_land","NULL","78","NULL"
"2013","NULL","1","1","prosent","77.9","sysselsatte_kjonn_land","NULL","78","NULL"
"2013","NULL","1","2","personer","249","sysselsatte_kjonn_land","NULL","78","NULL"
"2013","NULL","1","2","prosent","53.8","sysselsatte_kjonn_land","NULL","78","NULL"
"2013","NULL","1","alle","personer","527","sysselsatte_kjonn_land","NULL","78","NULL"
"2013","NULL","1","alle","prosent","64.3","sysselsatte_kjonn_land","NULL","78","NULL"
"2013","NULL","alle","1","personer","618","sysselsatte_kjonn_land","NULL","78","NULL"
"2013","NULL","alle","1","prosent","77.7","sysselsatte_kjonn_land","NULL","78","NULL"
"2013","NULL","alle","2","personer","406","sysselsatte_kjonn_land","NULL","78","NULL"
"2013","NULL","alle","2","prosent","54.7","sysselsatte_kjonn_land","NULL","78","NULL"
"2013","NULL","alle","alle","personer","1024","sysselsatte_kjonn_land","NULL","78","NULL"
"2013","NULL","alle","alle","prosent","66.6","sysselsatte_kjonn_land","NULL","78","NULL"
"2013","NULL","0","1","personer","1671","sysselsatte_kjonn_land","NULL","79","NULL"
"2013","NULL","0","1","prosent","77.5","sysselsatte_kjonn_land","NULL","79","NULL"
"2013","NULL","0","2","personer","923","sysselsatte_kjonn_land","NULL","79","NULL"
"2013","NULL","0","2","prosent","65.7","sysselsatte_kjonn_land","NULL","79","NULL"
"2013","NULL","0","alle","personer","2594","sysselsatte_kjonn_land","NULL","79","NULL"
"2013","NULL","0","alle","prosent","72.8","sysselsatte_kjonn_land","NULL","79","NULL"
"2013","NULL","1","1","personer","1258","sysselsatte_kjonn_land","NULL","79","NULL"
"2013","NULL","1","1","prosent","74.3","sysselsatte_kjonn_land","NULL","79","NULL"
"2013","NULL","1","2","personer","1019","sysselsatte_kjonn_land","NULL","79","NULL"
"2013","NULL","1","2","prosent","63.3","sysselsatte_kjonn_land","NULL","79","NULL"
"2013","NULL","1","alle","personer","2277","sysselsatte_kjonn_land","NULL","79","NULL"
"2013","NULL","1","alle","prosent","68.9","sysselsatte_kjonn_land","NULL","79","NULL"
"2013","NULL","alle","1","personer","2929","sysselsatte_kjonn_land","NULL","79","NULL"
"2013","NULL","alle","1","prosent","76.1","sysselsatte_kjonn_land","NULL","79","NULL"
"2013","NULL","alle","2","personer","1942","sysselsatte_kjonn_land","NULL","79","NULL"
"2013","NULL","alle","2","prosent","64.4","sysselsatte_kjonn_land","NULL","79","NULL"
"2013","NULL","alle","alle","personer","4871","sysselsatte_kjonn_land","NULL","79","NULL"
"2013","NULL","alle","alle","prosent","71","sysselsatte_kjonn_land","NULL","79","NULL"
"2013","NULL","0","1","personer","173","sysselsatte_kjonn_land","NULL","80","NULL"
"2013","NULL","0","1","prosent","75.5","sysselsatte_kjonn_land","NULL","80","NULL"
"2013","NULL","0","2","personer","49","sysselsatte_kjonn_land","NULL","80","NULL"
"2013","NULL","0","2","prosent","39.2","sysselsatte_kjonn_land","NULL","80","NULL"
"2013","NULL","0","alle","personer","222","sysselsatte_kjonn_land","NULL","80","NULL"
"2013","NULL","0","alle","prosent","62.7","sysselsatte_kjonn_land","NULL","80","NULL"
"2013","NULL","1","1","personer","158","sysselsatte_kjonn_land","NULL","80","NULL"
"2013","NULL","1","1","prosent","80.2","sysselsatte_kjonn_land","NULL","80","NULL"
"2013","NULL","1","2","personer","92","sysselsatte_kjonn_land","NULL","80","NULL"
"2013","NULL","1","2","prosent","51.1","sysselsatte_kjonn_land","NULL","80","NULL"
"2013","NULL","1","alle","personer","250","sysselsatte_kjonn_land","NULL","80","NULL"
"2013","NULL","1","alle","prosent","66.3","sysselsatte_kjonn_land","NULL","80","NULL"
"2013","NULL","alle","1","personer","331","sysselsatte_kjonn_land","NULL","80","NULL"
"2013","NULL","alle","1","prosent","77.7","sysselsatte_kjonn_land","NULL","80","NULL"
"2013","NULL","alle","2","personer","141","sysselsatte_kjonn_land","NULL","80","NULL"
"2013","NULL","alle","2","prosent","46.2","sysselsatte_kjonn_land","NULL","80","NULL"
"2013","NULL","alle","alle","personer","472","sysselsatte_kjonn_land","NULL","80","NULL"
"2013","NULL","alle","alle","prosent","64.6","sysselsatte_kjonn_land","NULL","80","NULL"
"2013","NULL","0","1","personer","865","sysselsatte_kjonn_land","NULL","81","NULL"
"2013","NULL","0","1","prosent","76.4","sysselsatte_kjonn_land","NULL","81","NULL"
"2013","NULL","0","2","personer","440","sysselsatte_kjonn_land","NULL","81","NULL"
"2013","NULL","0","2","prosent","73.6","sysselsatte_kjonn_land","NULL","81","NULL"
"2013","NULL","0","alle","personer","1305","sysselsatte_kjonn_land","NULL","81","NULL"
"2013","NULL","0","alle","prosent","75.4","sysselsatte_kjonn_land","NULL","81","NULL"
"2013","NULL","1","1","personer","541","sysselsatte_kjonn_land","NULL","81","NULL"
"2013","NULL","1","1","prosent","76","sysselsatte_kjonn_land","NULL","81","NULL"
"2013","NULL","1","2","personer","546","sysselsatte_kjonn_land","NULL","81","NULL"
"2013","NULL","1","2","prosent","64.2","sysselsatte_kjonn_land","NULL","81","NULL"
"2013","NULL","1","alle","personer","1087","sysselsatte_kjonn_land","NULL","81","NULL"
"2013","NULL","1","alle","prosent","69.5","sysselsatte_kjonn_land","NULL","81","NULL"
"2013","NULL","alle","1","personer","1406","sysselsatte_kjonn_land","NULL","81","NULL"
"2013","NULL","alle","1","prosent","76.2","sysselsatte_kjonn_land","NULL","81","NULL"
"2013","NULL","alle","2","personer","986","sysselsatte_kjonn_land","NULL","81","NULL"
"2013","NULL","alle","2","prosent","68","sysselsatte_kjonn_land","NULL","81","NULL"
"2013","NULL","alle","alle","personer","2392","sysselsatte_kjonn_land","NULL","81","NULL"
"2013","NULL","alle","alle","prosent","72.6","sysselsatte_kjonn_land","NULL","81","NULL"
"2013","NULL","0","1","personer","182","sysselsatte_kjonn_land","NULL","82","NULL"
"2013","NULL","0","1","prosent","71.9","sysselsatte_kjonn_land","NULL","82","NULL"
"2013","NULL","0","2","personer","41","sysselsatte_kjonn_land","NULL","82","NULL"
"2013","NULL","0","2","prosent","59.4","sysselsatte_kjonn_land","NULL","82","NULL"
"2013","NULL","0","alle","personer","223","sysselsatte_kjonn_land","NULL","82","NULL"
"2013","NULL","0","alle","prosent","69.3","sysselsatte_kjonn_land","NULL","82","NULL"
"2013","NULL","1","1","personer","202","sysselsatte_kjonn_land","NULL","82","NULL"
"2013","NULL","1","1","prosent","73.7","sysselsatte_kjonn_land","NULL","82","NULL"
"2013","NULL","1","2","personer","162","sysselsatte_kjonn_land","NULL","82","NULL"
"2013","NULL","1","2","prosent","72.3","sysselsatte_kjonn_land","NULL","82","NULL"
"2013","NULL","1","alle","personer","364","sysselsatte_kjonn_land","NULL","82","NULL"
"2013","NULL","1","alle","prosent","73.1","sysselsatte_kjonn_land","NULL","82","NULL"
"2013","NULL","alle","1","personer","384","sysselsatte_kjonn_land","NULL","82","NULL"
"2013","NULL","alle","1","prosent","72.9","sysselsatte_kjonn_land","NULL","82","NULL"
"2013","NULL","alle","2","personer","203","sysselsatte_kjonn_land","NULL","82","NULL"
"2013","NULL","alle","2","prosent","69.3","sysselsatte_kjonn_land","NULL","82","NULL"
"2013","NULL","alle","alle","personer","587","sysselsatte_kjonn_land","NULL","82","NULL"
"2013","NULL","alle","alle","prosent","71.6","sysselsatte_kjonn_land","NULL","82","NULL"
"2013","NULL","0","1","personer","603","sysselsatte_kjonn_land","NULL","83","NULL"
"2013","NULL","0","1","prosent","77.1","sysselsatte_kjonn_land","NULL","83","NULL"
"2013","NULL","0","2","personer","335","sysselsatte_kjonn_land","NULL","83","NULL"
"2013","NULL","0","2","prosent","56.5","sysselsatte_kjonn_land","NULL","83","NULL"
"2013","NULL","0","alle","personer","938","sysselsatte_kjonn_land","NULL","83","NULL"
"2013","NULL","0","alle","prosent","68.2","sysselsatte_kjonn_land","NULL","83","NULL"
"2013","NULL","1","1","personer","466","sysselsatte_kjonn_land","NULL","83","NULL"
"2013","NULL","1","1","prosent","74.7","sysselsatte_kjonn_land","NULL","83","NULL"
"2013","NULL","1","2","personer","508","sysselsatte_kjonn_land","NULL","83","NULL"
"2013","NULL","1","2","prosent","65.5","sysselsatte_kjonn_land","NULL","83","NULL"
"2013","NULL","1","alle","personer","974","sysselsatte_kjonn_land","NULL","83","NULL"
"2013","NULL","1","alle","prosent","69.6","sysselsatte_kjonn_land","NULL","83","NULL"
"2013","NULL","alle","1","personer","1069","sysselsatte_kjonn_land","NULL","83","NULL"
"2013","NULL","alle","1","prosent","76","sysselsatte_kjonn_land","NULL","83","NULL"
"2013","NULL","alle","2","personer","843","sysselsatte_kjonn_land","NULL","83","NULL"
"2013","NULL","alle","2","prosent","61.6","sysselsatte_kjonn_land","NULL","83","NULL"
"2013","NULL","alle","alle","personer","1912","sysselsatte_kjonn_land","NULL","83","NULL"
"2013","NULL","alle","alle","prosent","68.9","sysselsatte_kjonn_land","NULL","83","NULL"
"2013","NULL","0","1","personer","425","sysselsatte_kjonn_land","NULL","NULL","0101"
"2013","NULL","0","1","prosent","73.8","sysselsatte_kjonn_land","NULL","NULL","0101"
"2013","NULL","0","2","personer","284","sysselsatte_kjonn_land","NULL","NULL","0101"
"2013","NULL","0","2","prosent","48.1","sysselsatte_kjonn_land","NULL","NULL","0101"
"2013","NULL","0","alle","personer","709","sysselsatte_kjonn_land","NULL","NULL","0101"
"2013","NULL","0","alle","prosent","60.8","sysselsatte_kjonn_land","NULL","NULL","0101"
"2013","NULL","1","1","personer","298","sysselsatte_kjonn_land","NULL","NULL","0101"
"2013","NULL","1","1","prosent","64.5","sysselsatte_kjonn_land","NULL","NULL","0101"
"2013","NULL","1","2","personer","309","sysselsatte_kjonn_land","NULL","NULL","0101"
"2013","NULL","1","2","prosent","43.7","sysselsatte_kjonn_land","NULL","NULL","0101"
"2013","NULL","1","alle","personer","607","sysselsatte_kjonn_land","NULL","NULL","0101"
"2013","NULL","1","alle","prosent","51.9","sysselsatte_kjonn_land","NULL","NULL","0101"
"2013","NULL","alle","1","personer","723","sysselsatte_kjonn_land","NULL","NULL","0101"
"2013","NULL","alle","1","prosent","69.7","sysselsatte_kjonn_land","NULL","NULL","0101"
"2013","NULL","alle","2","personer","593","sysselsatte_kjonn_land","NULL","NULL","0101"
"2013","NULL","alle","2","prosent","45.7","sysselsatte_kjonn_land","NULL","NULL","0101"
"2013","NULL","alle","alle","personer","1316","sysselsatte_kjonn_land","NULL","NULL","0101"
"2013","NULL","alle","alle","prosent","56.4","sysselsatte_kjonn_land","NULL","NULL","0101"
"2013","NULL","0","1","personer","629","sysselsatte_kjonn_land","NULL","NULL","0104"
"2013","NULL","0","1","prosent","72.4","sysselsatte_kjonn_land","NULL","NULL","0104"
"2013","NULL","0","2","personer","575","sysselsatte_kjonn_land","NULL","NULL","0104"
"2013","NULL","0","2","prosent","54.2","sysselsatte_kjonn_land","NULL","NULL","0104"
"2013","NULL","0","alle","personer","1204","sysselsatte_kjonn_land","NULL","NULL","0104"
"2013","NULL","0","alle","prosent","62.4","sysselsatte_kjonn_land","NULL","NULL","0104"
"2013","NULL","1","1","personer","400","sysselsatte_kjonn_land","NULL","NULL","0104"
"2013","NULL","1","1","prosent","71.6","sysselsatte_kjonn_land","NULL","NULL","0104"
"2013","NULL","1","2","personer","560","sysselsatte_kjonn_land","NULL","NULL","0104"
"2013","NULL","1","2","prosent","47.4","sysselsatte_kjonn_land","NULL","NULL","0104"
"2013","NULL","1","alle","personer","960","sysselsatte_kjonn_land","NULL","NULL","0104"
"2013","NULL","1","alle","prosent","55.2","sysselsatte_kjonn_land","NULL","NULL","0104"
"2013","NULL","alle","1","personer","1029","sysselsatte_kjonn_land","NULL","NULL","0104"
"2013","NULL","alle","1","prosent","72.1","sysselsatte_kjonn_land","NULL","NULL","0104"
"2013","NULL","alle","2","personer","1135","sysselsatte_kjonn_land","NULL","NULL","0104"
"2013","NULL","alle","2","prosent","50.6","sysselsatte_kjonn_land","NULL","NULL","0104"
"2013","NULL","alle","alle","personer","2164","sysselsatte_kjonn_land","NULL","NULL","0104"
"2013","NULL","alle","alle","prosent","59","sysselsatte_kjonn_land","NULL","NULL","0104"
"2013","NULL","0","1","personer","976","sysselsatte_kjonn_land","NULL","NULL","0105"
"2013","NULL","0","1","prosent","76","sysselsatte_kjonn_land","NULL","NULL","0105"
"2013","NULL","0","2","personer","876","sysselsatte_kjonn_land","NULL","NULL","0105"
"2013","NULL","0","2","prosent","53.8","sysselsatte_kjonn_land","NULL","NULL","0105"
"2013","NULL","0","alle","personer","1852","sysselsatte_kjonn_land","NULL","NULL","0105"
"2013","NULL","0","alle","prosent","63.6","sysselsatte_kjonn_land","NULL","NULL","0105"
"2013","NULL","1","1","personer","497","sysselsatte_kjonn_land","NULL","NULL","0105"
"2013","NULL","1","1","prosent","63.8","sysselsatte_kjonn_land","NULL","NULL","0105"
"2013","NULL","1","2","personer","809","sysselsatte_kjonn_land","NULL","NULL","0105"
"2013","NULL","1","2","prosent","45.4","sysselsatte_kjonn_land","NULL","NULL","0105"
"2013","NULL","1","alle","personer","1306","sysselsatte_kjonn_land","NULL","NULL","0105"
"2013","NULL","1","alle","prosent","51","sysselsatte_kjonn_land","NULL","NULL","0105"
"2013","NULL","alle","1","personer","1473","sysselsatte_kjonn_land","NULL","NULL","0105"
"2013","NULL","alle","1","prosent","71.4","sysselsatte_kjonn_land","NULL","NULL","0105"
"2013","NULL","alle","2","personer","1685","sysselsatte_kjonn_land","NULL","NULL","0105"
"2013","NULL","alle","2","prosent","49.4","sysselsatte_kjonn_land","NULL","NULL","0105"
"2013","NULL","alle","alle","personer","3158","sysselsatte_kjonn_land","NULL","NULL","0105"
"2013","NULL","alle","alle","prosent","57.7","sysselsatte_kjonn_land","NULL","NULL","0105"
"2013","NULL","0","1","personer","1459","sysselsatte_kjonn_land","NULL","NULL","0106"
"2013","NULL","0","1","prosent","79.4","sysselsatte_kjonn_land","NULL","NULL","0106"
"2013","NULL","0","2","personer","1079","sysselsatte_kjonn_land","NULL","NULL","0106"
"2013","NULL","0","2","prosent","50.3","sysselsatte_kjonn_land","NULL","NULL","0106"
"2013","NULL","0","alle","personer","2538","sysselsatte_kjonn_land","NULL","NULL","0106"
"2013","NULL","0","alle","prosent","63.7","sysselsatte_kjonn_land","NULL","NULL","0106"
"2013","NULL","1","1","personer","819","sysselsatte_kjonn_land","NULL","NULL","0106"
"2013","NULL","1","1","prosent","70.7","sysselsatte_kjonn_land","NULL","NULL","0106"
"2013","NULL","1","2","personer","1088","sysselsatte_kjonn_land","NULL","NULL","0106"
"2013","NULL","1","2","prosent","45.7","sysselsatte_kjonn_land","NULL","NULL","0106"
"2013","NULL","1","alle","personer","1907","sysselsatte_kjonn_land","NULL","NULL","0106"
"2013","NULL","1","alle","prosent","53.9","sysselsatte_kjonn_land","NULL","NULL","0106"
"2013","NULL","alle","1","personer","2278","sysselsatte_kjonn_land","NULL","NULL","0106"
"2013","NULL","alle","1","prosent","76","sysselsatte_kjonn_land","NULL","NULL","0106"
"2013","NULL","alle","2","personer","2167","sysselsatte_kjonn_land","NULL","NULL","0106"
"2013","NULL","alle","2","prosent","47.8","sysselsatte_kjonn_land","NULL","NULL","0106"
"2013","NULL","alle","alle","personer","4445","sysselsatte_kjonn_land","NULL","NULL","0106"
"2013","NULL","alle","alle","prosent","59.1","sysselsatte_kjonn_land","NULL","NULL","0106"
"2013","NULL","0","1","personer","42","sysselsatte_kjonn_land","NULL","NULL","0111"
"2013","NULL","0","1","prosent","75","sysselsatte_kjonn_land","NULL","NULL","0111"
"2013","NULL","0","2","personer","10","sysselsatte_kjonn_land","NULL","NULL","0111"
"2013","NULL","0","2","prosent","62.5","sysselsatte_kjonn_land","NULL","NULL","0111"
"2013","NULL","0","alle","personer","52","sysselsatte_kjonn_land","NULL","NULL","0111"
"2013","NULL","0","alle","prosent","72.2","sysselsatte_kjonn_land","NULL","NULL","0111"
"2013","NULL","1","1","personer","32","sysselsatte_kjonn_land","NULL","NULL","0111"
"2013","NULL","1","1","prosent","72.7","sysselsatte_kjonn_land","NULL","NULL","0111"
"2013","NULL","1","2","personer","21","sysselsatte_kjonn_land","NULL","NULL","0111"
"2013","NULL","1","2","prosent","47.7","sysselsatte_kjonn_land","NULL","NULL","0111"
"2013","NULL","1","alle","personer","53","sysselsatte_kjonn_land","NULL","NULL","0111"
"2013","NULL","1","alle","prosent","60.2","sysselsatte_kjonn_land","NULL","NULL","0111"
"2013","NULL","alle","1","personer","74","sysselsatte_kjonn_land","NULL","NULL","0111"
"2013","NULL","alle","1","prosent","74","sysselsatte_kjonn_land","NULL","NULL","0111"
"2013","NULL","alle","2","personer","31","sysselsatte_kjonn_land","NULL","NULL","0111"
"2013","NULL","alle","2","prosent","51.7","sysselsatte_kjonn_land","NULL","NULL","0111"
"2013","NULL","alle","alle","personer","105","sysselsatte_kjonn_land","NULL","NULL","0111"
"2013","NULL","alle","alle","prosent","65.6","sysselsatte_kjonn_land","NULL","NULL","0111"
"2013","NULL","0","1","personer","10","sysselsatte_kjonn_land","NULL","NULL","0118"
"2013","NULL","0","1","prosent","66.7","sysselsatte_kjonn_land","NULL","NULL","0118"
"2013","NULL","0","2","personer","0","sysselsatte_kjonn_land","NULL","NULL","0118"
"2013","NULL","0","2","prosent","0","sysselsatte_kjonn_land","NULL","NULL","0118"
"2013","NULL","0","alle","personer","10","sysselsatte_kjonn_land","NULL","NULL","0118"
"2013","NULL","0","alle","prosent","62.5","sysselsatte_kjonn_land","NULL","NULL","0118"
"2013","NULL","1","1","personer","4","sysselsatte_kjonn_land","NULL","NULL","0118"
"2013","NULL","1","1","prosent","66.7","sysselsatte_kjonn_land","NULL","NULL","0118"
"2013","NULL","1","2","personer","5","sysselsatte_kjonn_land","NULL","NULL","0118"
"2013","NULL","1","2","prosent","45.5","sysselsatte_kjonn_land","NULL","NULL","0118"
"2013","NULL","1","alle","personer","9","sysselsatte_kjonn_land","NULL","NULL","0118"
"2013","NULL","1","alle","prosent","52.9","sysselsatte_kjonn_land","NULL","NULL","0118"
"2013","NULL","alle","1","personer","14","sysselsatte_kjonn_land","NULL","NULL","0118"
"2013","NULL","alle","1","prosent","66.7","sysselsatte_kjonn_land","NULL","NULL","0118"
"2013","NULL","alle","2","personer","5","sysselsatte_kjonn_land","NULL","NULL","0118"
"2013","NULL","alle","2","prosent","41.7","sysselsatte_kjonn_land","NULL","NULL","0118"
"2013","NULL","alle","alle","personer","19","sysselsatte_kjonn_land","NULL","NULL","0118"
"2013","NULL","alle","alle","prosent","57.6","sysselsatte_kjonn_land","NULL","NULL","0118"
"2013","NULL","0","1","personer","34","sysselsatte_kjonn_land","NULL","NULL","0119"
"2013","NULL","0","1","prosent","72.3","sysselsatte_kjonn_land","NULL","NULL","0119"
"2013","NULL","0","2","personer","23","sysselsatte_kjonn_land","NULL","NULL","0119"
"2013","NULL","0","2","prosent","62.2","sysselsatte_kjonn_land","NULL","NULL","0119"
"2013","NULL","0","alle","personer","57","sysselsatte_kjonn_land","NULL","NULL","0119"
"2013","NULL","0","alle","prosent","67.9","sysselsatte_kjonn_land","NULL","NULL","0119"
"2013","NULL","1","1","personer","52","sysselsatte_kjonn_land","NULL","NULL","0119"
"2013","NULL","1","1","prosent","72.2","sysselsatte_kjonn_land","NULL","NULL","0119"
"2013","NULL","1","2","personer","19","sysselsatte_kjonn_land","NULL","NULL","0119"
"2013","NULL","1","2","prosent","45.2","sysselsatte_kjonn_land","NULL","NULL","0119"
"2013","NULL","1","alle","personer","71","sysselsatte_kjonn_land","NULL","NULL","0119"
"2013","NULL","1","alle","prosent","62.3","sysselsatte_kjonn_land","NULL","NULL","0119"
"2013","NULL","alle","1","personer","86","sysselsatte_kjonn_land","NULL","NULL","0119"
"2013","NULL","alle","1","prosent","72.3","sysselsatte_kjonn_land","NULL","NULL","0119"
"2013","NULL","alle","2","personer","42","sysselsatte_kjonn_land","NULL","NULL","0119"
"2013","NULL","alle","2","prosent","53.2","sysselsatte_kjonn_land","NULL","NULL","0119"
"2013","NULL","alle","alle","personer","128","sysselsatte_kjonn_land","NULL","NULL","0119"
"2013","NULL","alle","alle","prosent","64.6","sysselsatte_kjonn_land","NULL","NULL","0119"
"2013","NULL","0","1","personer",":","sysselsatte_kjonn_land","NULL","NULL","0121"
"2013","NULL","0","1","prosent",":","sysselsatte_kjonn_land","NULL","NULL","0121"
"2013","NULL","0","2","personer",":","sysselsatte_kjonn_land","NULL","NULL","0121"
"2013","NULL","0","2","prosent",":","sysselsatte_kjonn_land","NULL","NULL","0121"
"2013","NULL","0","alle","personer","17","sysselsatte_kjonn_land","NULL","NULL","0121"
"2013","NULL","0","alle","prosent","85","sysselsatte_kjonn_land","NULL","NULL","0121"
"2013","NULL","1","1","personer",":","sysselsatte_kjonn_land","NULL","NULL","0121"
"2013","NULL","1","1","prosent",":","sysselsatte_kjonn_land","NULL","NULL","0121"
"2013","NULL","1","2","personer",":","sysselsatte_kjonn_land","NULL","NULL","0121"
"2013","NULL","1","2","prosent",":","sysselsatte_kjonn_land","NULL","NULL","0121"
"2013","NULL","1","alle","personer","15","sysselsatte_kjonn_land","NULL","NULL","0121"
"2013","NULL","1","alle","prosent","88.2","sysselsatte_kjonn_land","NULL","NULL","0121"
"2013","NULL","alle","1","personer","27","sysselsatte_kjonn_land","NULL","NULL","0121"
"2013","NULL","alle","1","prosent","84.4","sysselsatte_kjonn_land","NULL","NULL","0121"
"2013","NULL","alle","2","personer","5","sysselsatte_kjonn_land","NULL","NULL","0121"
"2013","NULL","alle","2","prosent","100","sysselsatte_kjonn_land","NULL","NULL","0121"
"2013","NULL","alle","alle","personer","32","sysselsatte_kjonn_land","NULL","NULL","0121"
"2013","NULL","alle","alle","prosent","86.5","sysselsatte_kjonn_land","NULL","NULL","0121"
"2013","NULL","0","1","personer","128","sysselsatte_kjonn_land","NULL","NULL","0122"
"2013","NULL","0","1","prosent","75.7","sysselsatte_kjonn_land","NULL","NULL","0122"
"2013","NULL","0","2","personer","15","sysselsatte_kjonn_land","NULL","NULL","0122"
"2013","NULL","0","2","prosent","45.5","sysselsatte_kjonn_land","NULL","NULL","0122"
"2013","NULL","0","alle","personer","143","sysselsatte_kjonn_land","NULL","NULL","0122"
"2013","NULL","0","alle","prosent","70.8","sysselsatte_kjonn_land","NULL","NULL","0122"
"2013","NULL","1","1","personer","71","sysselsatte_kjonn_land","NULL","NULL","0122"
"2013","NULL","1","1","prosent","73.2","sysselsatte_kjonn_land","NULL","NULL","0122"
"2013","NULL","1","2","personer","33","sysselsatte_kjonn_land","NULL","NULL","0122"
"2013","NULL","1","2","prosent","53.2","sysselsatte_kjonn_land","NULL","NULL","0122"
"2013","NULL","1","alle","personer","104","sysselsatte_kjonn_land","NULL","NULL","0122"
"2013","NULL","1","alle","prosent","65.4","sysselsatte_kjonn_land","NULL","NULL","0122"
"2013","NULL","alle","1","personer","199","sysselsatte_kjonn_land","NULL","NULL","0122"
"2013","NULL","alle","1","prosent","74.8","sysselsatte_kjonn_land","NULL","NULL","0122"
"2013","NULL","alle","2","personer","48","sysselsatte_kjonn_land","NULL","NULL","0122"
"2013","NULL","alle","2","prosent","50.5","sysselsatte_kjonn_land","NULL","NULL","0122"
"2013","NULL","alle","alle","personer","247","sysselsatte_kjonn_land","NULL","NULL","0122"
"2013","NULL","alle","alle","prosent","68.4","sysselsatte_kjonn_land","NULL","NULL","0122"
"2013","NULL","0","1","personer","94","sysselsatte_kjonn_land","NULL","NULL","0123"
"2013","NULL","0","1","prosent","73.4","sysselsatte_kjonn_land","NULL","NULL","0123"
"2013","NULL","0","2","personer","57","sysselsatte_kjonn_land","NULL","NULL","0123"
"2013","NULL","0","2","prosent","69.5","sysselsatte_kjonn_land","NULL","NULL","0123"
"2013","NULL","0","alle","personer","151","sysselsatte_kjonn_land","NULL","NULL","0123"
"2013","NULL","0","alle","prosent","71.9","sysselsatte_kjonn_land","NULL","NULL","0123"
"2013","NULL","1","1","personer","54","sysselsatte_kjonn_land","NULL","NULL","0123"
"2013","NULL","1","1","prosent","70.1","sysselsatte_kjonn_land","NULL","NULL","0123"
"2013","NULL","1","2","personer","70","sysselsatte_kjonn_land","NULL","NULL","0123"
"2013","NULL","1","2","prosent","57.4","sysselsatte_kjonn_land","NULL","NULL","0123"
"2013","NULL","1","alle","personer","124","sysselsatte_kjonn_land","NULL","NULL","0123"
"2013","NULL","1","alle","prosent","62.3","sysselsatte_kjonn_land","NULL","NULL","0123"
"2013","NULL","alle","1","personer","148","sysselsatte_kjonn_land","NULL","NULL","0123"
"2013","NULL","alle","1","prosent","72.2","sysselsatte_kjonn_land","NULL","NULL","0123"
"2013","NULL","alle","2","personer","127","sysselsatte_kjonn_land","NULL","NULL","0123"
"2013","NULL","alle","2","prosent","62.3","sysselsatte_kjonn_land","NULL","NULL","0123"
"2013","NULL","alle","alle","personer","275","sysselsatte_kjonn_land","NULL","NULL","0123"
"2013","NULL","alle","alle","prosent","67.2","sysselsatte_kjonn_land","NULL","NULL","0123"
"2013","NULL","0","1","personer","319","sysselsatte_kjonn_land","NULL","NULL","0124"
"2013","NULL","0","1","prosent","73.7","sysselsatte_kjonn_land","NULL","NULL","0124"
"2013","NULL","0","2","personer","336","sysselsatte_kjonn_land","NULL","NULL","0124"
"2013","NULL","0","2","prosent","61.2","sysselsatte_kjonn_land","NULL","NULL","0124"
"2013","NULL","0","alle","personer","655","sysselsatte_kjonn_land","NULL","NULL","0124"
"2013","NULL","0","alle","prosent","66.7","sysselsatte_kjonn_land","NULL","NULL","0124"
"2013","NULL","1","1","personer","190","sysselsatte_kjonn_land","NULL","NULL","0124"
"2013","NULL","1","1","prosent","67.6","sysselsatte_kjonn_land","NULL","NULL","0124"
"2013","NULL","1","2","personer","313","sysselsatte_kjonn_land","NULL","NULL","0124"
"2013","NULL","1","2","prosent","49.4","sysselsatte_kjonn_land","NULL","NULL","0124"
"2013","NULL","1","alle","personer","503","sysselsatte_kjonn_land","NULL","NULL","0124"
"2013","NULL","1","alle","prosent","55","sysselsatte_kjonn_land","NULL","NULL","0124"
"2013","NULL","alle","1","personer","509","sysselsatte_kjonn_land","NULL","NULL","0124"
"2013","NULL","alle","1","prosent","71.3","sysselsatte_kjonn_land","NULL","NULL","0124"
"2013","NULL","alle","2","personer","649","sysselsatte_kjonn_land","NULL","NULL","0124"
"2013","NULL","alle","2","prosent","54.9","sysselsatte_kjonn_land","NULL","NULL","0124"
"2013","NULL","alle","alle","personer","1158","sysselsatte_kjonn_land","NULL","NULL","0124"
"2013","NULL","alle","alle","prosent","61.1","sysselsatte_kjonn_land","NULL","NULL","0124"
"2013","NULL","0","1","personer","268","sysselsatte_kjonn_land","NULL","NULL","0125"
"2013","NULL","0","1","prosent","77.2","sysselsatte_kjonn_land","NULL","NULL","0125"
"2013","NULL","0","2","personer","136","sysselsatte_kjonn_land","NULL","NULL","0125"
"2013","NULL","0","2","prosent","58.4","sysselsatte_kjonn_land","NULL","NULL","0125"
"2013","NULL","0","alle","personer","404","sysselsatte_kjonn_land","NULL","NULL","0125"
"2013","NULL","0","alle","prosent","69.7","sysselsatte_kjonn_land","NULL","NULL","0125"
"2013","NULL","1","1","personer","158","sysselsatte_kjonn_land","NULL","NULL","0125"
"2013","NULL","1","1","prosent","64.5","sysselsatte_kjonn_land","NULL","NULL","0125"
"2013","NULL","1","2","personer","130","sysselsatte_kjonn_land","NULL","NULL","0125"
"2013","NULL","1","2","prosent","45.8","sysselsatte_kjonn_land","NULL","NULL","0125"
"2013","NULL","1","alle","personer","288","sysselsatte_kjonn_land","NULL","NULL","0125"
"2013","NULL","1","alle","prosent","54.4","sysselsatte_kjonn_land","NULL","NULL","0125"
"2013","NULL","alle","1","personer","426","sysselsatte_kjonn_land","NULL","NULL","0125"
"2013","NULL","alle","1","prosent","72","sysselsatte_kjonn_land","NULL","NULL","0125"
"2013","NULL","alle","2","personer","266","sysselsatte_kjonn_land","NULL","NULL","0125"
"2013","NULL","alle","2","prosent","51.5","sysselsatte_kjonn_land","NULL","NULL","0125"
"2013","NULL","alle","alle","personer","692","sysselsatte_kjonn_land","NULL","NULL","0125"
"2013","NULL","alle","alle","prosent","62.4","sysselsatte_kjonn_land","NULL","NULL","0125"
"2013","NULL","0","1","personer","94","sysselsatte_kjonn_land","NULL","NULL","0127"
"2013","NULL","0","1","prosent","79.7","sysselsatte_kjonn_land","NULL","NULL","0127"
"2013","NULL","0","2","personer","20","sysselsatte_kjonn_land","NULL","NULL","0127"
"2013","NULL","0","2","prosent","71.4","sysselsatte_kjonn_land","NULL","NULL","0127"
"2013","NULL","0","alle","personer","114","sysselsatte_kjonn_land","NULL","NULL","0127"
"2013","NULL","0","alle","prosent","78.1","sysselsatte_kjonn_land","NULL","NULL","0127"
"2013","NULL","1","1","personer","44","sysselsatte_kjonn_land","NULL","NULL","0127"
"2013","NULL","1","1","prosent","67.7","sysselsatte_kjonn_land","NULL","NULL","0127"
"2013","NULL","1","2","personer","29","sysselsatte_kjonn_land","NULL","NULL","0127"
"2013","NULL","1","2","prosent","51.8","sysselsatte_kjonn_land","NULL","NULL","0127"
"2013","NULL","1","alle","personer","73","sysselsatte_kjonn_land","NULL","NULL","0127"
"2013","NULL","1","alle","prosent","60.3","sysselsatte_kjonn_land","NULL","NULL","0127"
"2013","NULL","alle","1","personer","138","sysselsatte_kjonn_land","NULL","NULL","0127"
"2013","NULL","alle","1","prosent","75.4","sysselsatte_kjonn_land","NULL","NULL","0127"
"2013","NULL","alle","2","personer","49","sysselsatte_kjonn_land","NULL","NULL","0127"
"2013","NULL","alle","2","prosent","58.3","sysselsatte_kjonn_land","NULL","NULL","0127"
"2013","NULL","alle","alle","personer","187","sysselsatte_kjonn_land","NULL","NULL","0127"
"2013","NULL","alle","alle","prosent","70","sysselsatte_kjonn_land","NULL","NULL","0127"
"2013","NULL","0","1","personer","191","sysselsatte_kjonn_land","NULL","NULL","0128"
"2013","NULL","0","1","prosent","79.9","sysselsatte_kjonn_land","NULL","NULL","0128"
"2013","NULL","0","2","personer","84","sysselsatte_kjonn_land","NULL","NULL","0128"
"2013","NULL","0","2","prosent","57.1","sysselsatte_kjonn_land","NULL","NULL","0128"
"2013","NULL","0","alle","personer","275","sysselsatte_kjonn_land","NULL","NULL","0128"
"2013","NULL","0","alle","prosent","71.2","sysselsatte_kjonn_land","NULL","NULL","0128"
"2013","NULL","1","1","personer","76","sysselsatte_kjonn_land","NULL","NULL","0128"
"2013","NULL","1","1","prosent","59.4","sysselsatte_kjonn_land","NULL","NULL","0128"
"2013","NULL","1","2","personer","73","sysselsatte_kjonn_land","NULL","NULL","0128"
"2013","NULL","1","2","prosent","42.9","sysselsatte_kjonn_land","NULL","NULL","0128"
"2013","NULL","1","alle","personer","149","sysselsatte_kjonn_land","NULL","NULL","0128"
"2013","NULL","1","alle","prosent","50","sysselsatte_kjonn_land","NULL","NULL","0128"
"2013","NULL","alle","1","personer","267","sysselsatte_kjonn_land","NULL","NULL","0128"
"2013","NULL","alle","1","prosent","72.8","sysselsatte_kjonn_land","NULL","NULL","0128"
"2013","NULL","alle","2","personer","157","sysselsatte_kjonn_land","NULL","NULL","0128"
"2013","NULL","alle","2","prosent","49.5","sysselsatte_kjonn_land","NULL","NULL","0128"
"2013","NULL","alle","alle","personer","424","sysselsatte_kjonn_land","NULL","NULL","0128"
"2013","NULL","alle","alle","prosent","62","sysselsatte_kjonn_land","NULL","NULL","0128"
"2013","NULL","0","1","personer","179","sysselsatte_kjonn_land","NULL","NULL","0135"
"2013","NULL","0","1","prosent","78.5","sysselsatte_kjonn_land","NULL","NULL","0135"
"2013","NULL","0","2","personer","34","sysselsatte_kjonn_land","NULL","NULL","0135"
"2013","NULL","0","2","prosent","52.3","sysselsatte_kjonn_land","NULL","NULL","0135"
"2013","NULL","0","alle","personer","213","sysselsatte_kjonn_land","NULL","NULL","0135"
"2013","NULL","0","alle","prosent","72.7","sysselsatte_kjonn_land","NULL","NULL","0135"
"2013","NULL","1","1","personer","64","sysselsatte_kjonn_land","NULL","NULL","0135"
"2013","NULL","1","1","prosent","68.1","sysselsatte_kjonn_land","NULL","NULL","0135"
"2013","NULL","1","2","personer","45","sysselsatte_kjonn_land","NULL","NULL","0135"
"2013","NULL","1","2","prosent","53.6","sysselsatte_kjonn_land","NULL","NULL","0135"
"2013","NULL","1","alle","personer","109","sysselsatte_kjonn_land","NULL","NULL","0135"
"2013","NULL","1","alle","prosent","61.2","sysselsatte_kjonn_land","NULL","NULL","0135"
"2013","NULL","alle","1","personer","243","sysselsatte_kjonn_land","NULL","NULL","0135"
"2013","NULL","alle","1","prosent","75.5","sysselsatte_kjonn_land","NULL","NULL","0135"
"2013","NULL","alle","2","personer","79","sysselsatte_kjonn_land","NULL","NULL","0135"
"2013","NULL","alle","2","prosent","53","sysselsatte_kjonn_land","NULL","NULL","0135"
"2013","NULL","alle","alle","personer","322","sysselsatte_kjonn_land","NULL","NULL","0135"
"2013","NULL","alle","alle","prosent","68.4","sysselsatte_kjonn_land","NULL","NULL","0135"
"2013","NULL","0","1","personer","285","sysselsatte_kjonn_land","NULL","NULL","0136"
"2013","NULL","0","1","prosent","75.4","sysselsatte_kjonn_land","NULL","NULL","0136"
"2013","NULL","0","2","personer","146","sysselsatte_kjonn_land","NULL","NULL","0136"
"2013","NULL","0","2","prosent","63.2","sysselsatte_kjonn_land","NULL","NULL","0136"
"2013","NULL","0","alle","personer","431","sysselsatte_kjonn_land","NULL","NULL","0136"
"2013","NULL","0","alle","prosent","70.8","sysselsatte_kjonn_land","NULL","NULL","0136"
"2013","NULL","1","1","personer","182","sysselsatte_kjonn_land","NULL","NULL","0136"
"2013","NULL","1","1","prosent","75.2","sysselsatte_kjonn_land","NULL","NULL","0136"
"2013","NULL","1","2","personer","159","sysselsatte_kjonn_land","NULL","NULL","0136"
"2013","NULL","1","2","prosent","53.5","sysselsatte_kjonn_land","NULL","NULL","0136"
"2013","NULL","1","alle","personer","341","sysselsatte_kjonn_land","NULL","NULL","0136"
"2013","NULL","1","alle","prosent","63.3","sysselsatte_kjonn_land","NULL","NULL","0136"
"2013","NULL","alle","1","personer","467","sysselsatte_kjonn_land","NULL","NULL","0136"
"2013","NULL","alle","1","prosent","75.3","sysselsatte_kjonn_land","NULL","NULL","0136"
"2013","NULL","alle","2","personer","305","sysselsatte_kjonn_land","NULL","NULL","0136"
"2013","NULL","alle","2","prosent","57.8","sysselsatte_kjonn_land","NULL","NULL","0136"
"2013","NULL","alle","alle","personer","772","sysselsatte_kjonn_land","NULL","NULL","0136"
"2013","NULL","alle","alle","prosent","67.2","sysselsatte_kjonn_land","NULL","NULL","0136"
"2013","NULL","0","1","personer","136","sysselsatte_kjonn_land","NULL","NULL","0137"
"2013","NULL","0","1","prosent","68.7","sysselsatte_kjonn_land","NULL","NULL","0137"
"2013","NULL","0","2","personer","26","sysselsatte_kjonn_land","NULL","NULL","0137"
"2013","NULL","0","2","prosent","74.3","sysselsatte_kjonn_land","NULL","NULL","0137"
"2013","NULL","0","alle","personer","162","sysselsatte_kjonn_land","NULL","NULL","0137"
"2013","NULL","0","alle","prosent","69.5","sysselsatte_kjonn_land","NULL","NULL","0137"
"2013","NULL","1","1","personer","91","sysselsatte_kjonn_land","NULL","NULL","0137"
"2013","NULL","1","1","prosent","70.5","sysselsatte_kjonn_land","NULL","NULL","0137"
"2013","NULL","1","2","personer","41","sysselsatte_kjonn_land","NULL","NULL","0137"
"2013","NULL","1","2","prosent","68.3","sysselsatte_kjonn_land","NULL","NULL","0137"
"2013","NULL","1","alle","personer","132","sysselsatte_kjonn_land","NULL","NULL","0137"
"2013","NULL","1","alle","prosent","69.8","sysselsatte_kjonn_land","NULL","NULL","0137"
"2013","NULL","alle","1","personer","227","sysselsatte_kjonn_land","NULL","NULL","0137"
"2013","NULL","alle","1","prosent","69.4","sysselsatte_kjonn_land","NULL","NULL","0137"
"2013","NULL","alle","2","personer","67","sysselsatte_kjonn_land","NULL","NULL","0137"
"2013","NULL","alle","2","prosent","70.5","sysselsatte_kjonn_land","NULL","NULL","0137"
"2013","NULL","alle","alle","personer","294","sysselsatte_kjonn_land","NULL","NULL","0137"
"2013","NULL","alle","alle","prosent","69.7","sysselsatte_kjonn_land","NULL","NULL","0137"
"2013","NULL","0","1","personer","196","sysselsatte_kjonn_land","NULL","NULL","0138"
"2013","NULL","0","1","prosent","83.4","sysselsatte_kjonn_land","NULL","NULL","0138"
"2013","NULL","0","2","personer","36","sysselsatte_kjonn_land","NULL","NULL","0138"
"2013","NULL","0","2","prosent","49.3","sysselsatte_kjonn_land","NULL","NULL","0138"
"2013","NULL","0","alle","personer","232","sysselsatte_kjonn_land","NULL","NULL","0138"
"2013","NULL","0","alle","prosent","75.3","sysselsatte_kjonn_land","NULL","NULL","0138"
"2013","NULL","1","1","personer","102","sysselsatte_kjonn_land","NULL","NULL","0138"
"2013","NULL","1","1","prosent","72.9","sysselsatte_kjonn_land","NULL","NULL","0138"
"2013","NULL","1","2","personer","61","sysselsatte_kjonn_land","NULL","NULL","0138"
"2013","NULL","1","2","prosent","57.5","sysselsatte_kjonn_land","NULL","NULL","0138"
"2013","NULL","1","alle","personer","163","sysselsatte_kjonn_land","NULL","NULL","0138"
"2013","NULL","1","alle","prosent","66.3","sysselsatte_kjonn_land","NULL","NULL","0138"
"2013","NULL","alle","1","personer","298","sysselsatte_kjonn_land","NULL","NULL","0138"
"2013","NULL","alle","1","prosent","79.5","sysselsatte_kjonn_land","NULL","NULL","0138"
"2013","NULL","alle","2","personer","97","sysselsatte_kjonn_land","NULL","NULL","0138"
"2013","NULL","alle","2","prosent","54.2","sysselsatte_kjonn_land","NULL","NULL","0138"
"2013","NULL","alle","alle","personer","395","sysselsatte_kjonn_land","NULL","NULL","0138"
"2013","NULL","alle","alle","prosent","71.3","sysselsatte_kjonn_land","NULL","NULL","0138"
"2013","NULL","0","1","personer","364","sysselsatte_kjonn_land","NULL","NULL","0211"
"2013","NULL","0","1","prosent","77.4","sysselsatte_kjonn_land","NULL","NULL","0211"
"2013","NULL","0","2","personer","225","sysselsatte_kjonn_land","NULL","NULL","0211"
"2013","NULL","0","2","prosent","66.4","sysselsatte_kjonn_land","NULL","NULL","0211"
"2013","NULL","0","alle","personer","589","sysselsatte_kjonn_land","NULL","NULL","0211"
"2013","NULL","0","alle","prosent","72.8","sysselsatte_kjonn_land","NULL","NULL","0211"
"2013","NULL","1","1","personer","235","sysselsatte_kjonn_land","NULL","NULL","0211"
"2013","NULL","1","1","prosent","76.3","sysselsatte_kjonn_land","NULL","NULL","0211"
"2013","NULL","1","2","personer","255","sysselsatte_kjonn_land","NULL","NULL","0211"
"2013","NULL","1","2","prosent","60.9","sysselsatte_kjonn_land","NULL","NULL","0211"
"2013","NULL","1","alle","personer","490","sysselsatte_kjonn_land","NULL","NULL","0211"
"2013","NULL","1","alle","prosent","67.4","sysselsatte_kjonn_land","NULL","NULL","0211"
"2013","NULL","alle","1","personer","599","sysselsatte_kjonn_land","NULL","NULL","0211"
"2013","NULL","alle","1","prosent","77","sysselsatte_kjonn_land","NULL","NULL","0211"
"2013","NULL","alle","2","personer","480","sysselsatte_kjonn_land","NULL","NULL","0211"
"2013","NULL","alle","2","prosent","63.3","sysselsatte_kjonn_land","NULL","NULL","0211"
"2013","NULL","alle","alle","personer","1079","sysselsatte_kjonn_land","NULL","NULL","0211"
"2013","NULL","alle","alle","prosent","70.2","sysselsatte_kjonn_land","NULL","NULL","0211"
"2013","NULL","0","1","personer","641","sysselsatte_kjonn_land","NULL","NULL","0213"
"2013","NULL","0","1","prosent","78.7","sysselsatte_kjonn_land","NULL","NULL","0213"
"2013","NULL","0","2","personer","507","sysselsatte_kjonn_land","NULL","NULL","0213"
"2013","NULL","0","2","prosent","64.6","sysselsatte_kjonn_land","NULL","NULL","0213"
"2013","NULL","0","alle","personer","1148","sysselsatte_kjonn_land","NULL","NULL","0213"
"2013","NULL","0","alle","prosent","71.8","sysselsatte_kjonn_land","NULL","NULL","0213"
"2013","NULL","1","1","personer","421","sysselsatte_kjonn_land","NULL","NULL","0213"
"2013","NULL","1","1","prosent","75.2","sysselsatte_kjonn_land","NULL","NULL","0213"
"2013","NULL","1","2","personer","500","sysselsatte_kjonn_land","NULL","NULL","0213"
"2013","NULL","1","2","prosent","55.8","sysselsatte_kjonn_land","NULL","NULL","0213"
"2013","NULL","1","alle","personer","921","sysselsatte_kjonn_land","NULL","NULL","0213"
"2013","NULL","1","alle","prosent","63.3","sysselsatte_kjonn_land","NULL","NULL","0213"
"2013","NULL","alle","1","personer","1062","sysselsatte_kjonn_land","NULL","NULL","0213"
"2013","NULL","alle","1","prosent","77.2","sysselsatte_kjonn_land","NULL","NULL","0213"
"2013","NULL","alle","2","personer","1007","sysselsatte_kjonn_land","NULL","NULL","0213"
"2013","NULL","alle","2","prosent","59.9","sysselsatte_kjonn_land","NULL","NULL","0213"
"2013","NULL","alle","alle","personer","2069","sysselsatte_kjonn_land","NULL","NULL","0213"
"2013","NULL","alle","alle","prosent","67.7","sysselsatte_kjonn_land","NULL","NULL","0213"
"2013","NULL","0","1","personer","541","sysselsatte_kjonn_land","NULL","NULL","0214"
"2013","NULL","0","1","prosent","77","sysselsatte_kjonn_land","NULL","NULL","0214"
"2013","NULL","0","2","personer","475","sysselsatte_kjonn_land","NULL","NULL","0214"
"2013","NULL","0","2","prosent","68.8","sysselsatte_kjonn_land","NULL","NULL","0214"
"2013","NULL","0","alle","personer","1016","sysselsatte_kjonn_land","NULL","NULL","0214"
"2013","NULL","0","alle","prosent","72.9","sysselsatte_kjonn_land","NULL","NULL","0214"
"2013","NULL","1","1","personer","356","sysselsatte_kjonn_land","NULL","NULL","0214"
"2013","NULL","1","1","prosent","72.4","sysselsatte_kjonn_land","NULL","NULL","0214"
"2013","NULL","1","2","personer","360","sysselsatte_kjonn_land","NULL","NULL","0214"
"2013","NULL","1","2","prosent","55.8","sysselsatte_kjonn_land","NULL","NULL","0214"
"2013","NULL","1","alle","personer","716","sysselsatte_kjonn_land","NULL","NULL","0214"
"2013","NULL","1","alle","prosent","63","sysselsatte_kjonn_land","NULL","NULL","0214"
"2013","NULL","alle","1","personer","897","sysselsatte_kjonn_land","NULL","NULL","0214"
"2013","NULL","alle","1","prosent","75.1","sysselsatte_kjonn_land","NULL","NULL","0214"
"2013","NULL","alle","2","personer","835","sysselsatte_kjonn_land","NULL","NULL","0214"
"2013","NULL","alle","2","prosent","62.5","sysselsatte_kjonn_land","NULL","NULL","0214"
"2013","NULL","alle","alle","personer","1732","sysselsatte_kjonn_land","NULL","NULL","0214"
"2013","NULL","alle","alle","prosent","68.5","sysselsatte_kjonn_land","NULL","NULL","0214"
"2013","NULL","0","1","personer","306","sysselsatte_kjonn_land","NULL","NULL","0215"
"2013","NULL","0","1","prosent","75.2","sysselsatte_kjonn_land","NULL","NULL","0215"
"2013","NULL","0","2","personer","117","sysselsatte_kjonn_land","NULL","NULL","0215"
"2013","NULL","0","2","prosent","66.1","sysselsatte_kjonn_land","NULL","NULL","0215"
"2013","NULL","0","alle","personer","423","sysselsatte_kjonn_land","NULL","NULL","0215"
"2013","NULL","0","alle","prosent","72.4","sysselsatte_kjonn_land","NULL","NULL","0215"
"2013","NULL","1","1","personer","274","sysselsatte_kjonn_land","NULL","NULL","0215"
"2013","NULL","1","1","prosent","77.8","sysselsatte_kjonn_land","NULL","NULL","0215"
"2013","NULL","1","2","personer","146","sysselsatte_kjonn_land","NULL","NULL","0215"
"2013","NULL","1","2","prosent","57","sysselsatte_kjonn_land","NULL","NULL","0215"
"2013","NULL","1","alle","personer","420","sysselsatte_kjonn_land","NULL","NULL","0215"
"2013","NULL","1","alle","prosent","69.1","sysselsatte_kjonn_land","NULL","NULL","0215"
"2013","NULL","alle","1","personer","580","sysselsatte_kjonn_land","NULL","NULL","0215"
"2013","NULL","alle","1","prosent","76.4","sysselsatte_kjonn_land","NULL","NULL","0215"
"2013","NULL","alle","2","personer","263","sysselsatte_kjonn_land","NULL","NULL","0215"
"2013","NULL","alle","2","prosent","60.7","sysselsatte_kjonn_land","NULL","NULL","0215"
"2013","NULL","alle","alle","personer","843","sysselsatte_kjonn_land","NULL","NULL","0215"
"2013","NULL","alle","alle","prosent","70.7","sysselsatte_kjonn_land","NULL","NULL","0215"
"2013","NULL","0","1","personer","477","sysselsatte_kjonn_land","NULL","NULL","0216"
"2013","NULL","0","1","prosent","80.6","sysselsatte_kjonn_land","NULL","NULL","0216"
"2013","NULL","0","2","personer","160","sysselsatte_kjonn_land","NULL","NULL","0216"
"2013","NULL","0","2","prosent","64","sysselsatte_kjonn_land","NULL","NULL","0216"
"2013","NULL","0","alle","personer","637","sysselsatte_kjonn_land","NULL","NULL","0216"
"2013","NULL","0","alle","prosent","75.7","sysselsatte_kjonn_land","NULL","NULL","0216"
"2013","NULL","1","1","personer","388","sysselsatte_kjonn_land","NULL","NULL","0216"
"2013","NULL","1","1","prosent","77.6","sysselsatte_kjonn_land","NULL","NULL","0216"
"2013","NULL","1","2","personer","193","sysselsatte_kjonn_land","NULL","NULL","0216"
"2013","NULL","1","2","prosent","58.1","sysselsatte_kjonn_land","NULL","NULL","0216"
"2013","NULL","1","alle","personer","581","sysselsatte_kjonn_land","NULL","NULL","0216"
"2013","NULL","1","alle","prosent","69.8","sysselsatte_kjonn_land","NULL","NULL","0216"
"2013","NULL","alle","1","personer","865","sysselsatte_kjonn_land","NULL","NULL","0216"
"2013","NULL","alle","1","prosent","79.2","sysselsatte_kjonn_land","NULL","NULL","0216"
"2013","NULL","alle","2","personer","353","sysselsatte_kjonn_land","NULL","NULL","0216"
"2013","NULL","alle","2","prosent","60.7","sysselsatte_kjonn_land","NULL","NULL","0216"
"2013","NULL","alle","alle","personer","1218","sysselsatte_kjonn_land","NULL","NULL","0216"
"2013","NULL","alle","alle","prosent","72.8","sysselsatte_kjonn_land","NULL","NULL","0216"
"2013","NULL","0","1","personer","529","sysselsatte_kjonn_land","NULL","NULL","0217"
"2013","NULL","0","1","prosent","79.9","sysselsatte_kjonn_land","NULL","NULL","0217"
"2013","NULL","0","2","personer","334","sysselsatte_kjonn_land","NULL","NULL","0217"
"2013","NULL","0","2","prosent","62.9","sysselsatte_kjonn_land","NULL","NULL","0217"
"2013","NULL","0","alle","personer","863","sysselsatte_kjonn_land","NULL","NULL","0217"
"2013","NULL","0","alle","prosent","72.3","sysselsatte_kjonn_land","NULL","NULL","0217"
"2013","NULL","1","1","personer","401","sysselsatte_kjonn_land","NULL","NULL","0217"
"2013","NULL","1","1","prosent","76.5","sysselsatte_kjonn_land","NULL","NULL","0217"
"2013","NULL","1","2","personer","369","sysselsatte_kjonn_land","NULL","NULL","0217"
"2013","NULL","1","2","prosent","54.9","sysselsatte_kjonn_land","NULL","NULL","0217"
"2013","NULL","1","alle","personer","770","sysselsatte_kjonn_land","NULL","NULL","0217"
"2013","NULL","1","alle","prosent","64.4","sysselsatte_kjonn_land","NULL","NULL","0217"
"2013","NULL","alle","1","personer","930","sysselsatte_kjonn_land","NULL","NULL","0217"
"2013","NULL","alle","1","prosent","78.4","sysselsatte_kjonn_land","NULL","NULL","0217"
"2013","NULL","alle","2","personer","703","sysselsatte_kjonn_land","NULL","NULL","0217"
"2013","NULL","alle","2","prosent","58.4","sysselsatte_kjonn_land","NULL","NULL","0217"
"2013","NULL","alle","alle","personer","1633","sysselsatte_kjonn_land","NULL","NULL","0217"
"2013","NULL","alle","alle","prosent","68.4","sysselsatte_kjonn_land","NULL","NULL","0217"
"2013","NULL","0","1","personer","3748","sysselsatte_kjonn_land","NULL","NULL","0219"
"2013","NULL","0","1","prosent","79.9","sysselsatte_kjonn_land","NULL","NULL","0219"
"2013","NULL","0","2","personer","2244","sysselsatte_kjonn_land","NULL","NULL","0219"
"2013","NULL","0","2","prosent","69.9","sysselsatte_kjonn_land","NULL","NULL","0219"
"2013","NULL","0","alle","personer","5992","sysselsatte_kjonn_land","NULL","NULL","0219"
"2013","NULL","0","alle","prosent","75.9","sysselsatte_kjonn_land","NULL","NULL","0219"
"2013","NULL","1","1","personer","2546","sysselsatte_kjonn_land","NULL","NULL","0219"
"2013","NULL","1","1","prosent","74.9","sysselsatte_kjonn_land","NULL","NULL","0219"
"2013","NULL","1","2","personer","2269","sysselsatte_kjonn_land","NULL","NULL","0219"
"2013","NULL","1","2","prosent","54.4","sysselsatte_kjonn_land","NULL","NULL","0219"
"2013","NULL","1","alle","personer","4815","sysselsatte_kjonn_land","NULL","NULL","0219"
"2013","NULL","1","alle","prosent","63.6","sysselsatte_kjonn_land","NULL","NULL","0219"
"2013","NULL","alle","1","personer","6294","sysselsatte_kjonn_land","NULL","NULL","0219"
"2013","NULL","alle","1","prosent","77.8","sysselsatte_kjonn_land","NULL","NULL","0219"
"2013","NULL","alle","2","personer","4513","sysselsatte_kjonn_land","NULL","NULL","0219"
"2013","NULL","alle","2","prosent","61.2","sysselsatte_kjonn_land","NULL","NULL","0219"
"2013","NULL","alle","alle","personer","10807","sysselsatte_kjonn_land","NULL","NULL","0219"
"2013","NULL","alle","alle","prosent","69.9","sysselsatte_kjonn_land","NULL","NULL","0219"
"2013","NULL","0","1","personer","1866","sysselsatte_kjonn_land","NULL","NULL","0220"
"2013","NULL","0","1","prosent","79","sysselsatte_kjonn_land","NULL","NULL","0220"
"2013","NULL","0","2","personer","1000","sysselsatte_kjonn_land","NULL","NULL","0220"
"2013","NULL","0","2","prosent","70.4","sysselsatte_kjonn_land","NULL","NULL","0220"
"2013","NULL","0","alle","personer","2866","sysselsatte_kjonn_land","NULL","NULL","0220"
"2013","NULL","0","alle","prosent","75.7","sysselsatte_kjonn_land","NULL","NULL","0220"
"2013","NULL","1","1","personer","1243","sysselsatte_kjonn_land","NULL","NULL","0220"
"2013","NULL","1","1","prosent","75.2","sysselsatte_kjonn_land","NULL","NULL","0220"
"2013","NULL","1","2","personer","1009","sysselsatte_kjonn_land","NULL","NULL","0220"
"2013","NULL","1","2","prosent","56.1","sysselsatte_kjonn_land","NULL","NULL","0220"
"2013","NULL","1","alle","personer","2252","sysselsatte_kjonn_land","NULL","NULL","0220"
"2013","NULL","1","alle","prosent","65.3","sysselsatte_kjonn_land","NULL","NULL","0220"
"2013","NULL","alle","1","personer","3109","sysselsatte_kjonn_land","NULL","NULL","0220"
"2013","NULL","alle","1","prosent","77.4","sysselsatte_kjonn_land","NULL","NULL","0220"
"2013","NULL","alle","2","personer","2009","sysselsatte_kjonn_land","NULL","NULL","0220"
"2013","NULL","alle","2","prosent","62.4","sysselsatte_kjonn_land","NULL","NULL","0220"
"2013","NULL","alle","alle","personer","5118","sysselsatte_kjonn_land","NULL","NULL","0220"
"2013","NULL","alle","alle","prosent","70.7","sysselsatte_kjonn_land","NULL","NULL","0220"
"2013","NULL","0","1","personer","408","sysselsatte_kjonn_land","NULL","NULL","0221"
"2013","NULL","0","1","prosent","75.1","sysselsatte_kjonn_land","NULL","NULL","0221"
"2013","NULL","0","2","personer","68","sysselsatte_kjonn_land","NULL","NULL","0221"
"2013","NULL","0","2","prosent","65.4","sysselsatte_kjonn_land","NULL","NULL","0221"
"2013","NULL","0","alle","personer","476","sysselsatte_kjonn_land","NULL","NULL","0221"
"2013","NULL","0","alle","prosent","73.6","sysselsatte_kjonn_land","NULL","NULL","0221"
"2013","NULL","1","1","personer","220","sysselsatte_kjonn_land","NULL","NULL","0221"
"2013","NULL","1","1","prosent","68.5","sysselsatte_kjonn_land","NULL","NULL","0221"
"2013","NULL","1","2","personer","96","sysselsatte_kjonn_land","NULL","NULL","0221"
"2013","NULL","1","2","prosent","54.9","sysselsatte_kjonn_land","NULL","NULL","0221"
"2013","NULL","1","alle","personer","316","sysselsatte_kjonn_land","NULL","NULL","0221"
"2013","NULL","1","alle","prosent","63.7","sysselsatte_kjonn_land","NULL","NULL","0221"
"2013","NULL","alle","1","personer","628","sysselsatte_kjonn_land","NULL","NULL","0221"
"2013","NULL","alle","1","prosent","72.7","sysselsatte_kjonn_land","NULL","NULL","0221"
"2013","NULL","alle","2","personer","164","sysselsatte_kjonn_land","NULL","NULL","0221"
"2013","NULL","alle","2","prosent","58.8","sysselsatte_kjonn_land","NULL","NULL","0221"
"2013","NULL","alle","alle","personer","792","sysselsatte_kjonn_land","NULL","NULL","0221"
"2013","NULL","alle","alle","prosent","69.3","sysselsatte_kjonn_land","NULL","NULL","0221"
"2013","NULL","0","1","personer","552","sysselsatte_kjonn_land","NULL","NULL","0226"
"2013","NULL","0","1","prosent","77.3","sysselsatte_kjonn_land","NULL","NULL","0226"
"2013","NULL","0","2","personer","231","sysselsatte_kjonn_land","NULL","NULL","0226"
"2013","NULL","0","2","prosent","72.9","sysselsatte_kjonn_land","NULL","NULL","0226"
"2013","NULL","0","alle","personer","783","sysselsatte_kjonn_land","NULL","NULL","0226"
"2013","NULL","0","alle","prosent","75.9","sysselsatte_kjonn_land","NULL","NULL","0226"
"2013","NULL","1","1","personer","304","sysselsatte_kjonn_land","NULL","NULL","0226"
"2013","NULL","1","1","prosent","73.6","sysselsatte_kjonn_land","NULL","NULL","0226"
"2013","NULL","1","2","personer","230","sysselsatte_kjonn_land","NULL","NULL","0226"
"2013","NULL","1","2","prosent","61.2","sysselsatte_kjonn_land","NULL","NULL","0226"
"2013","NULL","1","alle","personer","534","sysselsatte_kjonn_land","NULL","NULL","0226"
"2013","NULL","1","alle","prosent","67.7","sysselsatte_kjonn_land","NULL","NULL","0226"
"2013","NULL","alle","1","personer","856","sysselsatte_kjonn_land","NULL","NULL","0226"
"2013","NULL","alle","1","prosent","76","sysselsatte_kjonn_land","NULL","NULL","0226"
"2013","NULL","alle","2","personer","461","sysselsatte_kjonn_land","NULL","NULL","0226"
"2013","NULL","alle","2","prosent","66.5","sysselsatte_kjonn_land","NULL","NULL","0226"
"2013","NULL","alle","alle","personer","1317","sysselsatte_kjonn_land","NULL","NULL","0226"
"2013","NULL","alle","alle","prosent","72.4","sysselsatte_kjonn_land","NULL","NULL","0226"
"2013","NULL","0","1","personer","342","sysselsatte_kjonn_land","NULL","NULL","0227"
"2013","NULL","0","1","prosent","75.5","sysselsatte_kjonn_land","NULL","NULL","0227"
"2013","NULL","0","2","personer","123","sysselsatte_kjonn_land","NULL","NULL","0227"
"2013","NULL","0","2","prosent","70.7","sysselsatte_kjonn_land","NULL","NULL","0227"
"2013","NULL","0","alle","personer","465","sysselsatte_kjonn_land","NULL","NULL","0227"
"2013","NULL","0","alle","prosent","74.2","sysselsatte_kjonn_land","NULL","NULL","0227"
"2013","NULL","1","1","personer","196","sysselsatte_kjonn_land","NULL","NULL","0227"
"2013","NULL","1","1","prosent","74.5","sysselsatte_kjonn_land","NULL","NULL","0227"
"2013","NULL","1","2","personer","123","sysselsatte_kjonn_land","NULL","NULL","0227"
"2013","NULL","1","2","prosent","58.9","sysselsatte_kjonn_land","NULL","NULL","0227"
"2013","NULL","1","alle","personer","319","sysselsatte_kjonn_land","NULL","NULL","0227"
"2013","NULL","1","alle","prosent","67.6","sysselsatte_kjonn_land","NULL","NULL","0227"
"2013","NULL","alle","1","personer","538","sysselsatte_kjonn_land","NULL","NULL","0227"
"2013","NULL","alle","1","prosent","75.1","sysselsatte_kjonn_land","NULL","NULL","0227"
"2013","NULL","alle","2","personer","246","sysselsatte_kjonn_land","NULL","NULL","0227"
"2013","NULL","alle","2","prosent","64.2","sysselsatte_kjonn_land","NULL","NULL","0227"
"2013","NULL","alle","alle","personer","784","sysselsatte_kjonn_land","NULL","NULL","0227"
"2013","NULL","alle","alle","prosent","71.3","sysselsatte_kjonn_land","NULL","NULL","0227"
"2013","NULL","0","1","personer","438","sysselsatte_kjonn_land","NULL","NULL","0228"
"2013","NULL","0","1","prosent","82","sysselsatte_kjonn_land","NULL","NULL","0228"
"2013","NULL","0","2","personer","447","sysselsatte_kjonn_land","NULL","NULL","0228"
"2013","NULL","0","2","prosent","73.8","sysselsatte_kjonn_land","NULL","NULL","0228"
"2013","NULL","0","alle","personer","885","sysselsatte_kjonn_land","NULL","NULL","0228"
"2013","NULL","0","alle","prosent","77.6","sysselsatte_kjonn_land","NULL","NULL","0228"
"2013","NULL","1","1","personer","257","sysselsatte_kjonn_land","NULL","NULL","0228"
"2013","NULL","1","1","prosent","80.3","sysselsatte_kjonn_land","NULL","NULL","0228"
"2013","NULL","1","2","personer","433","sysselsatte_kjonn_land","NULL","NULL","0228"
"2013","NULL","1","2","prosent","57","sysselsatte_kjonn_land","NULL","NULL","0228"
"2013","NULL","1","alle","personer","690","sysselsatte_kjonn_land","NULL","NULL","0228"
"2013","NULL","1","alle","prosent","63.9","sysselsatte_kjonn_land","NULL","NULL","0228"
"2013","NULL","alle","1","personer","695","sysselsatte_kjonn_land","NULL","NULL","0228"
"2013","NULL","alle","1","prosent","81.4","sysselsatte_kjonn_land","NULL","NULL","0228"
"2013","NULL","alle","2","personer","880","sysselsatte_kjonn_land","NULL","NULL","0228"
"2013","NULL","alle","2","prosent","64.5","sysselsatte_kjonn_land","NULL","NULL","0228"
"2013","NULL","alle","alle","personer","1575","sysselsatte_kjonn_land","NULL","NULL","0228"
"2013","NULL","alle","alle","prosent","71","sysselsatte_kjonn_land","NULL","NULL","0228"
"2013","NULL","0","1","personer","253","sysselsatte_kjonn_land","NULL","NULL","0229"
"2013","NULL","0","1","prosent","75.1","sysselsatte_kjonn_land","NULL","NULL","0229"
"2013","NULL","0","2","personer","129","sysselsatte_kjonn_land","NULL","NULL","0229"
"2013","NULL","0","2","prosent","71.3","sysselsatte_kjonn_land","NULL","NULL","0229"
"2013","NULL","0","alle","personer","382","sysselsatte_kjonn_land","NULL","NULL","0229"
"2013","NULL","0","alle","prosent","73.7","sysselsatte_kjonn_land","NULL","NULL","0229"
"2013","NULL","1","1","personer","162","sysselsatte_kjonn_land","NULL","NULL","0229"
"2013","NULL","1","1","prosent","71.4","sysselsatte_kjonn_land","NULL","NULL","0229"
"2013","NULL","1","2","personer","137","sysselsatte_kjonn_land","NULL","NULL","0229"
"2013","NULL","1","2","prosent","62.3","sysselsatte_kjonn_land","NULL","NULL","0229"
"2013","NULL","1","alle","personer","299","sysselsatte_kjonn_land","NULL","NULL","0229"
"2013","NULL","1","alle","prosent","66.9","sysselsatte_kjonn_land","NULL","NULL","0229"
"2013","NULL","alle","1","personer","415","sysselsatte_kjonn_land","NULL","NULL","0229"
"2013","NULL","alle","1","prosent","73.6","sysselsatte_kjonn_land","NULL","NULL","0229"
"2013","NULL","alle","2","personer","266","sysselsatte_kjonn_land","NULL","NULL","0229"
"2013","NULL","alle","2","prosent","66.3","sysselsatte_kjonn_land","NULL","NULL","0229"
"2013","NULL","alle","alle","personer","681","sysselsatte_kjonn_land","NULL","NULL","0229"
"2013","NULL","alle","alle","prosent","70.6","sysselsatte_kjonn_land","NULL","NULL","0229"
"2013","NULL","0","1","personer","952","sysselsatte_kjonn_land","NULL","NULL","0230"
"2013","NULL","0","1","prosent","75.1","sysselsatte_kjonn_land","NULL","NULL","0230"
"2013","NULL","0","2","personer","1085","sysselsatte_kjonn_land","NULL","NULL","0230"
"2013","NULL","0","2","prosent","69.6","sysselsatte_kjonn_land","NULL","NULL","0230"
"2013","NULL","0","alle","personer","2037","sysselsatte_kjonn_land","NULL","NULL","0230"
"2013","NULL","0","alle","prosent","72.1","sysselsatte_kjonn_land","NULL","NULL","0230"
"2013","NULL","1","1","personer","531","sysselsatte_kjonn_land","NULL","NULL","0230"
"2013","NULL","1","1","prosent","76.5","sysselsatte_kjonn_land","NULL","NULL","0230"
"2013","NULL","1","2","personer","1003","sysselsatte_kjonn_land","NULL","NULL","0230"
"2013","NULL","1","2","prosent","58.6","sysselsatte_kjonn_land","NULL","NULL","0230"
"2013","NULL","1","alle","personer","1534","sysselsatte_kjonn_land","NULL","NULL","0230"
"2013","NULL","1","alle","prosent","63.8","sysselsatte_kjonn_land","NULL","NULL","0230"
"2013","NULL","alle","1","personer","1483","sysselsatte_kjonn_land","NULL","NULL","0230"
"2013","NULL","alle","1","prosent","75.6","sysselsatte_kjonn_land","NULL","NULL","0230"
"2013","NULL","alle","2","personer","2088","sysselsatte_kjonn_land","NULL","NULL","0230"
"2013","NULL","alle","2","prosent","63.8","sysselsatte_kjonn_land","NULL","NULL","0230"
"2013","NULL","alle","alle","personer","3571","sysselsatte_kjonn_land","NULL","NULL","0230"
"2013","NULL","alle","alle","prosent","68.3","sysselsatte_kjonn_land","NULL","NULL","0230"
"2013","NULL","0","1","personer","1260","sysselsatte_kjonn_land","NULL","NULL","0231"
"2013","NULL","0","1","prosent","74","sysselsatte_kjonn_land","NULL","NULL","0231"
"2013","NULL","0","2","personer","1563","sysselsatte_kjonn_land","NULL","NULL","0231"
"2013","NULL","0","2","prosent","69","sysselsatte_kjonn_land","NULL","NULL","0231"
"2013","NULL","0","alle","personer","2823","sysselsatte_kjonn_land","NULL","NULL","0231"
"2013","NULL","0","alle","prosent","71.2","sysselsatte_kjonn_land","NULL","NULL","0231"
"2013","NULL","1","1","personer","711","sysselsatte_kjonn_land","NULL","NULL","0231"
"2013","NULL","1","1","prosent","76.5","sysselsatte_kjonn_land","NULL","NULL","0231"
"2013","NULL","1","2","personer","1390","sysselsatte_kjonn_land","NULL","NULL","0231"
"2013","NULL","1","2","prosent","54.4","sysselsatte_kjonn_land","NULL","NULL","0231"
"2013","NULL","1","alle","personer","2101","sysselsatte_kjonn_land","NULL","NULL","0231"
"2013","NULL","1","alle","prosent","60.3","sysselsatte_kjonn_land","NULL","NULL","0231"
"2013","NULL","alle","1","personer","1971","sysselsatte_kjonn_land","NULL","NULL","0231"
"2013","NULL","alle","1","prosent","74.9","sysselsatte_kjonn_land","NULL","NULL","0231"
"2013","NULL","alle","2","personer","2953","sysselsatte_kjonn_land","NULL","NULL","0231"
"2013","NULL","alle","2","prosent","61.3","sysselsatte_kjonn_land","NULL","NULL","0231"
"2013","NULL","alle","alle","personer","4924","sysselsatte_kjonn_land","NULL","NULL","0231"
"2013","NULL","alle","alle","prosent","66.1","sysselsatte_kjonn_land","NULL","NULL","0231"
"2013","NULL","0","1","personer","602","sysselsatte_kjonn_land","NULL","NULL","0233"
"2013","NULL","0","1","prosent","82","sysselsatte_kjonn_land","NULL","NULL","0233"
"2013","NULL","0","2","personer","305","sysselsatte_kjonn_land","NULL","NULL","0233"
"2013","NULL","0","2","prosent","74.2","sysselsatte_kjonn_land","NULL","NULL","0233"
"2013","NULL","0","alle","personer","907","sysselsatte_kjonn_land","NULL","NULL","0233"
"2013","NULL","0","alle","prosent","79.2","sysselsatte_kjonn_land","NULL","NULL","0233"
"2013","NULL","1","1","personer","328","sysselsatte_kjonn_land","NULL","NULL","0233"
"2013","NULL","1","1","prosent","78.1","sysselsatte_kjonn_land","NULL","NULL","0233"
"2013","NULL","1","2","personer","331","sysselsatte_kjonn_land","NULL","NULL","0233"
"2013","NULL","1","2","prosent","62.5","sysselsatte_kjonn_land","NULL","NULL","0233"
"2013","NULL","1","alle","personer","659","sysselsatte_kjonn_land","NULL","NULL","0233"
"2013","NULL","1","alle","prosent","69.4","sysselsatte_kjonn_land","NULL","NULL","0233"
"2013","NULL","alle","1","personer","930","sysselsatte_kjonn_land","NULL","NULL","0233"
"2013","NULL","alle","1","prosent","80.6","sysselsatte_kjonn_land","NULL","NULL","0233"
"2013","NULL","alle","2","personer","636","sysselsatte_kjonn_land","NULL","NULL","0233"
"2013","NULL","alle","2","prosent","67.6","sysselsatte_kjonn_land","NULL","NULL","0233"
"2013","NULL","alle","alle","personer","1566","sysselsatte_kjonn_land","NULL","NULL","0233"
"2013","NULL","alle","alle","prosent","74.7","sysselsatte_kjonn_land","NULL","NULL","0233"
"2013","NULL","0","1","personer","266","sysselsatte_kjonn_land","NULL","NULL","0234"
"2013","NULL","0","1","prosent","80.4","sysselsatte_kjonn_land","NULL","NULL","0234"
"2013","NULL","0","2","personer","40","sysselsatte_kjonn_land","NULL","NULL","0234"
"2013","NULL","0","2","prosent","67.8","sysselsatte_kjonn_land","NULL","NULL","0234"
"2013","NULL","0","alle","personer","306","sysselsatte_kjonn_land","NULL","NULL","0234"
"2013","NULL","0","alle","prosent","78.5","sysselsatte_kjonn_land","NULL","NULL","0234"
"2013","NULL","1","1","personer","94","sysselsatte_kjonn_land","NULL","NULL","0234"
"2013","NULL","1","1","prosent","72.9","sysselsatte_kjonn_land","NULL","NULL","0234"
"2013","NULL","1","2","personer","47","sysselsatte_kjonn_land","NULL","NULL","0234"
"2013","NULL","1","2","prosent","54","sysselsatte_kjonn_land","NULL","NULL","0234"
"2013","NULL","1","alle","personer","141","sysselsatte_kjonn_land","NULL","NULL","0234"
"2013","NULL","1","alle","prosent","65.3","sysselsatte_kjonn_land","NULL","NULL","0234"
"2013","NULL","alle","1","personer","360","sysselsatte_kjonn_land","NULL","NULL","0234"
"2013","NULL","alle","1","prosent","78.3","sysselsatte_kjonn_land","NULL","NULL","0234"
"2013","NULL","alle","2","personer","87","sysselsatte_kjonn_land","NULL","NULL","0234"
"2013","NULL","alle","2","prosent","59.6","sysselsatte_kjonn_land","NULL","NULL","0234"
"2013","NULL","alle","alle","personer","447","sysselsatte_kjonn_land","NULL","NULL","0234"
"2013","NULL","alle","alle","prosent","73.8","sysselsatte_kjonn_land","NULL","NULL","0234"
"2013","NULL","0","1","personer","1026","sysselsatte_kjonn_land","NULL","NULL","0235"
"2013","NULL","0","1","prosent","81","sysselsatte_kjonn_land","NULL","NULL","0235"
"2013","NULL","0","2","personer","686","sysselsatte_kjonn_land","NULL","NULL","0235"
"2013","NULL","0","2","prosent","70.7","sysselsatte_kjonn_land","NULL","NULL","0235"
"2013","NULL","0","alle","personer","1712","sysselsatte_kjonn_land","NULL","NULL","0235"
"2013","NULL","0","alle","prosent","76.6","sysselsatte_kjonn_land","NULL","NULL","0235"
"2013","NULL","1","1","personer","603","sysselsatte_kjonn_land","NULL","NULL","0235"
"2013","NULL","1","1","prosent","73.2","sysselsatte_kjonn_land","NULL","NULL","0235"
"2013","NULL","1","2","personer","708","sysselsatte_kjonn_land","NULL","NULL","0235"
"2013","NULL","1","2","prosent","59.7","sysselsatte_kjonn_land","NULL","NULL","0235"
"2013","NULL","1","alle","personer","1311","sysselsatte_kjonn_land","NULL","NULL","0235"
"2013","NULL","1","alle","prosent","65.3","sysselsatte_kjonn_land","NULL","NULL","0235"
"2013","NULL","alle","1","personer","1629","sysselsatte_kjonn_land","NULL","NULL","0235"
"2013","NULL","alle","1","prosent","77.9","sysselsatte_kjonn_land","NULL","NULL","0235"
"2013","NULL","alle","2","personer","1394","sysselsatte_kjonn_land","NULL","NULL","0235"
"2013","NULL","alle","2","prosent","64.7","sysselsatte_kjonn_land","NULL","NULL","0235"
"2013","NULL","alle","alle","personer","3023","sysselsatte_kjonn_land","NULL","NULL","0235"
"2013","NULL","alle","alle","prosent","71.2","sysselsatte_kjonn_land","NULL","NULL","0235"
"2013","NULL","0","1","personer","409","sysselsatte_kjonn_land","NULL","NULL","0236"
"2013","NULL","0","1","prosent","77.6","sysselsatte_kjonn_land","NULL","NULL","0236"
"2013","NULL","0","2","personer","151","sysselsatte_kjonn_land","NULL","NULL","0236"
"2013","NULL","0","2","prosent","64","sysselsatte_kjonn_land","NULL","NULL","0236"
"2013","NULL","0","alle","personer","560","sysselsatte_kjonn_land","NULL","NULL","0236"
"2013","NULL","0","alle","prosent","73.4","sysselsatte_kjonn_land","NULL","NULL","0236"
"2013","NULL","1","1","personer","249","sysselsatte_kjonn_land","NULL","NULL","0236"
"2013","NULL","1","1","prosent","72","sysselsatte_kjonn_land","NULL","NULL","0236"
"2013","NULL","1","2","personer","198","sysselsatte_kjonn_land","NULL","NULL","0236"
"2013","NULL","1","2","prosent","53.1","sysselsatte_kjonn_land","NULL","NULL","0236"
"2013","NULL","1","alle","personer","447","sysselsatte_kjonn_land","NULL","NULL","0236"
"2013","NULL","1","alle","prosent","62.2","sysselsatte_kjonn_land","NULL","NULL","0236"
"2013","NULL","alle","1","personer","658","sysselsatte_kjonn_land","NULL","NULL","0236"
"2013","NULL","alle","1","prosent","75.4","sysselsatte_kjonn_land","NULL","NULL","0236"
"2013","NULL","alle","2","personer","349","sysselsatte_kjonn_land","NULL","NULL","0236"
"2013","NULL","alle","2","prosent","57.3","sysselsatte_kjonn_land","NULL","NULL","0236"
"2013","NULL","alle","alle","personer","1007","sysselsatte_kjonn_land","NULL","NULL","0236"
"2013","NULL","alle","alle","prosent","67.9","sysselsatte_kjonn_land","NULL","NULL","0236"
"2013","NULL","0","1","personer","474","sysselsatte_kjonn_land","NULL","NULL","0237"
"2013","NULL","0","1","prosent","77.8","sysselsatte_kjonn_land","NULL","NULL","0237"
"2013","NULL","0","2","personer","203","sysselsatte_kjonn_land","NULL","NULL","0237"
"2013","NULL","0","2","prosent","64","sysselsatte_kjonn_land","NULL","NULL","0237"
"2013","NULL","0","alle","personer","677","sysselsatte_kjonn_land","NULL","NULL","0237"
"2013","NULL","0","alle","prosent","73.1","sysselsatte_kjonn_land","NULL","NULL","0237"
"2013","NULL","1","1","personer","306","sysselsatte_kjonn_land","NULL","NULL","0237"
"2013","NULL","1","1","prosent","70.7","sysselsatte_kjonn_land","NULL","NULL","0237"
"2013","NULL","1","2","personer","281","sysselsatte_kjonn_land","NULL","NULL","0237"
"2013","NULL","1","2","prosent","58.8","sysselsatte_kjonn_land","NULL","NULL","0237"
"2013","NULL","1","alle","personer","587","sysselsatte_kjonn_land","NULL","NULL","0237"
"2013","NULL","1","alle","prosent","64.4","sysselsatte_kjonn_land","NULL","NULL","0237"
"2013","NULL","alle","1","personer","780","sysselsatte_kjonn_land","NULL","NULL","0237"
"2013","NULL","alle","1","prosent","74.9","sysselsatte_kjonn_land","NULL","NULL","0237"
"2013","NULL","alle","2","personer","484","sysselsatte_kjonn_land","NULL","NULL","0237"
"2013","NULL","alle","2","prosent","60.9","sysselsatte_kjonn_land","NULL","NULL","0237"
"2013","NULL","alle","alle","personer","1264","sysselsatte_kjonn_land","NULL","NULL","0237"
"2013","NULL","alle","alle","prosent","68.8","sysselsatte_kjonn_land","NULL","NULL","0237"
"2013","NULL","0","1","personer","425","sysselsatte_kjonn_land","NULL","NULL","0238"
"2013","NULL","0","1","prosent","81.4","sysselsatte_kjonn_land","NULL","NULL","0238"
"2013","NULL","0","2","personer","135","sysselsatte_kjonn_land","NULL","NULL","0238"
"2013","NULL","0","2","prosent","69.2","sysselsatte_kjonn_land","NULL","NULL","0238"
"2013","NULL","0","alle","personer","560","sysselsatte_kjonn_land","NULL","NULL","0238"
"2013","NULL","0","alle","prosent","78.1","sysselsatte_kjonn_land","NULL","NULL","0238"
"2013","NULL","1","1","personer","197","sysselsatte_kjonn_land","NULL","NULL","0238"
"2013","NULL","1","1","prosent","72.2","sysselsatte_kjonn_land","NULL","NULL","0238"
"2013","NULL","1","2","personer","193","sysselsatte_kjonn_land","NULL","NULL","0238"
"2013","NULL","1","2","prosent","66.1","sysselsatte_kjonn_land","NULL","NULL","0238"
"2013","NULL","1","alle","personer","390","sysselsatte_kjonn_land","NULL","NULL","0238"
"2013","NULL","1","alle","prosent","69","sysselsatte_kjonn_land","NULL","NULL","0238"
"2013","NULL","alle","1","personer","622","sysselsatte_kjonn_land","NULL","NULL","0238"
"2013","NULL","alle","1","prosent","78.2","sysselsatte_kjonn_land","NULL","NULL","0238"
"2013","NULL","alle","2","personer","328","sysselsatte_kjonn_land","NULL","NULL","0238"
"2013","NULL","alle","2","prosent","67.4","sysselsatte_kjonn_land","NULL","NULL","0238"
"2013","NULL","alle","alle","personer","950","sysselsatte_kjonn_land","NULL","NULL","0238"
"2013","NULL","alle","alle","prosent","74.1","sysselsatte_kjonn_land","NULL","NULL","0238"
"2013","NULL","0","1","personer","47","sysselsatte_kjonn_land","NULL","NULL","0239"
"2013","NULL","0","1","prosent","85.5","sysselsatte_kjonn_land","NULL","NULL","0239"
"2013","NULL","0","2","personer","16","sysselsatte_kjonn_land","NULL","NULL","0239"
"2013","NULL","0","2","prosent","59.3","sysselsatte_kjonn_land","NULL","NULL","0239"
"2013","NULL","0","alle","personer","63","sysselsatte_kjonn_land","NULL","NULL","0239"
"2013","NULL","0","alle","prosent","76.8","sysselsatte_kjonn_land","NULL","NULL","0239"
"2013","NULL","1","1","personer","36","sysselsatte_kjonn_land","NULL","NULL","0239"
"2013","NULL","1","1","prosent","78.3","sysselsatte_kjonn_land","NULL","NULL","0239"
"2013","NULL","1","2","personer","20","sysselsatte_kjonn_land","NULL","NULL","0239"
"2013","NULL","1","2","prosent","58.8","sysselsatte_kjonn_land","NULL","NULL","0239"
"2013","NULL","1","alle","personer","56","sysselsatte_kjonn_land","NULL","NULL","0239"
"2013","NULL","1","alle","prosent","70","sysselsatte_kjonn_land","NULL","NULL","0239"
"2013","NULL","alle","1","personer","83","sysselsatte_kjonn_land","NULL","NULL","0239"
"2013","NULL","alle","1","prosent","82.2","sysselsatte_kjonn_land","NULL","NULL","0239"
"2013","NULL","alle","2","personer","36","sysselsatte_kjonn_land","NULL","NULL","0239"
"2013","NULL","alle","2","prosent","59","sysselsatte_kjonn_land","NULL","NULL","0239"
"2013","NULL","alle","alle","personer","119","sysselsatte_kjonn_land","NULL","NULL","0239"
"2013","NULL","alle","alle","prosent","73.5","sysselsatte_kjonn_land","NULL","NULL","0239"
"2013","NULL","0","1","personer","22645","sysselsatte_kjonn_land","NULL","NULL","0301"
"2013","NULL","0","1","prosent","78.1","sysselsatte_kjonn_land","NULL","NULL","0301"
"2013","NULL","0","2","personer","26198","sysselsatte_kjonn_land","NULL","NULL","0301"
"2013","NULL","0","2","prosent","63.8","sysselsatte_kjonn_land","NULL","NULL","0301"
"2013","NULL","0","alle","personer","48843","sysselsatte_kjonn_land","NULL","NULL","0301"
"2013","NULL","0","alle","prosent","69.7","sysselsatte_kjonn_land","NULL","NULL","0301"
"2013","NULL","1","1","personer","15590","sysselsatte_kjonn_land","NULL","NULL","0301"
"2013","NULL","1","1","prosent","74.8","sysselsatte_kjonn_land","NULL","NULL","0301"
"2013","NULL","1","2","personer","21146","sysselsatte_kjonn_land","NULL","NULL","0301"
"2013","NULL","1","2","prosent","50.7","sysselsatte_kjonn_land","NULL","NULL","0301"
"2013","NULL","1","alle","personer","36736","sysselsatte_kjonn_land","NULL","NULL","0301"
"2013","NULL","1","alle","prosent","58.7","sysselsatte_kjonn_land","NULL","NULL","0301"
"2013","NULL","alle","1","personer","38235","sysselsatte_kjonn_land","NULL","NULL","0301"
"2013","NULL","alle","1","prosent","76.7","sysselsatte_kjonn_land","NULL","NULL","0301"
"2013","NULL","alle","2","personer","47344","sysselsatte_kjonn_land","NULL","NULL","0301"
"2013","NULL","alle","2","prosent","57.2","sysselsatte_kjonn_land","NULL","NULL","0301"
"2013","NULL","alle","alle","personer","85579","sysselsatte_kjonn_land","NULL","NULL","0301"
"2013","NULL","alle","alle","prosent","64.5","sysselsatte_kjonn_land","NULL","NULL","0301"
"2013","NULL","0","1","personer","211","sysselsatte_kjonn_land","NULL","NULL","0402"
"2013","NULL","0","1","prosent","74","sysselsatte_kjonn_land","NULL","NULL","0402"
"2013","NULL","0","2","personer","181","sysselsatte_kjonn_land","NULL","NULL","0402"
"2013","NULL","0","2","prosent","45.4","sysselsatte_kjonn_land","NULL","NULL","0402"
"2013","NULL","0","alle","personer","392","sysselsatte_kjonn_land","NULL","NULL","0402"
"2013","NULL","0","alle","prosent","57.3","sysselsatte_kjonn_land","NULL","NULL","0402"
"2013","NULL","1","1","personer","149","sysselsatte_kjonn_land","NULL","NULL","0402"
"2013","NULL","1","1","prosent","64.8","sysselsatte_kjonn_land","NULL","NULL","0402"
"2013","NULL","1","2","personer","184","sysselsatte_kjonn_land","NULL","NULL","0402"
"2013","NULL","1","2","prosent","42","sysselsatte_kjonn_land","NULL","NULL","0402"
"2013","NULL","1","alle","personer","333","sysselsatte_kjonn_land","NULL","NULL","0402"
"2013","NULL","1","alle","prosent","49.9","sysselsatte_kjonn_land","NULL","NULL","0402"
"2013","NULL","alle","1","personer","360","sysselsatte_kjonn_land","NULL","NULL","0402"
"2013","NULL","alle","1","prosent","69.9","sysselsatte_kjonn_land","NULL","NULL","0402"
"2013","NULL","alle","2","personer","365","sysselsatte_kjonn_land","NULL","NULL","0402"
"2013","NULL","alle","2","prosent","43.6","sysselsatte_kjonn_land","NULL","NULL","0402"
"2013","NULL","alle","alle","personer","725","sysselsatte_kjonn_land","NULL","NULL","0402"
"2013","NULL","alle","alle","prosent","53.6","sysselsatte_kjonn_land","NULL","NULL","0402"
"2013","NULL","0","1","personer","378","sysselsatte_kjonn_land","NULL","NULL","0403"
"2013","NULL","0","1","prosent","76.4","sysselsatte_kjonn_land","NULL","NULL","0403"
"2013","NULL","0","2","personer","361","sysselsatte_kjonn_land","NULL","NULL","0403"
"2013","NULL","0","2","prosent","56.6","sysselsatte_kjonn_land","NULL","NULL","0403"
"2013","NULL","0","alle","personer","739","sysselsatte_kjonn_land","NULL","NULL","0403"
"2013","NULL","0","alle","prosent","65.2","sysselsatte_kjonn_land","NULL","NULL","0403"
"2013","NULL","1","1","personer","261","sysselsatte_kjonn_land","NULL","NULL","0403"
"2013","NULL","1","1","prosent","71.5","sysselsatte_kjonn_land","NULL","NULL","0403"
"2013","NULL","1","2","personer","349","sysselsatte_kjonn_land","NULL","NULL","0403"
"2013","NULL","1","2","prosent","49.8","sysselsatte_kjonn_land","NULL","NULL","0403"
"2013","NULL","1","alle","personer","610","sysselsatte_kjonn_land","NULL","NULL","0403"
"2013","NULL","1","alle","prosent","57.2","sysselsatte_kjonn_land","NULL","NULL","0403"
"2013","NULL","alle","1","personer","639","sysselsatte_kjonn_land","NULL","NULL","0403"
"2013","NULL","alle","1","prosent","74.3","sysselsatte_kjonn_land","NULL","NULL","0403"
"2013","NULL","alle","2","personer","710","sysselsatte_kjonn_land","NULL","NULL","0403"
"2013","NULL","alle","2","prosent","53","sysselsatte_kjonn_land","NULL","NULL","0403"
"2013","NULL","alle","alle","personer","1349","sysselsatte_kjonn_land","NULL","NULL","0403"
"2013","NULL","alle","alle","prosent","61.3","sysselsatte_kjonn_land","NULL","NULL","0403"
"2013","NULL","0","1","personer","561","sysselsatte_kjonn_land","NULL","NULL","0412"
"2013","NULL","0","1","prosent","79.1","sysselsatte_kjonn_land","NULL","NULL","0412"
"2013","NULL","0","2","personer","166","sysselsatte_kjonn_land","NULL","NULL","0412"
"2013","NULL","0","2","prosent","56.1","sysselsatte_kjonn_land","NULL","NULL","0412"
"2013","NULL","0","alle","personer","727","sysselsatte_kjonn_land","NULL","NULL","0412"
"2013","NULL","0","alle","prosent","72.3","sysselsatte_kjonn_land","NULL","NULL","0412"
"2013","NULL","1","1","personer","317","sysselsatte_kjonn_land","NULL","NULL","0412"
"2013","NULL","1","1","prosent","68.3","sysselsatte_kjonn_land","NULL","NULL","0412"
"2013","NULL","1","2","personer","210","sysselsatte_kjonn_land","NULL","NULL","0412"
"2013","NULL","1","2","prosent","52.9","sysselsatte_kjonn_land","NULL","NULL","0412"
"2013","NULL","1","alle","personer","527","sysselsatte_kjonn_land","NULL","NULL","0412"
"2013","NULL","1","alle","prosent","61.2","sysselsatte_kjonn_land","NULL","NULL","0412"
"2013","NULL","alle","1","personer","878","sysselsatte_kjonn_land","NULL","NULL","0412"
"2013","NULL","alle","1","prosent","74.9","sysselsatte_kjonn_land","NULL","NULL","0412"
"2013","NULL","alle","2","personer","376","sysselsatte_kjonn_land","NULL","NULL","0412"
"2013","NULL","alle","2","prosent","54.3","sysselsatte_kjonn_land","NULL","NULL","0412"
"2013","NULL","alle","alle","personer","1254","sysselsatte_kjonn_land","NULL","NULL","0412"
"2013","NULL","alle","alle","prosent","67.2","sysselsatte_kjonn_land","NULL","NULL","0412"
"2013","NULL","0","1","personer","93","sysselsatte_kjonn_land","NULL","NULL","0415"
"2013","NULL","0","1","prosent","72.1","sysselsatte_kjonn_land","NULL","NULL","0415"
"2013","NULL","0","2","personer","32","sysselsatte_kjonn_land","NULL","NULL","0415"
"2013","NULL","0","2","prosent","51.6","sysselsatte_kjonn_land","NULL","NULL","0415"
"2013","NULL","0","alle","personer","125","sysselsatte_kjonn_land","NULL","NULL","0415"
"2013","NULL","0","alle","prosent","65.4","sysselsatte_kjonn_land","NULL","NULL","0415"
"2013","NULL","1","1","personer","51","sysselsatte_kjonn_land","NULL","NULL","0415"
"2013","NULL","1","1","prosent","62.2","sysselsatte_kjonn_land","NULL","NULL","0415"
"2013","NULL","1","2","personer","50","sysselsatte_kjonn_land","NULL","NULL","0415"
"2013","NULL","1","2","prosent","51.5","sysselsatte_kjonn_land","NULL","NULL","0415"
"2013","NULL","1","alle","personer","101","sysselsatte_kjonn_land","NULL","NULL","0415"
"2013","NULL","1","alle","prosent","56.4","sysselsatte_kjonn_land","NULL","NULL","0415"
"2013","NULL","alle","1","personer","144","sysselsatte_kjonn_land","NULL","NULL","0415"
"2013","NULL","alle","1","prosent","68.2","sysselsatte_kjonn_land","NULL","NULL","0415"
"2013","NULL","alle","2","personer","82","sysselsatte_kjonn_land","NULL","NULL","0415"
"2013","NULL","alle","2","prosent","51.6","sysselsatte_kjonn_land","NULL","NULL","0415"
"2013","NULL","alle","alle","personer","226","sysselsatte_kjonn_land","NULL","NULL","0415"
"2013","NULL","alle","alle","prosent","61.1","sysselsatte_kjonn_land","NULL","NULL","0415"
"2013","NULL","0","1","personer","250","sysselsatte_kjonn_land","NULL","NULL","0417"
"2013","NULL","0","1","prosent","79.1","sysselsatte_kjonn_land","NULL","NULL","0417"
"2013","NULL","0","2","personer","139","sysselsatte_kjonn_land","NULL","NULL","0417"
"2013","NULL","0","2","prosent","53.5","sysselsatte_kjonn_land","NULL","NULL","0417"
"2013","NULL","0","alle","personer","389","sysselsatte_kjonn_land","NULL","NULL","0417"
"2013","NULL","0","alle","prosent","67.5","sysselsatte_kjonn_land","NULL","NULL","0417"
"2013","NULL","1","1","personer","181","sysselsatte_kjonn_land","NULL","NULL","0417"
"2013","NULL","1","1","prosent","66.1","sysselsatte_kjonn_land","NULL","NULL","0417"
"2013","NULL","1","2","personer","145","sysselsatte_kjonn_land","NULL","NULL","0417"
"2013","NULL","1","2","prosent","49.2","sysselsatte_kjonn_land","NULL","NULL","0417"
"2013","NULL","1","alle","personer","326","sysselsatte_kjonn_land","NULL","NULL","0417"
"2013","NULL","1","alle","prosent","57.3","sysselsatte_kjonn_land","NULL","NULL","0417"
"2013","NULL","alle","1","personer","431","sysselsatte_kjonn_land","NULL","NULL","0417"
"2013","NULL","alle","1","prosent","73.1","sysselsatte_kjonn_land","NULL","NULL","0417"
"2013","NULL","alle","2","personer","284","sysselsatte_kjonn_land","NULL","NULL","0417"
"2013","NULL","alle","2","prosent","51.2","sysselsatte_kjonn_land","NULL","NULL","0417"
"2013","NULL","alle","alle","personer","715","sysselsatte_kjonn_land","NULL","NULL","0417"
"2013","NULL","alle","alle","prosent","62.4","sysselsatte_kjonn_land","NULL","NULL","0417"
"2013","NULL","0","1","personer","46","sysselsatte_kjonn_land","NULL","NULL","0418"
"2013","NULL","0","1","prosent","73","sysselsatte_kjonn_land","NULL","NULL","0418"
"2013","NULL","0","2","personer","10","sysselsatte_kjonn_land","NULL","NULL","0418"
"2013","NULL","0","2","prosent","58.8","sysselsatte_kjonn_land","NULL","NULL","0418"
"2013","NULL","0","alle","personer","56","sysselsatte_kjonn_land","NULL","NULL","0418"
"2013","NULL","0","alle","prosent","70","sysselsatte_kjonn_land","NULL","NULL","0418"
"2013","NULL","1","1","personer","25","sysselsatte_kjonn_land","NULL","NULL","0418"
"2013","NULL","1","1","prosent","64.1","sysselsatte_kjonn_land","NULL","NULL","0418"
"2013","NULL","1","2","personer","14","sysselsatte_kjonn_land","NULL","NULL","0418"
"2013","NULL","1","2","prosent","45.2","sysselsatte_kjonn_land","NULL","NULL","0418"
"2013","NULL","1","alle","personer","39","sysselsatte_kjonn_land","NULL","NULL","0418"
"2013","NULL","1","alle","prosent","55.7","sysselsatte_kjonn_land","NULL","NULL","0418"
"2013","NULL","alle","1","personer","71","sysselsatte_kjonn_land","NULL","NULL","0418"
"2013","NULL","alle","1","prosent","69.6","sysselsatte_kjonn_land","NULL","NULL","0418"
"2013","NULL","alle","2","personer","24","sysselsatte_kjonn_land","NULL","NULL","0418"
"2013","NULL","alle","2","prosent","50","sysselsatte_kjonn_land","NULL","NULL","0418"
"2013","NULL","alle","alle","personer","95","sysselsatte_kjonn_land","NULL","NULL","0418"
"2013","NULL","alle","alle","prosent","63.3","sysselsatte_kjonn_land","NULL","NULL","0418"
"2013","NULL","0","1","personer","76","sysselsatte_kjonn_land","NULL","NULL","0419"
"2013","NULL","0","1","prosent","73.8","sysselsatte_kjonn_land","NULL","NULL","0419"
"2013","NULL","0","2","personer","24","sysselsatte_kjonn_land","NULL","NULL","0419"
"2013","NULL","0","2","prosent","60","sysselsatte_kjonn_land","NULL","NULL","0419"
"2013","NULL","0","alle","personer","100","sysselsatte_kjonn_land","NULL","NULL","0419"
"2013","NULL","0","alle","prosent","69.9","sysselsatte_kjonn_land","NULL","NULL","0419"
"2013","NULL","1","1","personer","65","sysselsatte_kjonn_land","NULL","NULL","0419"
"2013","NULL","1","1","prosent","70.7","sysselsatte_kjonn_land","NULL","NULL","0419"
"2013","NULL","1","2","personer","49","sysselsatte_kjonn_land","NULL","NULL","0419"
"2013","NULL","1","2","prosent","55.1","sysselsatte_kjonn_land","NULL","NULL","0419"
"2013","NULL","1","alle","personer","114","sysselsatte_kjonn_land","NULL","NULL","0419"
"2013","NULL","1","alle","prosent","63","sysselsatte_kjonn_land","NULL","NULL","0419"
"2013","NULL","alle","1","personer","141","sysselsatte_kjonn_land","NULL","NULL","0419"
"2013","NULL","alle","1","prosent","72.3","sysselsatte_kjonn_land","NULL","NULL","0419"
"2013","NULL","alle","2","personer","73","sysselsatte_kjonn_land","NULL","NULL","0419"
"2013","NULL","alle","2","prosent","56.6","sysselsatte_kjonn_land","NULL","NULL","0419"
"2013","NULL","alle","alle","personer","214","sysselsatte_kjonn_land","NULL","NULL","0419"
"2013","NULL","alle","alle","prosent","66","sysselsatte_kjonn_land","NULL","NULL","0419"
"2013","NULL","0","1","personer","63","sysselsatte_kjonn_land","NULL","NULL","0420"
"2013","NULL","0","1","prosent","71.6","sysselsatte_kjonn_land","NULL","NULL","0420"
"2013","NULL","0","2","personer","15","sysselsatte_kjonn_land","NULL","NULL","0420"
"2013","NULL","0","2","prosent","40.5","sysselsatte_kjonn_land","NULL","NULL","0420"
"2013","NULL","0","alle","personer","78","sysselsatte_kjonn_land","NULL","NULL","0420"
"2013","NULL","0","alle","prosent","62.4","sysselsatte_kjonn_land","NULL","NULL","0420"
"2013","NULL","1","1","personer","57","sysselsatte_kjonn_land","NULL","NULL","0420"
"2013","NULL","1","1","prosent","60.6","sysselsatte_kjonn_land","NULL","NULL","0420"
"2013","NULL","1","2","personer","35","sysselsatte_kjonn_land","NULL","NULL","0420"
"2013","NULL","1","2","prosent","41.7","sysselsatte_kjonn_land","NULL","NULL","0420"
"2013","NULL","1","alle","personer","92","sysselsatte_kjonn_land","NULL","NULL","0420"
"2013","NULL","1","alle","prosent","51.7","sysselsatte_kjonn_land","NULL","NULL","0420"
"2013","NULL","alle","1","personer","120","sysselsatte_kjonn_land","NULL","NULL","0420"
"2013","NULL","alle","1","prosent","65.9","sysselsatte_kjonn_land","NULL","NULL","0420"
"2013","NULL","alle","2","personer","50","sysselsatte_kjonn_land","NULL","NULL","0420"
"2013","NULL","alle","2","prosent","41.3","sysselsatte_kjonn_land","NULL","NULL","0420"
"2013","NULL","alle","alle","personer","170","sysselsatte_kjonn_land","NULL","NULL","0420"
"2013","NULL","alle","alle","prosent","56.1","sysselsatte_kjonn_land","NULL","NULL","0420"
"2013","NULL","0","1","personer","53","sysselsatte_kjonn_land","NULL","NULL","0423"
"2013","NULL","0","1","prosent","68.8","sysselsatte_kjonn_land","NULL","NULL","0423"
"2013","NULL","0","2","personer","21","sysselsatte_kjonn_land","NULL","NULL","0423"
"2013","NULL","0","2","prosent","52.5","sysselsatte_kjonn_land","NULL","NULL","0423"
"2013","NULL","0","alle","personer","74","sysselsatte_kjonn_land","NULL","NULL","0423"
"2013","NULL","0","alle","prosent","63.2","sysselsatte_kjonn_land","NULL","NULL","0423"
"2013","NULL","1","1","personer","49","sysselsatte_kjonn_land","NULL","NULL","0423"
"2013","NULL","1","1","prosent","71","sysselsatte_kjonn_land","NULL","NULL","0423"
"2013","NULL","1","2","personer","33","sysselsatte_kjonn_land","NULL","NULL","0423"
"2013","NULL","1","2","prosent","66","sysselsatte_kjonn_land","NULL","NULL","0423"
"2013","NULL","1","alle","personer","82","sysselsatte_kjonn_land","NULL","NULL","0423"
"2013","NULL","1","alle","prosent","68.9","sysselsatte_kjonn_land","NULL","NULL","0423"
"2013","NULL","alle","1","personer","102","sysselsatte_kjonn_land","NULL","NULL","0423"
"2013","NULL","alle","1","prosent","69.9","sysselsatte_kjonn_land","NULL","NULL","0423"
"2013","NULL","alle","2","personer","54","sysselsatte_kjonn_land","NULL","NULL","0423"
"2013","NULL","alle","2","prosent","60","sysselsatte_kjonn_land","NULL","NULL","0423"
"2013","NULL","alle","alle","personer","156","sysselsatte_kjonn_land","NULL","NULL","0423"
"2013","NULL","alle","alle","prosent","66.1","sysselsatte_kjonn_land","NULL","NULL","0423"
"2013","NULL","0","1","personer","69","sysselsatte_kjonn_land","NULL","NULL","0425"
"2013","NULL","0","1","prosent","69","sysselsatte_kjonn_land","NULL","NULL","0425"
"2013","NULL","0","2","personer","27","sysselsatte_kjonn_land","NULL","NULL","0425"
"2013","NULL","0","2","prosent","40.3","sysselsatte_kjonn_land","NULL","NULL","0425"
"2013","NULL","0","alle","personer","96","sysselsatte_kjonn_land","NULL","NULL","0425"
"2013","NULL","0","alle","prosent","57.5","sysselsatte_kjonn_land","NULL","NULL","0425"
"2013","NULL","1","1","personer","41","sysselsatte_kjonn_land","NULL","NULL","0425"
"2013","NULL","1","1","prosent","62.1","sysselsatte_kjonn_land","NULL","NULL","0425"
"2013","NULL","1","2","personer","43","sysselsatte_kjonn_land","NULL","NULL","0425"
"2013","NULL","1","2","prosent","43.9","sysselsatte_kjonn_land","NULL","NULL","0425"
"2013","NULL","1","alle","personer","84","sysselsatte_kjonn_land","NULL","NULL","0425"
"2013","NULL","1","alle","prosent","51.2","sysselsatte_kjonn_land","NULL","NULL","0425"
"2013","NULL","alle","1","personer","110","sysselsatte_kjonn_land","NULL","NULL","0425"
"2013","NULL","alle","1","prosent","66.3","sysselsatte_kjonn_land","NULL","NULL","0425"
"2013","NULL","alle","2","personer","70","sysselsatte_kjonn_land","NULL","NULL","0425"
"2013","NULL","alle","2","prosent","42.4","sysselsatte_kjonn_land","NULL","NULL","0425"
"2013","NULL","alle","alle","personer","180","sysselsatte_kjonn_land","NULL","NULL","0425"
"2013","NULL","alle","alle","prosent","54.4","sysselsatte_kjonn_land","NULL","NULL","0425"
"2013","NULL","0","1","personer","55","sysselsatte_kjonn_land","NULL","NULL","0426"
"2013","NULL","0","1","prosent","74.3","sysselsatte_kjonn_land","NULL","NULL","0426"
"2013","NULL","0","2","personer","9","sysselsatte_kjonn_land","NULL","NULL","0426"
"2013","NULL","0","2","prosent","81.8","sysselsatte_kjonn_land","NULL","NULL","0426"
"2013","NULL","0","alle","personer","64","sysselsatte_kjonn_land","NULL","NULL","0426"
"2013","NULL","0","alle","prosent","75.3","sysselsatte_kjonn_land","NULL","NULL","0426"
"2013","NULL","1","1","personer","37","sysselsatte_kjonn_land","NULL","NULL","0426"
"2013","NULL","1","1","prosent","68.5","sysselsatte_kjonn_land","NULL","NULL","0426"
"2013","NULL","1","2","personer","17","sysselsatte_kjonn_land","NULL","NULL","0426"
"2013","NULL","1","2","prosent","50","sysselsatte_kjonn_land","NULL","NULL","0426"
"2013","NULL","1","alle","personer","54","sysselsatte_kjonn_land","NULL","NULL","0426"
"2013","NULL","1","alle","prosent","61.4","sysselsatte_kjonn_land","NULL","NULL","0426"
"2013","NULL","alle","1","personer","92","sysselsatte_kjonn_land","NULL","NULL","0426"
"2013","NULL","alle","1","prosent","71.9","sysselsatte_kjonn_land","NULL","NULL","0426"
"2013","NULL","alle","2","personer","26","sysselsatte_kjonn_land","NULL","NULL","0426"
"2013","NULL","alle","2","prosent","57.8","sysselsatte_kjonn_land","NULL","NULL","0426"
"2013","NULL","alle","alle","personer","118","sysselsatte_kjonn_land","NULL","NULL","0426"
"2013","NULL","alle","alle","prosent","68.2","sysselsatte_kjonn_land","NULL","NULL","0426"
"2013","NULL","0","1","personer","207","sysselsatte_kjonn_land","NULL","NULL","0427"
"2013","NULL","0","1","prosent","73.1","sysselsatte_kjonn_land","NULL","NULL","0427"
"2013","NULL","0","2","personer","153","sysselsatte_kjonn_land","NULL","NULL","0427"
"2013","NULL","0","2","prosent","50.8","sysselsatte_kjonn_land","NULL","NULL","0427"
"2013","NULL","0","alle","personer","360","sysselsatte_kjonn_land","NULL","NULL","0427"
"2013","NULL","0","alle","prosent","61.6","sysselsatte_kjonn_land","NULL","NULL","0427"
"2013","NULL","1","1","personer","154","sysselsatte_kjonn_land","NULL","NULL","0427"
"2013","NULL","1","1","prosent","67","sysselsatte_kjonn_land","NULL","NULL","0427"
"2013","NULL","1","2","personer","212","sysselsatte_kjonn_land","NULL","NULL","0427"
"2013","NULL","1","2","prosent","54.1","sysselsatte_kjonn_land","NULL","NULL","0427"
"2013","NULL","1","alle","personer","366","sysselsatte_kjonn_land","NULL","NULL","0427"
"2013","NULL","1","alle","prosent","58.8","sysselsatte_kjonn_land","NULL","NULL","0427"
"2013","NULL","alle","1","personer","361","sysselsatte_kjonn_land","NULL","NULL","0427"
"2013","NULL","alle","1","prosent","70.4","sysselsatte_kjonn_land","NULL","NULL","0427"
"2013","NULL","alle","2","personer","365","sysselsatte_kjonn_land","NULL","NULL","0427"
"2013","NULL","alle","2","prosent","52.7","sysselsatte_kjonn_land","NULL","NULL","0427"
"2013","NULL","alle","alle","personer","726","sysselsatte_kjonn_land","NULL","NULL","0427"
"2013","NULL","alle","alle","prosent","60.2","sysselsatte_kjonn_land","NULL","NULL","0427"
"2013","NULL","0","1","personer","109","sysselsatte_kjonn_land","NULL","NULL","0428"
"2013","NULL","0","1","prosent","64.5","sysselsatte_kjonn_land","NULL","NULL","0428"
"2013","NULL","0","2","personer","18","sysselsatte_kjonn_land","NULL","NULL","0428"
"2013","NULL","0","2","prosent","34.6","sysselsatte_kjonn_land","NULL","NULL","0428"
"2013","NULL","0","alle","personer","127","sysselsatte_kjonn_land","NULL","NULL","0428"
"2013","NULL","0","alle","prosent","57.5","sysselsatte_kjonn_land","NULL","NULL","0428"
"2013","NULL","1","1","personer","104","sysselsatte_kjonn_land","NULL","NULL","0428"
"2013","NULL","1","1","prosent","68.4","sysselsatte_kjonn_land","NULL","NULL","0428"
"2013","NULL","1","2","personer","20","sysselsatte_kjonn_land","NULL","NULL","0428"
"2013","NULL","1","2","prosent","31.7","sysselsatte_kjonn_land","NULL","NULL","0428"
"2013","NULL","1","alle","personer","124","sysselsatte_kjonn_land","NULL","NULL","0428"
"2013","NULL","1","alle","prosent","57.7","sysselsatte_kjonn_land","NULL","NULL","0428"
"2013","NULL","alle","1","personer","213","sysselsatte_kjonn_land","NULL","NULL","0428"
"2013","NULL","alle","1","prosent","66.4","sysselsatte_kjonn_land","NULL","NULL","0428"
"2013","NULL","alle","2","personer","38","sysselsatte_kjonn_land","NULL","NULL","0428"
"2013","NULL","alle","2","prosent","33","sysselsatte_kjonn_land","NULL","NULL","0428"
"2013","NULL","alle","alle","personer","251","sysselsatte_kjonn_land","NULL","NULL","0428"
"2013","NULL","alle","alle","prosent","57.6","sysselsatte_kjonn_land","NULL","NULL","0428"
"2013","NULL","0","1","personer","56","sysselsatte_kjonn_land","NULL","NULL","0429"
"2013","NULL","0","1","prosent","67.5","sysselsatte_kjonn_land","NULL","NULL","0429"
"2013","NULL","0","2","personer","10","sysselsatte_kjonn_land","NULL","NULL","0429"
"2013","NULL","0","2","prosent","40","sysselsatte_kjonn_land","NULL","NULL","0429"
"2013","NULL","0","alle","personer","66","sysselsatte_kjonn_land","NULL","NULL","0429"
"2013","NULL","0","alle","prosent","61.1","sysselsatte_kjonn_land","NULL","NULL","0429"
"2013","NULL","1","1","personer","54","sysselsatte_kjonn_land","NULL","NULL","0429"
"2013","NULL","1","1","prosent","71.1","sysselsatte_kjonn_land","NULL","NULL","0429"
"2013","NULL","1","2","personer","15","sysselsatte_kjonn_land","NULL","NULL","0429"
"2013","NULL","1","2","prosent","42.9","sysselsatte_kjonn_land","NULL","NULL","0429"
"2013","NULL","1","alle","personer","69","sysselsatte_kjonn_land","NULL","NULL","0429"
"2013","NULL","1","alle","prosent","62.2","sysselsatte_kjonn_land","NULL","NULL","0429"
"2013","NULL","alle","1","personer","110","sysselsatte_kjonn_land","NULL","NULL","0429"
"2013","NULL","alle","1","prosent","69.2","sysselsatte_kjonn_land","NULL","NULL","0429"
"2013","NULL","alle","2","personer","25","sysselsatte_kjonn_land","NULL","NULL","0429"
"2013","NULL","alle","2","prosent","41.7","sysselsatte_kjonn_land","NULL","NULL","0429"
"2013","NULL","alle","alle","personer","135","sysselsatte_kjonn_land","NULL","NULL","0429"
"2013","NULL","alle","alle","prosent","61.6","sysselsatte_kjonn_land","NULL","NULL","0429"
"2013","NULL","0","1","personer","33","sysselsatte_kjonn_land","NULL","NULL","0430"
"2013","NULL","0","1","prosent","67.3","sysselsatte_kjonn_land","NULL","NULL","0430"
"2013","NULL","0","2","personer","28","sysselsatte_kjonn_land","NULL","NULL","0430"
"2013","NULL","0","2","prosent","19.3","sysselsatte_kjonn_land","NULL","NULL","0430"
"2013","NULL","0","alle","personer","61","sysselsatte_kjonn_land","NULL","NULL","0430"
"2013","NULL","0","alle","prosent","31.4","sysselsatte_kjonn_land","NULL","NULL","0430"
"2013","NULL","1","1","personer","30","sysselsatte_kjonn_land","NULL","NULL","0430"
"2013","NULL","1","1","prosent","61.2","sysselsatte_kjonn_land","NULL","NULL","0430"
"2013","NULL","1","2","personer","12","sysselsatte_kjonn_land","NULL","NULL","0430"
"2013","NULL","1","2","prosent","26.1","sysselsatte_kjonn_land","NULL","NULL","0430"
"2013","NULL","1","alle","personer","42","sysselsatte_kjonn_land","NULL","NULL","0430"
"2013","NULL","1","alle","prosent","44.2","sysselsatte_kjonn_land","NULL","NULL","0430"
"2013","NULL","alle","1","personer","63","sysselsatte_kjonn_land","NULL","NULL","0430"
"2013","NULL","alle","1","prosent","64.3","sysselsatte_kjonn_land","NULL","NULL","0430"
"2013","NULL","alle","2","personer","40","sysselsatte_kjonn_land","NULL","NULL","0430"
"2013","NULL","alle","2","prosent","20.9","sysselsatte_kjonn_land","NULL","NULL","0430"
"2013","NULL","alle","alle","personer","103","sysselsatte_kjonn_land","NULL","NULL","0430"
"2013","NULL","alle","alle","prosent","35.6","sysselsatte_kjonn_land","NULL","NULL","0430"
"2013","NULL","0","1","personer",":","sysselsatte_kjonn_land","NULL","NULL","0432"
"2013","NULL","0","1","prosent",":","sysselsatte_kjonn_land","NULL","NULL","0432"
"2013","NULL","0","2","personer",":","sysselsatte_kjonn_land","NULL","NULL","0432"
"2013","NULL","0","2","prosent",":","sysselsatte_kjonn_land","NULL","NULL","0432"
"2013","NULL","0","alle","personer","12","sysselsatte_kjonn_land","NULL","NULL","0432"
"2013","NULL","0","alle","prosent","41.4","sysselsatte_kjonn_land","NULL","NULL","0432"
"2013","NULL","1","1","personer","17","sysselsatte_kjonn_land","NULL","NULL","0432"
"2013","NULL","1","1","prosent","77.3","sysselsatte_kjonn_land","NULL","NULL","0432"
"2013","NULL","1","2","personer","6","sysselsatte_kjonn_land","NULL","NULL","0432"
"2013","NULL","1","2","prosent","40","sysselsatte_kjonn_land","NULL","NULL","0432"
"2013","NULL","1","alle","personer","23","sysselsatte_kjonn_land","NULL","NULL","0432"
"2013","NULL","1","alle","prosent","62.2","sysselsatte_kjonn_land","NULL","NULL","0432"
"2013","NULL","alle","1","personer","28","sysselsatte_kjonn_land","NULL","NULL","0432"
"2013","NULL","alle","1","prosent","58.3","sysselsatte_kjonn_land","NULL","NULL","0432"
"2013","NULL","alle","2","personer","7","sysselsatte_kjonn_land","NULL","NULL","0432"
"2013","NULL","alle","2","prosent","38.9","sysselsatte_kjonn_land","NULL","NULL","0432"
"2013","NULL","alle","alle","personer","35","sysselsatte_kjonn_land","NULL","NULL","0432"
"2013","NULL","alle","alle","prosent","53","sysselsatte_kjonn_land","NULL","NULL","0432"
"2013","NULL","0","1","personer",":","sysselsatte_kjonn_land","NULL","NULL","0434"
"2013","NULL","0","1","prosent",":","sysselsatte_kjonn_land","NULL","NULL","0434"
"2013","NULL","0","2","personer",":","sysselsatte_kjonn_land","NULL","NULL","0434"
"2013","NULL","0","2","prosent",":","sysselsatte_kjonn_land","NULL","NULL","0434"
"2013","NULL","0","alle","personer","13","sysselsatte_kjonn_land","NULL","NULL","0434"
"2013","NULL","0","alle","prosent","46.4","sysselsatte_kjonn_land","NULL","NULL","0434"
"2013","NULL","1","1","personer",":","sysselsatte_kjonn_land","NULL","NULL","0434"
"2013","NULL","1","1","prosent",":","sysselsatte_kjonn_land","NULL","NULL","0434"
"2013","NULL","1","2","personer",":","sysselsatte_kjonn_land","NULL","NULL","0434"
"2013","NULL","1","2","prosent",":","sysselsatte_kjonn_land","NULL","NULL","0434"
"2013","NULL","1","alle","personer","22","sysselsatte_kjonn_land","NULL","NULL","0434"
"2013","NULL","1","alle","prosent","47.8","sysselsatte_kjonn_land","NULL","NULL","0434"
"2013","NULL","alle","1","personer","31","sysselsatte_kjonn_land","NULL","NULL","0434"
"2013","NULL","alle","1","prosent","75.6","sysselsatte_kjonn_land","NULL","NULL","0434"
"2013","NULL","alle","2","personer","4","sysselsatte_kjonn_land","NULL","NULL","0434"
"2013","NULL","alle","2","prosent","12.1","sysselsatte_kjonn_land","NULL","NULL","0434"
"2013","NULL","alle","alle","personer","35","sysselsatte_kjonn_land","NULL","NULL","0434"
"2013","NULL","alle","alle","prosent","47.3","sysselsatte_kjonn_land","NULL","NULL","0434"
"2013","NULL","0","1","personer","27","sysselsatte_kjonn_land","NULL","NULL","0436"
"2013","NULL","0","1","prosent","79.4","sysselsatte_kjonn_land","NULL","NULL","0436"
"2013","NULL","0","2","personer","6","sysselsatte_kjonn_land","NULL","NULL","0436"
"2013","NULL","0","2","prosent","31.6","sysselsatte_kjonn_land","NULL","NULL","0436"
"2013","NULL","0","alle","personer","33","sysselsatte_kjonn_land","NULL","NULL","0436"
"2013","NULL","0","alle","prosent","62.3","sysselsatte_kjonn_land","NULL","NULL","0436"
"2013","NULL","1","1","personer","23","sysselsatte_kjonn_land","NULL","NULL","0436"
"2013","NULL","1","1","prosent","76.7","sysselsatte_kjonn_land","NULL","NULL","0436"
"2013","NULL","1","2","personer","11","sysselsatte_kjonn_land","NULL","NULL","0436"
"2013","NULL","1","2","prosent","39.3","sysselsatte_kjonn_land","NULL","NULL","0436"
"2013","NULL","1","alle","personer","34","sysselsatte_kjonn_land","NULL","NULL","0436"
"2013","NULL","1","alle","prosent","58.6","sysselsatte_kjonn_land","NULL","NULL","0436"
"2013","NULL","alle","1","personer","50","sysselsatte_kjonn_land","NULL","NULL","0436"
"2013","NULL","alle","1","prosent","78.1","sysselsatte_kjonn_land","NULL","NULL","0436"
"2013","NULL","alle","2","personer","17","sysselsatte_kjonn_land","NULL","NULL","0436"
"2013","NULL","alle","2","prosent","36.2","sysselsatte_kjonn_land","NULL","NULL","0436"
"2013","NULL","alle","alle","personer","67","sysselsatte_kjonn_land","NULL","NULL","0436"
"2013","NULL","alle","alle","prosent","60.4","sysselsatte_kjonn_land","NULL","NULL","0436"
"2013","NULL","0","1","personer","122","sysselsatte_kjonn_land","NULL","NULL","0437"
"2013","NULL","0","1","prosent","87.1","sysselsatte_kjonn_land","NULL","NULL","0437"
"2013","NULL","0","2","personer","32","sysselsatte_kjonn_land","NULL","NULL","0437"
"2013","NULL","0","2","prosent","52.5","sysselsatte_kjonn_land","NULL","NULL","0437"
"2013","NULL","0","alle","personer","154","sysselsatte_kjonn_land","NULL","NULL","0437"
"2013","NULL","0","alle","prosent","76.6","sysselsatte_kjonn_land","NULL","NULL","0437"
"2013","NULL","1","1","personer","73","sysselsatte_kjonn_land","NULL","NULL","0437"
"2013","NULL","1","1","prosent","74.5","sysselsatte_kjonn_land","NULL","NULL","0437"
"2013","NULL","1","2","personer","41","sysselsatte_kjonn_land","NULL","NULL","0437"
"2013","NULL","1","2","prosent","59.4","sysselsatte_kjonn_land","NULL","NULL","0437"
"2013","NULL","1","alle","personer","114","sysselsatte_kjonn_land","NULL","NULL","0437"
"2013","NULL","1","alle","prosent","68.3","sysselsatte_kjonn_land","NULL","NULL","0437"
"2013","NULL","alle","1","personer","195","sysselsatte_kjonn_land","NULL","NULL","0437"
"2013","NULL","alle","1","prosent","81.9","sysselsatte_kjonn_land","NULL","NULL","0437"
"2013","NULL","alle","2","personer","73","sysselsatte_kjonn_land","NULL","NULL","0437"
"2013","NULL","alle","2","prosent","56.2","sysselsatte_kjonn_land","NULL","NULL","0437"
"2013","NULL","alle","alle","personer","268","sysselsatte_kjonn_land","NULL","NULL","0437"
"2013","NULL","alle","alle","prosent","72.8","sysselsatte_kjonn_land","NULL","NULL","0437"
"2013","NULL","0","1","personer","21","sysselsatte_kjonn_land","NULL","NULL","0438"
"2013","NULL","0","1","prosent","84","sysselsatte_kjonn_land","NULL","NULL","0438"
"2013","NULL","0","2","personer","9","sysselsatte_kjonn_land","NULL","NULL","0438"
"2013","NULL","0","2","prosent","56.3","sysselsatte_kjonn_land","NULL","NULL","0438"
"2013","NULL","0","alle","personer","30","sysselsatte_kjonn_land","NULL","NULL","0438"
"2013","NULL","0","alle","prosent","73.2","sysselsatte_kjonn_land","NULL","NULL","0438"
"2013","NULL","1","1","personer","20","sysselsatte_kjonn_land","NULL","NULL","0438"
"2013","NULL","1","1","prosent","87","sysselsatte_kjonn_land","NULL","NULL","0438"
"2013","NULL","1","2","personer","15","sysselsatte_kjonn_land","NULL","NULL","0438"
"2013","NULL","1","2","prosent","45.5","sysselsatte_kjonn_land","NULL","NULL","0438"
"2013","NULL","1","alle","personer","35","sysselsatte_kjonn_land","NULL","NULL","0438"
"2013","NULL","1","alle","prosent","62.5","sysselsatte_kjonn_land","NULL","NULL","0438"
"2013","NULL","alle","1","personer","41","sysselsatte_kjonn_land","NULL","NULL","0438"
"2013","NULL","alle","1","prosent","85.4","sysselsatte_kjonn_land","NULL","NULL","0438"
"2013","NULL","alle","2","personer","24","sysselsatte_kjonn_land","NULL","NULL","0438"
"2013","NULL","alle","2","prosent","49","sysselsatte_kjonn_land","NULL","NULL","0438"
"2013","NULL","alle","alle","personer","65","sysselsatte_kjonn_land","NULL","NULL","0438"
"2013","NULL","alle","alle","prosent","67","sysselsatte_kjonn_land","NULL","NULL","0438"
"2013","NULL","0","1","personer",":","sysselsatte_kjonn_land","NULL","NULL","0439"
"2013","NULL","0","1","prosent",":","sysselsatte_kjonn_land","NULL","NULL","0439"
"2013","NULL","0","2","personer",":","sysselsatte_kjonn_land","NULL","NULL","0439"
"2013","NULL","0","2","prosent",":","sysselsatte_kjonn_land","NULL","NULL","0439"
"2013","NULL","0","alle","personer","14","sysselsatte_kjonn_land","NULL","NULL","0439"
"2013","NULL","0","alle","prosent","77.8","sysselsatte_kjonn_land","NULL","NULL","0439"
"2013","NULL","1","1","personer","16","sysselsatte_kjonn_land","NULL","NULL","0439"
"2013","NULL","1","1","prosent","88.9","sysselsatte_kjonn_land","NULL","NULL","0439"
"2013","NULL","1","2","personer","9","sysselsatte_kjonn_land","NULL","NULL","0439"
"2013","NULL","1","2","prosent","69.2","sysselsatte_kjonn_land","NULL","NULL","0439"
"2013","NULL","1","alle","personer","25","sysselsatte_kjonn_land","NULL","NULL","0439"
"2013","NULL","1","alle","prosent","80.6","sysselsatte_kjonn_land","NULL","NULL","0439"
"2013","NULL","alle","1","personer","28","sysselsatte_kjonn_land","NULL","NULL","0439"
"2013","NULL","alle","1","prosent","90.3","sysselsatte_kjonn_land","NULL","NULL","0439"
"2013","NULL","alle","2","personer","11","sysselsatte_kjonn_land","NULL","NULL","0439"
"2013","NULL","alle","2","prosent","61.1","sysselsatte_kjonn_land","NULL","NULL","0439"
"2013","NULL","alle","alle","personer","39","sysselsatte_kjonn_land","NULL","NULL","0439"
"2013","NULL","alle","alle","prosent","79.6","sysselsatte_kjonn_land","NULL","NULL","0439"
"2013","NULL","0","1","personer","42","sysselsatte_kjonn_land","NULL","NULL","0441"
"2013","NULL","0","1","prosent","80.8","sysselsatte_kjonn_land","NULL","NULL","0441"
"2013","NULL","0","2","personer","9","sysselsatte_kjonn_land","NULL","NULL","0441"
"2013","NULL","0","2","prosent","60","sysselsatte_kjonn_land","NULL","NULL","0441"
"2013","NULL","0","alle","personer","51","sysselsatte_kjonn_land","NULL","NULL","0441"
"2013","NULL","0","alle","prosent","76.1","sysselsatte_kjonn_land","NULL","NULL","0441"
"2013","NULL","1","1","personer","26","sysselsatte_kjonn_land","NULL","NULL","0441"
"2013","NULL","1","1","prosent","68.4","sysselsatte_kjonn_land","NULL","NULL","0441"
"2013","NULL","1","2","personer","11","sysselsatte_kjonn_land","NULL","NULL","0441"
"2013","NULL","1","2","prosent","64.7","sysselsatte_kjonn_land","NULL","NULL","0441"
"2013","NULL","1","alle","personer","37","sysselsatte_kjonn_land","NULL","NULL","0441"
"2013","NULL","1","alle","prosent","67.3","sysselsatte_kjonn_land","NULL","NULL","0441"
"2013","NULL","alle","1","personer","68","sysselsatte_kjonn_land","NULL","NULL","0441"
"2013","NULL","alle","1","prosent","75.6","sysselsatte_kjonn_land","NULL","NULL","0441"
"2013","NULL","alle","2","personer","20","sysselsatte_kjonn_land","NULL","NULL","0441"
"2013","NULL","alle","2","prosent","62.5","sysselsatte_kjonn_land","NULL","NULL","0441"
"2013","NULL","alle","alle","personer","88","sysselsatte_kjonn_land","NULL","NULL","0441"
"2013","NULL","alle","alle","prosent","72.1","sysselsatte_kjonn_land","NULL","NULL","0441"
"2013","NULL","0","1","personer","364","sysselsatte_kjonn_land","NULL","NULL","0501"
"2013","NULL","0","1","prosent","78.8","sysselsatte_kjonn_land","NULL","NULL","0501"
"2013","NULL","0","2","personer","330","sysselsatte_kjonn_land","NULL","NULL","0501"
"2013","NULL","0","2","prosent","66.9","sysselsatte_kjonn_land","NULL","NULL","0501"
"2013","NULL","0","alle","personer","694","sysselsatte_kjonn_land","NULL","NULL","0501"
"2013","NULL","0","alle","prosent","72.7","sysselsatte_kjonn_land","NULL","NULL","0501"
"2013","NULL","1","1","personer","303","sysselsatte_kjonn_land","NULL","NULL","0501"
"2013","NULL","1","1","prosent","77.5","sysselsatte_kjonn_land","NULL","NULL","0501"
"2013","NULL","1","2","personer","289","sysselsatte_kjonn_land","NULL","NULL","0501"
"2013","NULL","1","2","prosent","52.6","sysselsatte_kjonn_land","NULL","NULL","0501"
"2013","NULL","1","alle","personer","592","sysselsatte_kjonn_land","NULL","NULL","0501"
"2013","NULL","1","alle","prosent","63","sysselsatte_kjonn_land","NULL","NULL","0501"
"2013","NULL","alle","1","personer","667","sysselsatte_kjonn_land","NULL","NULL","0501"
"2013","NULL","alle","1","prosent","78.2","sysselsatte_kjonn_land","NULL","NULL","0501"
"2013","NULL","alle","2","personer","619","sysselsatte_kjonn_land","NULL","NULL","0501"
"2013","NULL","alle","2","prosent","59.4","sysselsatte_kjonn_land","NULL","NULL","0501"
"2013","NULL","alle","alle","personer","1286","sysselsatte_kjonn_land","NULL","NULL","0501"
"2013","NULL","alle","alle","prosent","67.9","sysselsatte_kjonn_land","NULL","NULL","0501"
"2013","NULL","0","1","personer","452","sysselsatte_kjonn_land","NULL","NULL","0502"
"2013","NULL","0","1","prosent","81.1","sysselsatte_kjonn_land","NULL","NULL","0502"
"2013","NULL","0","2","personer","388","sysselsatte_kjonn_land","NULL","NULL","0502"
"2013","NULL","0","2","prosent","57","sysselsatte_kjonn_land","NULL","NULL","0502"
"2013","NULL","0","alle","personer","840","sysselsatte_kjonn_land","NULL","NULL","0502"
"2013","NULL","0","alle","prosent","67.9","sysselsatte_kjonn_land","NULL","NULL","0502"
"2013","NULL","1","1","personer","291","sysselsatte_kjonn_land","NULL","NULL","0502"
"2013","NULL","1","1","prosent","72.6","sysselsatte_kjonn_land","NULL","NULL","0502"
"2013","NULL","1","2","personer","382","sysselsatte_kjonn_land","NULL","NULL","0502"
"2013","NULL","1","2","prosent","50.3","sysselsatte_kjonn_land","NULL","NULL","0502"
"2013","NULL","1","alle","personer","673","sysselsatte_kjonn_land","NULL","NULL","0502"
"2013","NULL","1","alle","prosent","58","sysselsatte_kjonn_land","NULL","NULL","0502"
"2013","NULL","alle","1","personer","743","sysselsatte_kjonn_land","NULL","NULL","0502"
"2013","NULL","alle","1","prosent","77.6","sysselsatte_kjonn_land","NULL","NULL","0502"
"2013","NULL","alle","2","personer","770","sysselsatte_kjonn_land","NULL","NULL","0502"
"2013","NULL","alle","2","prosent","53.4","sysselsatte_kjonn_land","NULL","NULL","0502"
"2013","NULL","alle","alle","personer","1513","sysselsatte_kjonn_land","NULL","NULL","0502"
"2013","NULL","alle","alle","prosent","63.1","sysselsatte_kjonn_land","NULL","NULL","0502"
"2013","NULL","0","1","personer","43","sysselsatte_kjonn_land","NULL","NULL","0511"
"2013","NULL","0","1","prosent","79.6","sysselsatte_kjonn_land","NULL","NULL","0511"
"2013","NULL","0","2","personer","4","sysselsatte_kjonn_land","NULL","NULL","0511"
"2013","NULL","0","2","prosent","17.4","sysselsatte_kjonn_land","NULL","NULL","0511"
"2013","NULL","0","alle","personer","47","sysselsatte_kjonn_land","NULL","NULL","0511"
"2013","NULL","0","alle","prosent","61","sysselsatte_kjonn_land","NULL","NULL","0511"
"2013","NULL","1","1","personer","32","sysselsatte_kjonn_land","NULL","NULL","0511"
"2013","NULL","1","1","prosent","74.4","sysselsatte_kjonn_land","NULL","NULL","0511"
"2013","NULL","1","2","personer","21","sysselsatte_kjonn_land","NULL","NULL","0511"
"2013","NULL","1","2","prosent","55.3","sysselsatte_kjonn_land","NULL","NULL","0511"
"2013","NULL","1","alle","personer","53","sysselsatte_kjonn_land","NULL","NULL","0511"
"2013","NULL","1","alle","prosent","65.4","sysselsatte_kjonn_land","NULL","NULL","0511"
"2013","NULL","alle","1","personer","75","sysselsatte_kjonn_land","NULL","NULL","0511"
"2013","NULL","alle","1","prosent","77.3","sysselsatte_kjonn_land","NULL","NULL","0511"
"2013","NULL","alle","2","personer","25","sysselsatte_kjonn_land","NULL","NULL","0511"
"2013","NULL","alle","2","prosent","41","sysselsatte_kjonn_land","NULL","NULL","0511"
"2013","NULL","alle","alle","personer","100","sysselsatte_kjonn_land","NULL","NULL","0511"
"2013","NULL","alle","alle","prosent","63.3","sysselsatte_kjonn_land","NULL","NULL","0511"
"2013","NULL","0","1","personer",":","sysselsatte_kjonn_land","NULL","NULL","0512"
"2013","NULL","0","1","prosent",":","sysselsatte_kjonn_land","NULL","NULL","0512"
"2013","NULL","0","2","personer",":","sysselsatte_kjonn_land","NULL","NULL","0512"
"2013","NULL","0","2","prosent",":","sysselsatte_kjonn_land","NULL","NULL","0512"
"2013","NULL","0","alle","personer","47","sysselsatte_kjonn_land","NULL","NULL","0512"
"2013","NULL","0","alle","prosent","82.5","sysselsatte_kjonn_land","NULL","NULL","0512"
"2013","NULL","1","1","personer","26","sysselsatte_kjonn_land","NULL","NULL","0512"
"2013","NULL","1","1","prosent","72.2","sysselsatte_kjonn_land","NULL","NULL","0512"
"2013","NULL","1","2","personer","5","sysselsatte_kjonn_land","NULL","NULL","0512"
"2013","NULL","1","2","prosent","50","sysselsatte_kjonn_land","NULL","NULL","0512"
"2013","NULL","1","alle","personer","31","sysselsatte_kjonn_land","NULL","NULL","0512"
"2013","NULL","1","alle","prosent","67.4","sysselsatte_kjonn_land","NULL","NULL","0512"
"2013","NULL","alle","1","personer","72","sysselsatte_kjonn_land","NULL","NULL","0512"
"2013","NULL","alle","1","prosent","81.8","sysselsatte_kjonn_land","NULL","NULL","0512"
"2013","NULL","alle","2","personer","6","sysselsatte_kjonn_land","NULL","NULL","0512"
"2013","NULL","alle","2","prosent","40","sysselsatte_kjonn_land","NULL","NULL","0512"
"2013","NULL","alle","alle","personer","78","sysselsatte_kjonn_land","NULL","NULL","0512"
"2013","NULL","alle","alle","prosent","75.7","sysselsatte_kjonn_land","NULL","NULL","0512"
"2013","NULL","0","1","personer","38","sysselsatte_kjonn_land","NULL","NULL","0513"
"2013","NULL","0","1","prosent","64.4","sysselsatte_kjonn_land","NULL","NULL","0513"
"2013","NULL","0","2","personer","10","sysselsatte_kjonn_land","NULL","NULL","0513"
"2013","NULL","0","2","prosent","62.5","sysselsatte_kjonn_land","NULL","NULL","0513"
"2013","NULL","0","alle","personer","48","sysselsatte_kjonn_land","NULL","NULL","0513"
"2013","NULL","0","alle","prosent","64","sysselsatte_kjonn_land","NULL","NULL","0513"
"2013","NULL","1","1","personer","6","sysselsatte_kjonn_land","NULL","NULL","0513"
"2013","NULL","1","1","prosent","35.3","sysselsatte_kjonn_land","NULL","NULL","0513"
"2013","NULL","1","2","personer","13","sysselsatte_kjonn_land","NULL","NULL","0513"
"2013","NULL","1","2","prosent","54.2","sysselsatte_kjonn_land","NULL","NULL","0513"
"2013","NULL","1","alle","personer","19","sysselsatte_kjonn_land","NULL","NULL","0513"
"2013","NULL","1","alle","prosent","46.3","sysselsatte_kjonn_land","NULL","NULL","0513"
"2013","NULL","alle","1","personer","44","sysselsatte_kjonn_land","NULL","NULL","0513"
"2013","NULL","alle","1","prosent","57.9","sysselsatte_kjonn_land","NULL","NULL","0513"
"2013","NULL","alle","2","personer","23","sysselsatte_kjonn_land","NULL","NULL","0513"
"2013","NULL","alle","2","prosent","57.5","sysselsatte_kjonn_land","NULL","NULL","0513"
"2013","NULL","alle","alle","personer","67","sysselsatte_kjonn_land","NULL","NULL","0513"
"2013","NULL","alle","alle","prosent","57.8","sysselsatte_kjonn_land","NULL","NULL","0513"
"2013","NULL","0","1","personer","20","sysselsatte_kjonn_land","NULL","NULL","0514"
"2013","NULL","0","1","prosent","80","sysselsatte_kjonn_land","NULL","NULL","0514"
"2013","NULL","0","2","personer","6","sysselsatte_kjonn_land","NULL","NULL","0514"
"2013","NULL","0","2","prosent","50","sysselsatte_kjonn_land","NULL","NULL","0514"
"2013","NULL","0","alle","personer","26","sysselsatte_kjonn_land","NULL","NULL","0514"
"2013","NULL","0","alle","prosent","70.3","sysselsatte_kjonn_land","NULL","NULL","0514"
"2013","NULL","1","1","personer","17","sysselsatte_kjonn_land","NULL","NULL","0514"
"2013","NULL","1","1","prosent","85","sysselsatte_kjonn_land","NULL","NULL","0514"
"2013","NULL","1","2","personer","11","sysselsatte_kjonn_land","NULL","NULL","0514"
"2013","NULL","1","2","prosent","50","sysselsatte_kjonn_land","NULL","NULL","0514"
"2013","NULL","1","alle","personer","28","sysselsatte_kjonn_land","NULL","NULL","0514"
"2013","NULL","1","alle","prosent","66.7","sysselsatte_kjonn_land","NULL","NULL","0514"
"2013","NULL","alle","1","personer","37","sysselsatte_kjonn_land","NULL","NULL","0514"
"2013","NULL","alle","1","prosent","82.2","sysselsatte_kjonn_land","NULL","NULL","0514"
"2013","NULL","alle","2","personer","17","sysselsatte_kjonn_land","NULL","NULL","0514"
"2013","NULL","alle","2","prosent","50","sysselsatte_kjonn_land","NULL","NULL","0514"
"2013","NULL","alle","alle","personer","54","sysselsatte_kjonn_land","NULL","NULL","0514"
"2013","NULL","alle","alle","prosent","68.4","sysselsatte_kjonn_land","NULL","NULL","0514"
"2013","NULL","0","1","personer","24","sysselsatte_kjonn_land","NULL","NULL","0515"
"2013","NULL","0","1","prosent","77.4","sysselsatte_kjonn_land","NULL","NULL","0515"
"2013","NULL","0","2","personer","9","sysselsatte_kjonn_land","NULL","NULL","0515"
"2013","NULL","0","2","prosent","47.4","sysselsatte_kjonn_land","NULL","NULL","0515"
"2013","NULL","0","alle","personer","33","sysselsatte_kjonn_land","NULL","NULL","0515"
"2013","NULL","0","alle","prosent","66","sysselsatte_kjonn_land","NULL","NULL","0515"
"2013","NULL","1","1","personer","13","sysselsatte_kjonn_land","NULL","NULL","0515"
"2013","NULL","1","1","prosent","65","sysselsatte_kjonn_land","NULL","NULL","0515"
"2013","NULL","1","2","personer","19","sysselsatte_kjonn_land","NULL","NULL","0515"
"2013","NULL","1","2","prosent","46.3","sysselsatte_kjonn_land","NULL","NULL","0515"
"2013","NULL","1","alle","personer","32","sysselsatte_kjonn_land","NULL","NULL","0515"
"2013","NULL","1","alle","prosent","52.5","sysselsatte_kjonn_land","NULL","NULL","0515"
"2013","NULL","alle","1","personer","37","sysselsatte_kjonn_land","NULL","NULL","0515"
"2013","NULL","alle","1","prosent","72.5","sysselsatte_kjonn_land","NULL","NULL","0515"
"2013","NULL","alle","2","personer","28","sysselsatte_kjonn_land","NULL","NULL","0515"
"2013","NULL","alle","2","prosent","46.7","sysselsatte_kjonn_land","NULL","NULL","0515"
"2013","NULL","alle","alle","personer","65","sysselsatte_kjonn_land","NULL","NULL","0515"
"2013","NULL","alle","alle","prosent","58.6","sysselsatte_kjonn_land","NULL","NULL","0515"
"2013","NULL","0","1","personer","70","sysselsatte_kjonn_land","NULL","NULL","0516"
"2013","NULL","0","1","prosent","86.4","sysselsatte_kjonn_land","NULL","NULL","0516"
"2013","NULL","0","2","personer","18","sysselsatte_kjonn_land","NULL","NULL","0516"
"2013","NULL","0","2","prosent","47.4","sysselsatte_kjonn_land","NULL","NULL","0516"
"2013","NULL","0","alle","personer","88","sysselsatte_kjonn_land","NULL","NULL","0516"
"2013","NULL","0","alle","prosent","73.9","sysselsatte_kjonn_land","NULL","NULL","0516"
"2013","NULL","1","1","personer","45","sysselsatte_kjonn_land","NULL","NULL","0516"
"2013","NULL","1","1","prosent","83.3","sysselsatte_kjonn_land","NULL","NULL","0516"
"2013","NULL","1","2","personer","21","sysselsatte_kjonn_land","NULL","NULL","0516"
"2013","NULL","1","2","prosent","35.6","sysselsatte_kjonn_land","NULL","NULL","0516"
"2013","NULL","1","alle","personer","66","sysselsatte_kjonn_land","NULL","NULL","0516"
"2013","NULL","1","alle","prosent","58.4","sysselsatte_kjonn_land","NULL","NULL","0516"
"2013","NULL","alle","1","personer","115","sysselsatte_kjonn_land","NULL","NULL","0516"
"2013","NULL","alle","1","prosent","85.2","sysselsatte_kjonn_land","NULL","NULL","0516"
"2013","NULL","alle","2","personer","39","sysselsatte_kjonn_land","NULL","NULL","0516"
"2013","NULL","alle","2","prosent","40.2","sysselsatte_kjonn_land","NULL","NULL","0516"
"2013","NULL","alle","alle","personer","154","sysselsatte_kjonn_land","NULL","NULL","0516"
"2013","NULL","alle","alle","prosent","66.4","sysselsatte_kjonn_land","NULL","NULL","0516"
"2013","NULL","0","1","personer","44","sysselsatte_kjonn_land","NULL","NULL","0517"
"2013","NULL","0","1","prosent","80","sysselsatte_kjonn_land","NULL","NULL","0517"
"2013","NULL","0","2","personer","20","sysselsatte_kjonn_land","NULL","NULL","0517"
"2013","NULL","0","2","prosent","23.8","sysselsatte_kjonn_land","NULL","NULL","0517"
"2013","NULL","0","alle","personer","64","sysselsatte_kjonn_land","NULL","NULL","0517"
"2013","NULL","0","alle","prosent","46","sysselsatte_kjonn_land","NULL","NULL","0517"
"2013","NULL","1","1","personer","29","sysselsatte_kjonn_land","NULL","NULL","0517"
"2013","NULL","1","1","prosent","70.7","sysselsatte_kjonn_land","NULL","NULL","0517"
"2013","NULL","1","2","personer","28","sysselsatte_kjonn_land","NULL","NULL","0517"
"2013","NULL","1","2","prosent","43.1","sysselsatte_kjonn_land","NULL","NULL","0517"
"2013","NULL","1","alle","personer","57","sysselsatte_kjonn_land","NULL","NULL","0517"
"2013","NULL","1","alle","prosent","53.8","sysselsatte_kjonn_land","NULL","NULL","0517"
"2013","NULL","alle","1","personer","73","sysselsatte_kjonn_land","NULL","NULL","0517"
"2013","NULL","alle","1","prosent","76","sysselsatte_kjonn_land","NULL","NULL","0517"
"2013","NULL","alle","2","personer","48","sysselsatte_kjonn_land","NULL","NULL","0517"
"2013","NULL","alle","2","prosent","32.2","sysselsatte_kjonn_land","NULL","NULL","0517"
"2013","NULL","alle","alle","personer","121","sysselsatte_kjonn_land","NULL","NULL","0517"
"2013","NULL","alle","alle","prosent","49.4","sysselsatte_kjonn_land","NULL","NULL","0517"
"2013","NULL","0","1","personer","64","sysselsatte_kjonn_land","NULL","NULL","0519"
"2013","NULL","0","1","prosent","81","sysselsatte_kjonn_land","NULL","NULL","0519"
"2013","NULL","0","2","personer","8","sysselsatte_kjonn_land","NULL","NULL","0519"
"2013","NULL","0","2","prosent","53.3","sysselsatte_kjonn_land","NULL","NULL","0519"
"2013","NULL","0","alle","personer","72","sysselsatte_kjonn_land","NULL","NULL","0519"
"2013","NULL","0","alle","prosent","76.6","sysselsatte_kjonn_land","NULL","NULL","0519"
"2013","NULL","1","1","personer","33","sysselsatte_kjonn_land","NULL","NULL","0519"
"2013","NULL","1","1","prosent","68.8","sysselsatte_kjonn_land","NULL","NULL","0519"
"2013","NULL","1","2","personer","14","sysselsatte_kjonn_land","NULL","NULL","0519"
"2013","NULL","1","2","prosent","56","sysselsatte_kjonn_land","NULL","NULL","0519"
"2013","NULL","1","alle","personer","47","sysselsatte_kjonn_land","NULL","NULL","0519"
"2013","NULL","1","alle","prosent","64.4","sysselsatte_kjonn_land","NULL","NULL","0519"
"2013","NULL","alle","1","personer","97","sysselsatte_kjonn_land","NULL","NULL","0519"
"2013","NULL","alle","1","prosent","76.4","sysselsatte_kjonn_land","NULL","NULL","0519"
"2013","NULL","alle","2","personer","22","sysselsatte_kjonn_land","NULL","NULL","0519"
"2013","NULL","alle","2","prosent","55","sysselsatte_kjonn_land","NULL","NULL","0519"
"2013","NULL","alle","alle","personer","119","sysselsatte_kjonn_land","NULL","NULL","0519"
"2013","NULL","alle","alle","prosent","71.3","sysselsatte_kjonn_land","NULL","NULL","0519"
"2013","NULL","0","1","personer","107","sysselsatte_kjonn_land","NULL","NULL","0520"
"2013","NULL","0","1","prosent","77.5","sysselsatte_kjonn_land","NULL","NULL","0520"
"2013","NULL","0","2","personer","12","sysselsatte_kjonn_land","NULL","NULL","0520"
"2013","NULL","0","2","prosent","29.3","sysselsatte_kjonn_land","NULL","NULL","0520"
"2013","NULL","0","alle","personer","119","sysselsatte_kjonn_land","NULL","NULL","0520"
"2013","NULL","0","alle","prosent","66.5","sysselsatte_kjonn_land","NULL","NULL","0520"
"2013","NULL","1","1","personer","64","sysselsatte_kjonn_land","NULL","NULL","0520"
"2013","NULL","1","1","prosent","79","sysselsatte_kjonn_land","NULL","NULL","0520"
"2013","NULL","1","2","personer","19","sysselsatte_kjonn_land","NULL","NULL","0520"
"2013","NULL","1","2","prosent","43.2","sysselsatte_kjonn_land","NULL","NULL","0520"
"2013","NULL","1","alle","personer","83","sysselsatte_kjonn_land","NULL","NULL","0520"
"2013","NULL","1","alle","prosent","66.4","sysselsatte_kjonn_land","NULL","NULL","0520"
"2013","NULL","alle","1","personer","171","sysselsatte_kjonn_land","NULL","NULL","0520"
"2013","NULL","alle","1","prosent","78.1","sysselsatte_kjonn_land","NULL","NULL","0520"
"2013","NULL","alle","2","personer","31","sysselsatte_kjonn_land","NULL","NULL","0520"
"2013","NULL","alle","2","prosent","36.5","sysselsatte_kjonn_land","NULL","NULL","0520"
"2013","NULL","alle","alle","personer","202","sysselsatte_kjonn_land","NULL","NULL","0520"
"2013","NULL","alle","alle","prosent","66.4","sysselsatte_kjonn_land","NULL","NULL","0520"
"2013","NULL","0","1","personer","123","sysselsatte_kjonn_land","NULL","NULL","0521"
"2013","NULL","0","1","prosent","68","sysselsatte_kjonn_land","NULL","NULL","0521"
"2013","NULL","0","2","personer","32","sysselsatte_kjonn_land","NULL","NULL","0521"
"2013","NULL","0","2","prosent","46.4","sysselsatte_kjonn_land","NULL","NULL","0521"
"2013","NULL","0","alle","personer","155","sysselsatte_kjonn_land","NULL","NULL","0521"
"2013","NULL","0","alle","prosent","62","sysselsatte_kjonn_land","NULL","NULL","0521"
"2013","NULL","1","1","personer","71","sysselsatte_kjonn_land","NULL","NULL","0521"
"2013","NULL","1","1","prosent","73.2","sysselsatte_kjonn_land","NULL","NULL","0521"
"2013","NULL","1","2","personer","51","sysselsatte_kjonn_land","NULL","NULL","0521"
"2013","NULL","1","2","prosent","62.2","sysselsatte_kjonn_land","NULL","NULL","0521"
"2013","NULL","1","alle","personer","122","sysselsatte_kjonn_land","NULL","NULL","0521"
"2013","NULL","1","alle","prosent","68.2","sysselsatte_kjonn_land","NULL","NULL","0521"
"2013","NULL","alle","1","personer","194","sysselsatte_kjonn_land","NULL","NULL","0521"
"2013","NULL","alle","1","prosent","69.8","sysselsatte_kjonn_land","NULL","NULL","0521"
"2013","NULL","alle","2","personer","83","sysselsatte_kjonn_land","NULL","NULL","0521"
"2013","NULL","alle","2","prosent","55","sysselsatte_kjonn_land","NULL","NULL","0521"
"2013","NULL","alle","alle","personer","277","sysselsatte_kjonn_land","NULL","NULL","0521"
"2013","NULL","alle","alle","prosent","64.6","sysselsatte_kjonn_land","NULL","NULL","0521"
"2013","NULL","0","1","personer","85","sysselsatte_kjonn_land","NULL","NULL","0522"
"2013","NULL","0","1","prosent","80.2","sysselsatte_kjonn_land","NULL","NULL","0522"
"2013","NULL","0","2","personer","16","sysselsatte_kjonn_land","NULL","NULL","0522"
"2013","NULL","0","2","prosent","55.2","sysselsatte_kjonn_land","NULL","NULL","0522"
"2013","NULL","0","alle","personer","101","sysselsatte_kjonn_land","NULL","NULL","0522"
"2013","NULL","0","alle","prosent","74.8","sysselsatte_kjonn_land","NULL","NULL","0522"
"2013","NULL","1","1","personer","44","sysselsatte_kjonn_land","NULL","NULL","0522"
"2013","NULL","1","1","prosent","67.7","sysselsatte_kjonn_land","NULL","NULL","0522"
"2013","NULL","1","2","personer","37","sysselsatte_kjonn_land","NULL","NULL","0522"
"2013","NULL","1","2","prosent","67.3","sysselsatte_kjonn_land","NULL","NULL","0522"
"2013","NULL","1","alle","personer","81","sysselsatte_kjonn_land","NULL","NULL","0522"
"2013","NULL","1","alle","prosent","67.5","sysselsatte_kjonn_land","NULL","NULL","0522"
"2013","NULL","alle","1","personer","129","sysselsatte_kjonn_land","NULL","NULL","0522"
"2013","NULL","alle","1","prosent","75.4","sysselsatte_kjonn_land","NULL","NULL","0522"
"2013","NULL","alle","2","personer","53","sysselsatte_kjonn_land","NULL","NULL","0522"
"2013","NULL","alle","2","prosent","63.1","sysselsatte_kjonn_land","NULL","NULL","0522"
"2013","NULL","alle","alle","personer","182","sysselsatte_kjonn_land","NULL","NULL","0522"
"2013","NULL","alle","alle","prosent","71.4","sysselsatte_kjonn_land","NULL","NULL","0522"
"2013","NULL","0","1","personer","251","sysselsatte_kjonn_land","NULL","NULL","0528"
"2013","NULL","0","1","prosent","80.2","sysselsatte_kjonn_land","NULL","NULL","0528"
"2013","NULL","0","2","personer","68","sysselsatte_kjonn_land","NULL","NULL","0528"
"2013","NULL","0","2","prosent","52.7","sysselsatte_kjonn_land","NULL","NULL","0528"
"2013","NULL","0","alle","personer","319","sysselsatte_kjonn_land","NULL","NULL","0528"
"2013","NULL","0","alle","prosent","72.2","sysselsatte_kjonn_land","NULL","NULL","0528"
"2013","NULL","1","1","personer","137","sysselsatte_kjonn_land","NULL","NULL","0528"
"2013","NULL","1","1","prosent","68.8","sysselsatte_kjonn_land","NULL","NULL","0528"
"2013","NULL","1","2","personer","84","sysselsatte_kjonn_land","NULL","NULL","0528"
"2013","NULL","1","2","prosent","46.4","sysselsatte_kjonn_land","NULL","NULL","0528"
"2013","NULL","1","alle","personer","221","sysselsatte_kjonn_land","NULL","NULL","0528"
"2013","NULL","1","alle","prosent","58.2","sysselsatte_kjonn_land","NULL","NULL","0528"
"2013","NULL","alle","1","personer","388","sysselsatte_kjonn_land","NULL","NULL","0528"
"2013","NULL","alle","1","prosent","75.8","sysselsatte_kjonn_land","NULL","NULL","0528"
"2013","NULL","alle","2","personer","152","sysselsatte_kjonn_land","NULL","NULL","0528"
"2013","NULL","alle","2","prosent","49","sysselsatte_kjonn_land","NULL","NULL","0528"
"2013","NULL","alle","alle","personer","540","sysselsatte_kjonn_land","NULL","NULL","0528"
"2013","NULL","alle","alle","prosent","65.7","sysselsatte_kjonn_land","NULL","NULL","0528"
"2013","NULL","0","1","personer","143","sysselsatte_kjonn_land","NULL","NULL","0529"
"2013","NULL","0","1","prosent","83.1","sysselsatte_kjonn_land","NULL","NULL","0529"
"2013","NULL","0","2","personer","69","sysselsatte_kjonn_land","NULL","NULL","0529"
"2013","NULL","0","2","prosent","45.4","sysselsatte_kjonn_land","NULL","NULL","0529"
"2013","NULL","0","alle","personer","212","sysselsatte_kjonn_land","NULL","NULL","0529"
"2013","NULL","0","alle","prosent","65.4","sysselsatte_kjonn_land","NULL","NULL","0529"
"2013","NULL","1","1","personer","86","sysselsatte_kjonn_land","NULL","NULL","0529"
"2013","NULL","1","1","prosent","76.8","sysselsatte_kjonn_land","NULL","NULL","0529"
"2013","NULL","1","2","personer","109","sysselsatte_kjonn_land","NULL","NULL","0529"
"2013","NULL","1","2","prosent","53.4","sysselsatte_kjonn_land","NULL","NULL","0529"
"2013","NULL","1","alle","personer","195","sysselsatte_kjonn_land","NULL","NULL","0529"
"2013","NULL","1","alle","prosent","61.7","sysselsatte_kjonn_land","NULL","NULL","0529"
"2013","NULL","alle","1","personer","229","sysselsatte_kjonn_land","NULL","NULL","0529"
"2013","NULL","alle","1","prosent","80.6","sysselsatte_kjonn_land","NULL","NULL","0529"
"2013","NULL","alle","2","personer","178","sysselsatte_kjonn_land","NULL","NULL","0529"
"2013","NULL","alle","2","prosent","50","sysselsatte_kjonn_land","NULL","NULL","0529"
"2013","NULL","alle","alle","personer","407","sysselsatte_kjonn_land","NULL","NULL","0529"
"2013","NULL","alle","alle","prosent","63.6","sysselsatte_kjonn_land","NULL","NULL","0529"
"2013","NULL","0","1","personer","115","sysselsatte_kjonn_land","NULL","NULL","0532"
"2013","NULL","0","1","prosent","82.1","sysselsatte_kjonn_land","NULL","NULL","0532"
"2013","NULL","0","2","personer","29","sysselsatte_kjonn_land","NULL","NULL","0532"
"2013","NULL","0","2","prosent","53.7","sysselsatte_kjonn_land","NULL","NULL","0532"
"2013","NULL","0","alle","personer","144","sysselsatte_kjonn_land","NULL","NULL","0532"
"2013","NULL","0","alle","prosent","74.2","sysselsatte_kjonn_land","NULL","NULL","0532"
"2013","NULL","1","1","personer","64","sysselsatte_kjonn_land","NULL","NULL","0532"
"2013","NULL","1","1","prosent","70.3","sysselsatte_kjonn_land","NULL","NULL","0532"
"2013","NULL","1","2","personer","57","sysselsatte_kjonn_land","NULL","NULL","0532"
"2013","NULL","1","2","prosent","64.8","sysselsatte_kjonn_land","NULL","NULL","0532"
"2013","NULL","1","alle","personer","121","sysselsatte_kjonn_land","NULL","NULL","0532"
"2013","NULL","1","alle","prosent","67.6","sysselsatte_kjonn_land","NULL","NULL","0532"
"2013","NULL","alle","1","personer","179","sysselsatte_kjonn_land","NULL","NULL","0532"
"2013","NULL","alle","1","prosent","77.5","sysselsatte_kjonn_land","NULL","NULL","0532"
"2013","NULL","alle","2","personer","86","sysselsatte_kjonn_land","NULL","NULL","0532"
"2013","NULL","alle","2","prosent","60.6","sysselsatte_kjonn_land","NULL","NULL","0532"
"2013","NULL","alle","alle","personer","265","sysselsatte_kjonn_land","NULL","NULL","0532"
"2013","NULL","alle","alle","prosent","71","sysselsatte_kjonn_land","NULL","NULL","0532"
"2013","NULL","0","1","personer","129","sysselsatte_kjonn_land","NULL","NULL","0533"
"2013","NULL","0","1","prosent","82.2","sysselsatte_kjonn_land","NULL","NULL","0533"
"2013","NULL","0","2","personer","66","sysselsatte_kjonn_land","NULL","NULL","0533"
"2013","NULL","0","2","prosent","53.7","sysselsatte_kjonn_land","NULL","NULL","0533"
"2013","NULL","0","alle","personer","195","sysselsatte_kjonn_land","NULL","NULL","0533"
"2013","NULL","0","alle","prosent","69.6","sysselsatte_kjonn_land","NULL","NULL","0533"
"2013","NULL","1","1","personer","87","sysselsatte_kjonn_land","NULL","NULL","0533"
"2013","NULL","1","1","prosent","73.1","sysselsatte_kjonn_land","NULL","NULL","0533"
"2013","NULL","1","2","personer","74","sysselsatte_kjonn_land","NULL","NULL","0533"
"2013","NULL","1","2","prosent","47.7","sysselsatte_kjonn_land","NULL","NULL","0533"
"2013","NULL","1","alle","personer","161","sysselsatte_kjonn_land","NULL","NULL","0533"
"2013","NULL","1","alle","prosent","58.8","sysselsatte_kjonn_land","NULL","NULL","0533"
"2013","NULL","alle","1","personer","216","sysselsatte_kjonn_land","NULL","NULL","0533"
"2013","NULL","alle","1","prosent","78.3","sysselsatte_kjonn_land","NULL","NULL","0533"
"2013","NULL","alle","2","personer","140","sysselsatte_kjonn_land","NULL","NULL","0533"
"2013","NULL","alle","2","prosent","50.4","sysselsatte_kjonn_land","NULL","NULL","0533"
"2013","NULL","alle","alle","personer","356","sysselsatte_kjonn_land","NULL","NULL","0533"
"2013","NULL","alle","alle","prosent","64.3","sysselsatte_kjonn_land","NULL","NULL","0533"
"2013","NULL","0","1","personer","176","sysselsatte_kjonn_land","NULL","NULL","0534"
"2013","NULL","0","1","prosent","72.7","sysselsatte_kjonn_land","NULL","NULL","0534"
"2013","NULL","0","2","personer","95","sysselsatte_kjonn_land","NULL","NULL","0534"
"2013","NULL","0","2","prosent","49.7","sysselsatte_kjonn_land","NULL","NULL","0534"
"2013","NULL","0","alle","personer","271","sysselsatte_kjonn_land","NULL","NULL","0534"
"2013","NULL","0","alle","prosent","62.6","sysselsatte_kjonn_land","NULL","NULL","0534"
"2013","NULL","1","1","personer","90","sysselsatte_kjonn_land","NULL","NULL","0534"
"2013","NULL","1","1","prosent","62.1","sysselsatte_kjonn_land","NULL","NULL","0534"
"2013","NULL","1","2","personer","98","sysselsatte_kjonn_land","NULL","NULL","0534"
"2013","NULL","1","2","prosent","44.1","sysselsatte_kjonn_land","NULL","NULL","0534"
"2013","NULL","1","alle","personer","188","sysselsatte_kjonn_land","NULL","NULL","0534"
"2013","NULL","1","alle","prosent","51.2","sysselsatte_kjonn_land","NULL","NULL","0534"
"2013","NULL","alle","1","personer","266","sysselsatte_kjonn_land","NULL","NULL","0534"
"2013","NULL","alle","1","prosent","68.7","sysselsatte_kjonn_land","NULL","NULL","0534"
"2013","NULL","alle","2","personer","193","sysselsatte_kjonn_land","NULL","NULL","0534"
"2013","NULL","alle","2","prosent","46.7","sysselsatte_kjonn_land","NULL","NULL","0534"
"2013","NULL","alle","alle","personer","459","sysselsatte_kjonn_land","NULL","NULL","0534"
"2013","NULL","alle","alle","prosent","57.4","sysselsatte_kjonn_land","NULL","NULL","0534"
"2013","NULL","0","1","personer","63","sysselsatte_kjonn_land","NULL","NULL","0536"
"2013","NULL","0","1","prosent","73.3","sysselsatte_kjonn_land","NULL","NULL","0536"
"2013","NULL","0","2","personer","23","sysselsatte_kjonn_land","NULL","NULL","0536"
"2013","NULL","0","2","prosent","40.4","sysselsatte_kjonn_land","NULL","NULL","0536"
"2013","NULL","0","alle","personer","86","sysselsatte_kjonn_land","NULL","NULL","0536"
"2013","NULL","0","alle","prosent","60.1","sysselsatte_kjonn_land","NULL","NULL","0536"
"2013","NULL","1","1","personer","37","sysselsatte_kjonn_land","NULL","NULL","0536"
"2013","NULL","1","1","prosent","64.9","sysselsatte_kjonn_land","NULL","NULL","0536"
"2013","NULL","1","2","personer","32","sysselsatte_kjonn_land","NULL","NULL","0536"
"2013","NULL","1","2","prosent","47.8","sysselsatte_kjonn_land","NULL","NULL","0536"
"2013","NULL","1","alle","personer","69","sysselsatte_kjonn_land","NULL","NULL","0536"
"2013","NULL","1","alle","prosent","55.6","sysselsatte_kjonn_land","NULL","NULL","0536"
"2013","NULL","alle","1","personer","100","sysselsatte_kjonn_land","NULL","NULL","0536"
"2013","NULL","alle","1","prosent","69.9","sysselsatte_kjonn_land","NULL","NULL","0536"
"2013","NULL","alle","2","personer","55","sysselsatte_kjonn_land","NULL","NULL","0536"
"2013","NULL","alle","2","prosent","44.4","sysselsatte_kjonn_land","NULL","NULL","0536"
"2013","NULL","alle","alle","personer","155","sysselsatte_kjonn_land","NULL","NULL","0536"
"2013","NULL","alle","alle","prosent","58.1","sysselsatte_kjonn_land","NULL","NULL","0536"
"2013","NULL","0","1","personer","63","sysselsatte_kjonn_land","NULL","NULL","0538"
"2013","NULL","0","1","prosent","67.7","sysselsatte_kjonn_land","NULL","NULL","0538"
"2013","NULL","0","2","personer","27","sysselsatte_kjonn_land","NULL","NULL","0538"
"2013","NULL","0","2","prosent","55.1","sysselsatte_kjonn_land","NULL","NULL","0538"
"2013","NULL","0","alle","personer","90","sysselsatte_kjonn_land","NULL","NULL","0538"
"2013","NULL","0","alle","prosent","63.4","sysselsatte_kjonn_land","NULL","NULL","0538"
"2013","NULL","1","1","personer","41","sysselsatte_kjonn_land","NULL","NULL","0538"
"2013","NULL","1","1","prosent","71.9","sysselsatte_kjonn_land","NULL","NULL","0538"
"2013","NULL","1","2","personer","29","sysselsatte_kjonn_land","NULL","NULL","0538"
"2013","NULL","1","2","prosent","51.8","sysselsatte_kjonn_land","NULL","NULL","0538"
"2013","NULL","1","alle","personer","70","sysselsatte_kjonn_land","NULL","NULL","0538"
"2013","NULL","1","alle","prosent","61.9","sysselsatte_kjonn_land","NULL","NULL","0538"
"2013","NULL","alle","1","personer","104","sysselsatte_kjonn_land","NULL","NULL","0538"
"2013","NULL","alle","1","prosent","69.3","sysselsatte_kjonn_land","NULL","NULL","0538"
"2013","NULL","alle","2","personer","56","sysselsatte_kjonn_land","NULL","NULL","0538"
"2013","NULL","alle","2","prosent","53.3","sysselsatte_kjonn_land","NULL","NULL","0538"
"2013","NULL","alle","alle","personer","160","sysselsatte_kjonn_land","NULL","NULL","0538"
"2013","NULL","alle","alle","prosent","62.7","sysselsatte_kjonn_land","NULL","NULL","0538"
"2013","NULL","0","1","personer","35","sysselsatte_kjonn_land","NULL","NULL","0540"
"2013","NULL","0","1","prosent","74.5","sysselsatte_kjonn_land","NULL","NULL","0540"
"2013","NULL","0","2","personer","12","sysselsatte_kjonn_land","NULL","NULL","0540"
"2013","NULL","0","2","prosent","46.2","sysselsatte_kjonn_land","NULL","NULL","0540"
"2013","NULL","0","alle","personer","47","sysselsatte_kjonn_land","NULL","NULL","0540"
"2013","NULL","0","alle","prosent","64.4","sysselsatte_kjonn_land","NULL","NULL","0540"
"2013","NULL","1","1","personer","31","sysselsatte_kjonn_land","NULL","NULL","0540"
"2013","NULL","1","1","prosent","81.6","sysselsatte_kjonn_land","NULL","NULL","0540"
"2013","NULL","1","2","personer","12","sysselsatte_kjonn_land","NULL","NULL","0540"
"2013","NULL","1","2","prosent","48","sysselsatte_kjonn_land","NULL","NULL","0540"
"2013","NULL","1","alle","personer","43","sysselsatte_kjonn_land","NULL","NULL","0540"
"2013","NULL","1","alle","prosent","68.3","sysselsatte_kjonn_land","NULL","NULL","0540"
"2013","NULL","alle","1","personer","66","sysselsatte_kjonn_land","NULL","NULL","0540"
"2013","NULL","alle","1","prosent","77.6","sysselsatte_kjonn_land","NULL","NULL","0540"
"2013","NULL","alle","2","personer","24","sysselsatte_kjonn_land","NULL","NULL","0540"
"2013","NULL","alle","2","prosent","47.1","sysselsatte_kjonn_land","NULL","NULL","0540"
"2013","NULL","alle","alle","personer","90","sysselsatte_kjonn_land","NULL","NULL","0540"
"2013","NULL","alle","alle","prosent","66.2","sysselsatte_kjonn_land","NULL","NULL","0540"
"2013","NULL","0","1","personer","24","sysselsatte_kjonn_land","NULL","NULL","0541"
"2013","NULL","0","1","prosent","80","sysselsatte_kjonn_land","NULL","NULL","0541"
"2013","NULL","0","2","personer","4","sysselsatte_kjonn_land","NULL","NULL","0541"
"2013","NULL","0","2","prosent","5.6","sysselsatte_kjonn_land","NULL","NULL","0541"
"2013","NULL","0","alle","personer","28","sysselsatte_kjonn_land","NULL","NULL","0541"
"2013","NULL","0","alle","prosent","27.5","sysselsatte_kjonn_land","NULL","NULL","0541"
"2013","NULL","1","1","personer","10","sysselsatte_kjonn_land","NULL","NULL","0541"
"2013","NULL","1","1","prosent","66.7","sysselsatte_kjonn_land","NULL","NULL","0541"
"2013","NULL","1","2","personer","6","sysselsatte_kjonn_land","NULL","NULL","0541"
"2013","NULL","1","2","prosent","24","sysselsatte_kjonn_land","NULL","NULL","0541"
"2013","NULL","1","alle","personer","16","sysselsatte_kjonn_land","NULL","NULL","0541"
"2013","NULL","1","alle","prosent","40","sysselsatte_kjonn_land","NULL","NULL","0541"
"2013","NULL","alle","1","personer","34","sysselsatte_kjonn_land","NULL","NULL","0541"
"2013","NULL","alle","1","prosent","75.6","sysselsatte_kjonn_land","NULL","NULL","0541"
"2013","NULL","alle","2","personer","10","sysselsatte_kjonn_land","NULL","NULL","0541"
"2013","NULL","alle","2","prosent","10.3","sysselsatte_kjonn_land","NULL","NULL","0541"
"2013","NULL","alle","alle","personer","44","sysselsatte_kjonn_land","NULL","NULL","0541"
"2013","NULL","alle","alle","prosent","31","sysselsatte_kjonn_land","NULL","NULL","0541"
"2013","NULL","0","1","personer","111","sysselsatte_kjonn_land","NULL","NULL","0542"
"2013","NULL","0","1","prosent","66.9","sysselsatte_kjonn_land","NULL","NULL","0542"
"2013","NULL","0","2","personer","40","sysselsatte_kjonn_land","NULL","NULL","0542"
"2013","NULL","0","2","prosent","61.5","sysselsatte_kjonn_land","NULL","NULL","0542"
"2013","NULL","0","alle","personer","151","sysselsatte_kjonn_land","NULL","NULL","0542"
"2013","NULL","0","alle","prosent","65.4","sysselsatte_kjonn_land","NULL","NULL","0542"
"2013","NULL","1","1","personer","90","sysselsatte_kjonn_land","NULL","NULL","0542"
"2013","NULL","1","1","prosent","75.6","sysselsatte_kjonn_land","NULL","NULL","0542"
"2013","NULL","1","2","personer","50","sysselsatte_kjonn_land","NULL","NULL","0542"
"2013","NULL","1","2","prosent","61","sysselsatte_kjonn_land","NULL","NULL","0542"
"2013","NULL","1","alle","personer","140","sysselsatte_kjonn_land","NULL","NULL","0542"
"2013","NULL","1","alle","prosent","69.7","sysselsatte_kjonn_land","NULL","NULL","0542"
"2013","NULL","alle","1","personer","201","sysselsatte_kjonn_land","NULL","NULL","0542"
"2013","NULL","alle","1","prosent","70.5","sysselsatte_kjonn_land","NULL","NULL","0542"
"2013","NULL","alle","2","personer","90","sysselsatte_kjonn_land","NULL","NULL","0542"
"2013","NULL","alle","2","prosent","61.2","sysselsatte_kjonn_land","NULL","NULL","0542"
"2013","NULL","alle","alle","personer","291","sysselsatte_kjonn_land","NULL","NULL","0542"
"2013","NULL","alle","alle","prosent","67.4","sysselsatte_kjonn_land","NULL","NULL","0542"
"2013","NULL","0","1","personer","27","sysselsatte_kjonn_land","NULL","NULL","0543"
"2013","NULL","0","1","prosent","77.1","sysselsatte_kjonn_land","NULL","NULL","0543"
"2013","NULL","0","2","personer","5","sysselsatte_kjonn_land","NULL","NULL","0543"
"2013","NULL","0","2","prosent","22.7","sysselsatte_kjonn_land","NULL","NULL","0543"
"2013","NULL","0","alle","personer","32","sysselsatte_kjonn_land","NULL","NULL","0543"
"2013","NULL","0","alle","prosent","56.1","sysselsatte_kjonn_land","NULL","NULL","0543"
"2013","NULL","1","1","personer","25","sysselsatte_kjonn_land","NULL","NULL","0543"
"2013","NULL","1","1","prosent","73.5","sysselsatte_kjonn_land","NULL","NULL","0543"
"2013","NULL","1","2","personer","10","sysselsatte_kjonn_land","NULL","NULL","0543"
"2013","NULL","1","2","prosent","43.5","sysselsatte_kjonn_land","NULL","NULL","0543"
"2013","NULL","1","alle","personer","35","sysselsatte_kjonn_land","NULL","NULL","0543"
"2013","NULL","1","alle","prosent","61.4","sysselsatte_kjonn_land","NULL","NULL","0543"
"2013","NULL","alle","1","personer","52","sysselsatte_kjonn_land","NULL","NULL","0543"
"2013","NULL","alle","1","prosent","75.4","sysselsatte_kjonn_land","NULL","NULL","0543"
"2013","NULL","alle","2","personer","15","sysselsatte_kjonn_land","NULL","NULL","0543"
"2013","NULL","alle","2","prosent","33.3","sysselsatte_kjonn_land","NULL","NULL","0543"
"2013","NULL","alle","alle","personer","67","sysselsatte_kjonn_land","NULL","NULL","0543"
"2013","NULL","alle","alle","prosent","58.8","sysselsatte_kjonn_land","NULL","NULL","0543"
"2013","NULL","0","1","personer","71","sysselsatte_kjonn_land","NULL","NULL","0544"
"2013","NULL","0","1","prosent","79.8","sysselsatte_kjonn_land","NULL","NULL","0544"
"2013","NULL","0","2","personer","9","sysselsatte_kjonn_land","NULL","NULL","0544"
"2013","NULL","0","2","prosent","60","sysselsatte_kjonn_land","NULL","NULL","0544"
"2013","NULL","0","alle","personer","80","sysselsatte_kjonn_land","NULL","NULL","0544"
"2013","NULL","0","alle","prosent","76.9","sysselsatte_kjonn_land","NULL","NULL","0544"
"2013","NULL","1","1","personer","52","sysselsatte_kjonn_land","NULL","NULL","0544"
"2013","NULL","1","1","prosent","76.5","sysselsatte_kjonn_land","NULL","NULL","0544"
"2013","NULL","1","2","personer","28","sysselsatte_kjonn_land","NULL","NULL","0544"
"2013","NULL","1","2","prosent","75.7","sysselsatte_kjonn_land","NULL","NULL","0544"
"2013","NULL","1","alle","personer","80","sysselsatte_kjonn_land","NULL","NULL","0544"
"2013","NULL","1","alle","prosent","76.2","sysselsatte_kjonn_land","NULL","NULL","0544"
"2013","NULL","alle","1","personer","123","sysselsatte_kjonn_land","NULL","NULL","0544"
"2013","NULL","alle","1","prosent","78.3","sysselsatte_kjonn_land","NULL","NULL","0544"
"2013","NULL","alle","2","personer","37","sysselsatte_kjonn_land","NULL","NULL","0544"
"2013","NULL","alle","2","prosent","71.2","sysselsatte_kjonn_land","NULL","NULL","0544"
"2013","NULL","alle","alle","personer","160","sysselsatte_kjonn_land","NULL","NULL","0544"
"2013","NULL","alle","alle","prosent","76.6","sysselsatte_kjonn_land","NULL","NULL","0544"
"2013","NULL","0","1","personer","47","sysselsatte_kjonn_land","NULL","NULL","0545"
"2013","NULL","0","1","prosent","82.5","sysselsatte_kjonn_land","NULL","NULL","0545"
"2013","NULL","0","2","personer","8","sysselsatte_kjonn_land","NULL","NULL","0545"
"2013","NULL","0","2","prosent","18.6","sysselsatte_kjonn_land","NULL","NULL","0545"
"2013","NULL","0","alle","personer","55","sysselsatte_kjonn_land","NULL","NULL","0545"
"2013","NULL","0","alle","prosent","55","sysselsatte_kjonn_land","NULL","NULL","0545"
"2013","NULL","1","1","personer","34","sysselsatte_kjonn_land","NULL","NULL","0545"
"2013","NULL","1","1","prosent","73.9","sysselsatte_kjonn_land","NULL","NULL","0545"
"2013","NULL","1","2","personer","9","sysselsatte_kjonn_land","NULL","NULL","0545"
"2013","NULL","1","2","prosent","50","sysselsatte_kjonn_land","NULL","NULL","0545"
"2013","NULL","1","alle","personer","43","sysselsatte_kjonn_land","NULL","NULL","0545"
"2013","NULL","1","alle","prosent","67.2","sysselsatte_kjonn_land","NULL","NULL","0545"
"2013","NULL","alle","1","personer","81","sysselsatte_kjonn_land","NULL","NULL","0545"
"2013","NULL","alle","1","prosent","78.6","sysselsatte_kjonn_land","NULL","NULL","0545"
"2013","NULL","alle","2","personer","17","sysselsatte_kjonn_land","NULL","NULL","0545"
"2013","NULL","alle","2","prosent","27.9","sysselsatte_kjonn_land","NULL","NULL","0545"
"2013","NULL","alle","alle","personer","98","sysselsatte_kjonn_land","NULL","NULL","0545"
"2013","NULL","alle","alle","prosent","59.8","sysselsatte_kjonn_land","NULL","NULL","0545"
"2013","NULL","0","1","personer","1837","sysselsatte_kjonn_land","NULL","NULL","0602"
"2013","NULL","0","1","prosent","78.9","sysselsatte_kjonn_land","NULL","NULL","0602"
"2013","NULL","0","2","personer","2075","sysselsatte_kjonn_land","NULL","NULL","0602"
"2013","NULL","0","2","prosent","61.8","sysselsatte_kjonn_land","NULL","NULL","0602"
"2013","NULL","0","alle","personer","3912","sysselsatte_kjonn_land","NULL","NULL","0602"
"2013","NULL","0","alle","prosent","68.8","sysselsatte_kjonn_land","NULL","NULL","0602"
"2013","NULL","1","1","personer","1010","sysselsatte_kjonn_land","NULL","NULL","0602"
"2013","NULL","1","1","prosent","69.1","sysselsatte_kjonn_land","NULL","NULL","0602"
"2013","NULL","1","2","personer","1785","sysselsatte_kjonn_land","NULL","NULL","0602"
"2013","NULL","1","2","prosent","47.7","sysselsatte_kjonn_land","NULL","NULL","0602"
"2013","NULL","1","alle","personer","2795","sysselsatte_kjonn_land","NULL","NULL","0602"
"2013","NULL","1","alle","prosent","53.7","sysselsatte_kjonn_land","NULL","NULL","0602"
"2013","NULL","alle","1","personer","2847","sysselsatte_kjonn_land","NULL","NULL","0602"
"2013","NULL","alle","1","prosent","75.1","sysselsatte_kjonn_land","NULL","NULL","0602"
"2013","NULL","alle","2","personer","3860","sysselsatte_kjonn_land","NULL","NULL","0602"
"2013","NULL","alle","2","prosent","54.4","sysselsatte_kjonn_land","NULL","NULL","0602"
"2013","NULL","alle","alle","personer","6707","sysselsatte_kjonn_land","NULL","NULL","0602"
"2013","NULL","alle","alle","prosent","61.6","sysselsatte_kjonn_land","NULL","NULL","0602"
"2013","NULL","0","1","personer","640","sysselsatte_kjonn_land","NULL","NULL","0604"
"2013","NULL","0","1","prosent","83.2","sysselsatte_kjonn_land","NULL","NULL","0604"
"2013","NULL","0","2","personer","452","sysselsatte_kjonn_land","NULL","NULL","0604"
"2013","NULL","0","2","prosent","70.3","sysselsatte_kjonn_land","NULL","NULL","0604"
"2013","NULL","0","alle","personer","1092","sysselsatte_kjonn_land","NULL","NULL","0604"
"2013","NULL","0","alle","prosent","77.3","sysselsatte_kjonn_land","NULL","NULL","0604"
"2013","NULL","1","1","personer","464","sysselsatte_kjonn_land","NULL","NULL","0604"
"2013","NULL","1","1","prosent","75.4","sysselsatte_kjonn_land","NULL","NULL","0604"
"2013","NULL","1","2","personer","418","sysselsatte_kjonn_land","NULL","NULL","0604"
"2013","NULL","1","2","prosent","57.9","sysselsatte_kjonn_land","NULL","NULL","0604"
"2013","NULL","1","alle","personer","882","sysselsatte_kjonn_land","NULL","NULL","0604"
"2013","NULL","1","alle","prosent","66","sysselsatte_kjonn_land","NULL","NULL","0604"
"2013","NULL","alle","1","personer","1104","sysselsatte_kjonn_land","NULL","NULL","0604"
"2013","NULL","alle","1","prosent","79.8","sysselsatte_kjonn_land","NULL","NULL","0604"
"2013","NULL","alle","2","personer","870","sysselsatte_kjonn_land","NULL","NULL","0604"
"2013","NULL","alle","2","prosent","63.7","sysselsatte_kjonn_land","NULL","NULL","0604"
"2013","NULL","alle","alle","personer","1974","sysselsatte_kjonn_land","NULL","NULL","0604"
"2013","NULL","alle","alle","prosent","71.8","sysselsatte_kjonn_land","NULL","NULL","0604"
"2013","NULL","0","1","personer","545","sysselsatte_kjonn_land","NULL","NULL","0605"
"2013","NULL","0","1","prosent","77.6","sysselsatte_kjonn_land","NULL","NULL","0605"
"2013","NULL","0","2","personer","311","sysselsatte_kjonn_land","NULL","NULL","0605"
"2013","NULL","0","2","prosent","60.6","sysselsatte_kjonn_land","NULL","NULL","0605"
"2013","NULL","0","alle","personer","856","sysselsatte_kjonn_land","NULL","NULL","0605"
"2013","NULL","0","alle","prosent","70.5","sysselsatte_kjonn_land","NULL","NULL","0605"
"2013","NULL","1","1","personer","346","sysselsatte_kjonn_land","NULL","NULL","0605"
"2013","NULL","1","1","prosent","71.5","sysselsatte_kjonn_land","NULL","NULL","0605"
"2013","NULL","1","2","personer","386","sysselsatte_kjonn_land","NULL","NULL","0605"
"2013","NULL","1","2","prosent","55.5","sysselsatte_kjonn_land","NULL","NULL","0605"
"2013","NULL","1","alle","personer","732","sysselsatte_kjonn_land","NULL","NULL","0605"
"2013","NULL","1","alle","prosent","62","sysselsatte_kjonn_land","NULL","NULL","0605"
"2013","NULL","alle","1","personer","891","sysselsatte_kjonn_land","NULL","NULL","0605"
"2013","NULL","alle","1","prosent","75.1","sysselsatte_kjonn_land","NULL","NULL","0605"
"2013","NULL","alle","2","personer","697","sysselsatte_kjonn_land","NULL","NULL","0605"
"2013","NULL","alle","2","prosent","57.7","sysselsatte_kjonn_land","NULL","NULL","0605"
"2013","NULL","alle","alle","personer","1588","sysselsatte_kjonn_land","NULL","NULL","0605"
"2013","NULL","alle","alle","prosent","66.3","sysselsatte_kjonn_land","NULL","NULL","0605"
"2013","NULL","0","1","personer","236","sysselsatte_kjonn_land","NULL","NULL","0612"
"2013","NULL","0","1","prosent","74.9","sysselsatte_kjonn_land","NULL","NULL","0612"
"2013","NULL","0","2","personer","31","sysselsatte_kjonn_land","NULL","NULL","0612"
"2013","NULL","0","2","prosent","60.8","sysselsatte_kjonn_land","NULL","NULL","0612"
"2013","NULL","0","alle","personer","267","sysselsatte_kjonn_land","NULL","NULL","0612"
"2013","NULL","0","alle","prosent","73","sysselsatte_kjonn_land","NULL","NULL","0612"
"2013","NULL","1","1","personer","141","sysselsatte_kjonn_land","NULL","NULL","0612"
"2013","NULL","1","1","prosent","75.4","sysselsatte_kjonn_land","NULL","NULL","0612"
"2013","NULL","1","2","personer","74","sysselsatte_kjonn_land","NULL","NULL","0612"
"2013","NULL","1","2","prosent","59.7","sysselsatte_kjonn_land","NULL","NULL","0612"
"2013","NULL","1","alle","personer","215","sysselsatte_kjonn_land","NULL","NULL","0612"
"2013","NULL","1","alle","prosent","69.1","sysselsatte_kjonn_land","NULL","NULL","0612"
"2013","NULL","alle","1","personer","377","sysselsatte_kjonn_land","NULL","NULL","0612"
"2013","NULL","alle","1","prosent","75.1","sysselsatte_kjonn_land","NULL","NULL","0612"
"2013","NULL","alle","2","personer","105","sysselsatte_kjonn_land","NULL","NULL","0612"
"2013","NULL","alle","2","prosent","60","sysselsatte_kjonn_land","NULL","NULL","0612"
"2013","NULL","alle","alle","personer","482","sysselsatte_kjonn_land","NULL","NULL","0612"
"2013","NULL","alle","alle","prosent","71.2","sysselsatte_kjonn_land","NULL","NULL","0612"
"2013","NULL","0","1","personer",":","sysselsatte_kjonn_land","NULL","NULL","0615"
"2013","NULL","0","1","prosent",":","sysselsatte_kjonn_land","NULL","NULL","0615"
"2013","NULL","0","2","personer",":","sysselsatte_kjonn_land","NULL","NULL","0615"
"2013","NULL","0","2","prosent",":","sysselsatte_kjonn_land","NULL","NULL","0615"
"2013","NULL","0","alle","personer","20","sysselsatte_kjonn_land","NULL","NULL","0615"
"2013","NULL","0","alle","prosent","58.8","sysselsatte_kjonn_land","NULL","NULL","0615"
"2013","NULL","1","1","personer","17","sysselsatte_kjonn_land","NULL","NULL","0615"
"2013","NULL","1","1","prosent","68","sysselsatte_kjonn_land","NULL","NULL","0615"
"2013","NULL","1","2","personer","6","sysselsatte_kjonn_land","NULL","NULL","0615"
"2013","NULL","1","2","prosent","66.7","sysselsatte_kjonn_land","NULL","NULL","0615"
"2013","NULL","1","alle","personer","23","sysselsatte_kjonn_land","NULL","NULL","0615"
"2013","NULL","1","alle","prosent","67.6","sysselsatte_kjonn_land","NULL","NULL","0615"
"2013","NULL","alle","1","personer","36","sysselsatte_kjonn_land","NULL","NULL","0615"
"2013","NULL","alle","1","prosent","63.2","sysselsatte_kjonn_land","NULL","NULL","0615"
"2013","NULL","alle","2","personer","7","sysselsatte_kjonn_land","NULL","NULL","0615"
"2013","NULL","alle","2","prosent","63.6","sysselsatte_kjonn_land","NULL","NULL","0615"
"2013","NULL","alle","alle","personer","43","sysselsatte_kjonn_land","NULL","NULL","0615"
"2013","NULL","alle","alle","prosent","63.2","sysselsatte_kjonn_land","NULL","NULL","0615"
"2013","NULL","0","1","personer","53","sysselsatte_kjonn_land","NULL","NULL","0616"
"2013","NULL","0","1","prosent","72.6","sysselsatte_kjonn_land","NULL","NULL","0616"
"2013","NULL","0","2","personer","20","sysselsatte_kjonn_land","NULL","NULL","0616"
"2013","NULL","0","2","prosent","30.3","sysselsatte_kjonn_land","NULL","NULL","0616"
"2013","NULL","0","alle","personer","73","sysselsatte_kjonn_land","NULL","NULL","0616"
"2013","NULL","0","alle","prosent","52.5","sysselsatte_kjonn_land","NULL","NULL","0616"
"2013","NULL","1","1","personer","68","sysselsatte_kjonn_land","NULL","NULL","0616"
"2013","NULL","1","1","prosent","81","sysselsatte_kjonn_land","NULL","NULL","0616"
"2013","NULL","1","2","personer","29","sysselsatte_kjonn_land","NULL","NULL","0616"
"2013","NULL","1","2","prosent","43.3","sysselsatte_kjonn_land","NULL","NULL","0616"
"2013","NULL","1","alle","personer","97","sysselsatte_kjonn_land","NULL","NULL","0616"
"2013","NULL","1","alle","prosent","64.2","sysselsatte_kjonn_land","NULL","NULL","0616"
"2013","NULL","alle","1","personer","121","sysselsatte_kjonn_land","NULL","NULL","0616"
"2013","NULL","alle","1","prosent","77.1","sysselsatte_kjonn_land","NULL","NULL","0616"
"2013","NULL","alle","2","personer","49","sysselsatte_kjonn_land","NULL","NULL","0616"
"2013","NULL","alle","2","prosent","36.8","sysselsatte_kjonn_land","NULL","NULL","0616"
"2013","NULL","alle","alle","personer","170","sysselsatte_kjonn_land","NULL","NULL","0616"
"2013","NULL","alle","alle","prosent","58.6","sysselsatte_kjonn_land","NULL","NULL","0616"
"2013","NULL","0","1","personer","147","sysselsatte_kjonn_land","NULL","NULL","0617"
"2013","NULL","0","1","prosent","79.5","sysselsatte_kjonn_land","NULL","NULL","0617"
"2013","NULL","0","2","personer","52","sysselsatte_kjonn_land","NULL","NULL","0617"
"2013","NULL","0","2","prosent","70.3","sysselsatte_kjonn_land","NULL","NULL","0617"
"2013","NULL","0","alle","personer","199","sysselsatte_kjonn_land","NULL","NULL","0617"
"2013","NULL","0","alle","prosent","76.8","sysselsatte_kjonn_land","NULL","NULL","0617"
"2013","NULL","1","1","personer","118","sysselsatte_kjonn_land","NULL","NULL","0617"
"2013","NULL","1","1","prosent","83.7","sysselsatte_kjonn_land","NULL","NULL","0617"
"2013","NULL","1","2","personer","77","sysselsatte_kjonn_land","NULL","NULL","0617"
"2013","NULL","1","2","prosent","67","sysselsatte_kjonn_land","NULL","NULL","0617"
"2013","NULL","1","alle","personer","195","sysselsatte_kjonn_land","NULL","NULL","0617"
"2013","NULL","1","alle","prosent","76.2","sysselsatte_kjonn_land","NULL","NULL","0617"
"2013","NULL","alle","1","personer","265","sysselsatte_kjonn_land","NULL","NULL","0617"
"2013","NULL","alle","1","prosent","81.3","sysselsatte_kjonn_land","NULL","NULL","0617"
"2013","NULL","alle","2","personer","129","sysselsatte_kjonn_land","NULL","NULL","0617"
"2013","NULL","alle","2","prosent","68.3","sysselsatte_kjonn_land","NULL","NULL","0617"
"2013","NULL","alle","alle","personer","394","sysselsatte_kjonn_land","NULL","NULL","0617"
"2013","NULL","alle","alle","prosent","76.5","sysselsatte_kjonn_land","NULL","NULL","0617"
"2013","NULL","0","1","personer","133","sysselsatte_kjonn_land","NULL","NULL","0618"
"2013","NULL","0","1","prosent","83.6","sysselsatte_kjonn_land","NULL","NULL","0618"
"2013","NULL","0","2","personer","13","sysselsatte_kjonn_land","NULL","NULL","0618"
"2013","NULL","0","2","prosent","40.6","sysselsatte_kjonn_land","NULL","NULL","0618"
"2013","NULL","0","alle","personer","146","sysselsatte_kjonn_land","NULL","NULL","0618"
"2013","NULL","0","alle","prosent","76.4","sysselsatte_kjonn_land","NULL","NULL","0618"
"2013","NULL","1","1","personer","99","sysselsatte_kjonn_land","NULL","NULL","0618"
"2013","NULL","1","1","prosent","80.5","sysselsatte_kjonn_land","NULL","NULL","0618"
"2013","NULL","1","2","personer","10","sysselsatte_kjonn_land","NULL","NULL","0618"
"2013","NULL","1","2","prosent","25.6","sysselsatte_kjonn_land","NULL","NULL","0618"
"2013","NULL","1","alle","personer","109","sysselsatte_kjonn_land","NULL","NULL","0618"
"2013","NULL","1","alle","prosent","67.3","sysselsatte_kjonn_land","NULL","NULL","0618"
"2013","NULL","alle","1","personer","232","sysselsatte_kjonn_land","NULL","NULL","0618"
"2013","NULL","alle","1","prosent","82.3","sysselsatte_kjonn_land","NULL","NULL","0618"
"2013","NULL","alle","2","personer","23","sysselsatte_kjonn_land","NULL","NULL","0618"
"2013","NULL","alle","2","prosent","32.4","sysselsatte_kjonn_land","NULL","NULL","0618"
"2013","NULL","alle","alle","personer","255","sysselsatte_kjonn_land","NULL","NULL","0618"
"2013","NULL","alle","alle","prosent","72.2","sysselsatte_kjonn_land","NULL","NULL","0618"
"2013","NULL","0","1","personer","100","sysselsatte_kjonn_land","NULL","NULL","0619"
"2013","NULL","0","1","prosent","85.5","sysselsatte_kjonn_land","NULL","NULL","0619"
"2013","NULL","0","2","personer","26","sysselsatte_kjonn_land","NULL","NULL","0619"
"2013","NULL","0","2","prosent","51","sysselsatte_kjonn_land","NULL","NULL","0619"
"2013","NULL","0","alle","personer","126","sysselsatte_kjonn_land","NULL","NULL","0619"
"2013","NULL","0","alle","prosent","75","sysselsatte_kjonn_land","NULL","NULL","0619"
"2013","NULL","1","1","personer","70","sysselsatte_kjonn_land","NULL","NULL","0619"
"2013","NULL","1","1","prosent","81.4","sysselsatte_kjonn_land","NULL","NULL","0619"
"2013","NULL","1","2","personer","34","sysselsatte_kjonn_land","NULL","NULL","0619"
"2013","NULL","1","2","prosent","65.4","sysselsatte_kjonn_land","NULL","NULL","0619"
"2013","NULL","1","alle","personer","104","sysselsatte_kjonn_land","NULL","NULL","0619"
"2013","NULL","1","alle","prosent","75.4","sysselsatte_kjonn_land","NULL","NULL","0619"
"2013","NULL","alle","1","personer","170","sysselsatte_kjonn_land","NULL","NULL","0619"
"2013","NULL","alle","1","prosent","83.7","sysselsatte_kjonn_land","NULL","NULL","0619"
"2013","NULL","alle","2","personer","60","sysselsatte_kjonn_land","NULL","NULL","0619"
"2013","NULL","alle","2","prosent","58.3","sysselsatte_kjonn_land","NULL","NULL","0619"
"2013","NULL","alle","alle","personer","230","sysselsatte_kjonn_land","NULL","NULL","0619"
"2013","NULL","alle","alle","prosent","75.2","sysselsatte_kjonn_land","NULL","NULL","0619"
"2013","NULL","0","1","personer","178","sysselsatte_kjonn_land","NULL","NULL","0620"
"2013","NULL","0","1","prosent","78.8","sysselsatte_kjonn_land","NULL","NULL","0620"
"2013","NULL","0","2","personer","31","sysselsatte_kjonn_land","NULL","NULL","0620"
"2013","NULL","0","2","prosent","70.5","sysselsatte_kjonn_land","NULL","NULL","0620"
"2013","NULL","0","alle","personer","209","sysselsatte_kjonn_land","NULL","NULL","0620"
"2013","NULL","0","alle","prosent","77.4","sysselsatte_kjonn_land","NULL","NULL","0620"
"2013","NULL","1","1","personer","152","sysselsatte_kjonn_land","NULL","NULL","0620"
"2013","NULL","1","1","prosent","77.6","sysselsatte_kjonn_land","NULL","NULL","0620"
"2013","NULL","1","2","personer","44","sysselsatte_kjonn_land","NULL","NULL","0620"
"2013","NULL","1","2","prosent","72.1","sysselsatte_kjonn_land","NULL","NULL","0620"
"2013","NULL","1","alle","personer","196","sysselsatte_kjonn_land","NULL","NULL","0620"
"2013","NULL","1","alle","prosent","76.3","sysselsatte_kjonn_land","NULL","NULL","0620"
"2013","NULL","alle","1","personer","330","sysselsatte_kjonn_land","NULL","NULL","0620"
"2013","NULL","alle","1","prosent","78.2","sysselsatte_kjonn_land","NULL","NULL","0620"
"2013","NULL","alle","2","personer","75","sysselsatte_kjonn_land","NULL","NULL","0620"
"2013","NULL","alle","2","prosent","71.4","sysselsatte_kjonn_land","NULL","NULL","0620"
"2013","NULL","alle","alle","personer","405","sysselsatte_kjonn_land","NULL","NULL","0620"
"2013","NULL","alle","alle","prosent","76.9","sysselsatte_kjonn_land","NULL","NULL","0620"
"2013","NULL","0","1","personer",":","sysselsatte_kjonn_land","NULL","NULL","0621"
"2013","NULL","0","1","prosent",":","sysselsatte_kjonn_land","NULL","NULL","0621"
"2013","NULL","0","2","personer",":","sysselsatte_kjonn_land","NULL","NULL","0621"
"2013","NULL","0","2","prosent",":","sysselsatte_kjonn_land","NULL","NULL","0621"
"2013","NULL","0","alle","personer","55","sysselsatte_kjonn_land","NULL","NULL","0621"
"2013","NULL","0","alle","prosent","79.7","sysselsatte_kjonn_land","NULL","NULL","0621"
"2013","NULL","1","1","personer","35","sysselsatte_kjonn_land","NULL","NULL","0621"
"2013","NULL","1","1","prosent","71.4","sysselsatte_kjonn_land","NULL","NULL","0621"
"2013","NULL","1","2","personer","13","sysselsatte_kjonn_land","NULL","NULL","0621"
"2013","NULL","1","2","prosent","56.5","sysselsatte_kjonn_land","NULL","NULL","0621"
"2013","NULL","1","alle","personer","48","sysselsatte_kjonn_land","NULL","NULL","0621"
"2013","NULL","1","alle","prosent","66.7","sysselsatte_kjonn_land","NULL","NULL","0621"
"2013","NULL","alle","1","personer","87","sysselsatte_kjonn_land","NULL","NULL","0621"
"2013","NULL","alle","1","prosent","78.4","sysselsatte_kjonn_land","NULL","NULL","0621"
"2013","NULL","alle","2","personer","16","sysselsatte_kjonn_land","NULL","NULL","0621"
"2013","NULL","alle","2","prosent","53.3","sysselsatte_kjonn_land","NULL","NULL","0621"
"2013","NULL","alle","alle","personer","103","sysselsatte_kjonn_land","NULL","NULL","0621"
"2013","NULL","alle","alle","prosent","73","sysselsatte_kjonn_land","NULL","NULL","0621"
"2013","NULL","0","1","personer","86","sysselsatte_kjonn_land","NULL","NULL","0622"
"2013","NULL","0","1","prosent","82.7","sysselsatte_kjonn_land","NULL","NULL","0622"
"2013","NULL","0","2","personer","7","sysselsatte_kjonn_land","NULL","NULL","0622"
"2013","NULL","0","2","prosent","63.6","sysselsatte_kjonn_land","NULL","NULL","0622"
"2013","NULL","0","alle","personer","93","sysselsatte_kjonn_land","NULL","NULL","0622"
"2013","NULL","0","alle","prosent","80.9","sysselsatte_kjonn_land","NULL","NULL","0622"
"2013","NULL","1","1","personer","49","sysselsatte_kjonn_land","NULL","NULL","0622"
"2013","NULL","1","1","prosent","75.4","sysselsatte_kjonn_land","NULL","NULL","0622"
"2013","NULL","1","2","personer","13","sysselsatte_kjonn_land","NULL","NULL","0622"
"2013","NULL","1","2","prosent","54.2","sysselsatte_kjonn_land","NULL","NULL","0622"
"2013","NULL","1","alle","personer","62","sysselsatte_kjonn_land","NULL","NULL","0622"
"2013","NULL","1","alle","prosent","69.7","sysselsatte_kjonn_land","NULL","NULL","0622"
"2013","NULL","alle","1","personer","135","sysselsatte_kjonn_land","NULL","NULL","0622"
"2013","NULL","alle","1","prosent","79.9","sysselsatte_kjonn_land","NULL","NULL","0622"
"2013","NULL","alle","2","personer","20","sysselsatte_kjonn_land","NULL","NULL","0622"
"2013","NULL","alle","2","prosent","57.1","sysselsatte_kjonn_land","NULL","NULL","0622"
"2013","NULL","alle","alle","personer","155","sysselsatte_kjonn_land","NULL","NULL","0622"
"2013","NULL","alle","alle","prosent","76","sysselsatte_kjonn_land","NULL","NULL","0622"
"2013","NULL","0","1","personer","222","sysselsatte_kjonn_land","NULL","NULL","0623"
"2013","NULL","0","1","prosent","78.2","sysselsatte_kjonn_land","NULL","NULL","0623"
"2013","NULL","0","2","personer","91","sysselsatte_kjonn_land","NULL","NULL","0623"
"2013","NULL","0","2","prosent","59.1","sysselsatte_kjonn_land","NULL","NULL","0623"
"2013","NULL","0","alle","personer","313","sysselsatte_kjonn_land","NULL","NULL","0623"
"2013","NULL","0","alle","prosent","71.5","sysselsatte_kjonn_land","NULL","NULL","0623"
"2013","NULL","1","1","personer","125","sysselsatte_kjonn_land","NULL","NULL","0623"
"2013","NULL","1","1","prosent","67.2","sysselsatte_kjonn_land","NULL","NULL","0623"
"2013","NULL","1","2","personer","101","sysselsatte_kjonn_land","NULL","NULL","0623"
"2013","NULL","1","2","prosent","46.3","sysselsatte_kjonn_land","NULL","NULL","0623"
"2013","NULL","1","alle","personer","226","sysselsatte_kjonn_land","NULL","NULL","0623"
"2013","NULL","1","alle","prosent","55.9","sysselsatte_kjonn_land","NULL","NULL","0623"
"2013","NULL","alle","1","personer","347","sysselsatte_kjonn_land","NULL","NULL","0623"
"2013","NULL","alle","1","prosent","73.8","sysselsatte_kjonn_land","NULL","NULL","0623"
"2013","NULL","alle","2","personer","192","sysselsatte_kjonn_land","NULL","NULL","0623"
"2013","NULL","alle","2","prosent","51.6","sysselsatte_kjonn_land","NULL","NULL","0623"
"2013","NULL","alle","alle","personer","539","sysselsatte_kjonn_land","NULL","NULL","0623"
"2013","NULL","alle","alle","prosent","64","sysselsatte_kjonn_land","NULL","NULL","0623"
"2013","NULL","0","1","personer","524","sysselsatte_kjonn_land","NULL","NULL","0624"
"2013","NULL","0","1","prosent","83.7","sysselsatte_kjonn_land","NULL","NULL","0624"
"2013","NULL","0","2","personer","157","sysselsatte_kjonn_land","NULL","NULL","0624"
"2013","NULL","0","2","prosent","69.5","sysselsatte_kjonn_land","NULL","NULL","0624"
"2013","NULL","0","alle","personer","681","sysselsatte_kjonn_land","NULL","NULL","0624"
"2013","NULL","0","alle","prosent","79.9","sysselsatte_kjonn_land","NULL","NULL","0624"
"2013","NULL","1","1","personer","231","sysselsatte_kjonn_land","NULL","NULL","0624"
"2013","NULL","1","1","prosent","65.6","sysselsatte_kjonn_land","NULL","NULL","0624"
"2013","NULL","1","2","personer","184","sysselsatte_kjonn_land","NULL","NULL","0624"
"2013","NULL","1","2","prosent","57","sysselsatte_kjonn_land","NULL","NULL","0624"
"2013","NULL","1","alle","personer","415","sysselsatte_kjonn_land","NULL","NULL","0624"
"2013","NULL","1","alle","prosent","61.5","sysselsatte_kjonn_land","NULL","NULL","0624"
"2013","NULL","alle","1","personer","755","sysselsatte_kjonn_land","NULL","NULL","0624"
"2013","NULL","alle","1","prosent","77.2","sysselsatte_kjonn_land","NULL","NULL","0624"
"2013","NULL","alle","2","personer","341","sysselsatte_kjonn_land","NULL","NULL","0624"
"2013","NULL","alle","2","prosent","62.1","sysselsatte_kjonn_land","NULL","NULL","0624"
"2013","NULL","alle","alle","personer","1096","sysselsatte_kjonn_land","NULL","NULL","0624"
"2013","NULL","alle","alle","prosent","71.8","sysselsatte_kjonn_land","NULL","NULL","0624"
"2013","NULL","0","1","personer","621","sysselsatte_kjonn_land","NULL","NULL","0625"
"2013","NULL","0","1","prosent","83.8","sysselsatte_kjonn_land","NULL","NULL","0625"
"2013","NULL","0","2","personer","480","sysselsatte_kjonn_land","NULL","NULL","0625"
"2013","NULL","0","2","prosent","69.5","sysselsatte_kjonn_land","NULL","NULL","0625"
"2013","NULL","0","alle","personer","1101","sysselsatte_kjonn_land","NULL","NULL","0625"
"2013","NULL","0","alle","prosent","76.9","sysselsatte_kjonn_land","NULL","NULL","0625"
"2013","NULL","1","1","personer","333","sysselsatte_kjonn_land","NULL","NULL","0625"
"2013","NULL","1","1","prosent","72.2","sysselsatte_kjonn_land","NULL","NULL","0625"
"2013","NULL","1","2","personer","470","sysselsatte_kjonn_land","NULL","NULL","0625"
"2013","NULL","1","2","prosent","57.3","sysselsatte_kjonn_land","NULL","NULL","0625"
"2013","NULL","1","alle","personer","803","sysselsatte_kjonn_land","NULL","NULL","0625"
"2013","NULL","1","alle","prosent","62.7","sysselsatte_kjonn_land","NULL","NULL","0625"
"2013","NULL","alle","1","personer","954","sysselsatte_kjonn_land","NULL","NULL","0625"
"2013","NULL","alle","1","prosent","79.4","sysselsatte_kjonn_land","NULL","NULL","0625"
"2013","NULL","alle","2","personer","950","sysselsatte_kjonn_land","NULL","NULL","0625"
"2013","NULL","alle","2","prosent","62.9","sysselsatte_kjonn_land","NULL","NULL","0625"
"2013","NULL","alle","alle","personer","1904","sysselsatte_kjonn_land","NULL","NULL","0625"
"2013","NULL","alle","alle","prosent","70.2","sysselsatte_kjonn_land","NULL","NULL","0625"
"2013","NULL","0","1","personer","845","sysselsatte_kjonn_land","NULL","NULL","0626"
"2013","NULL","0","1","prosent","82","sysselsatte_kjonn_land","NULL","NULL","0626"
"2013","NULL","0","2","personer","440","sysselsatte_kjonn_land","NULL","NULL","0626"
"2013","NULL","0","2","prosent","66","sysselsatte_kjonn_land","NULL","NULL","0626"
"2013","NULL","0","alle","personer","1285","sysselsatte_kjonn_land","NULL","NULL","0626"
"2013","NULL","0","alle","prosent","75.7","sysselsatte_kjonn_land","NULL","NULL","0626"
"2013","NULL","1","1","personer","464","sysselsatte_kjonn_land","NULL","NULL","0626"
"2013","NULL","1","1","prosent","73.9","sysselsatte_kjonn_land","NULL","NULL","0626"
"2013","NULL","1","2","personer","436","sysselsatte_kjonn_land","NULL","NULL","0626"
"2013","NULL","1","2","prosent","57.2","sysselsatte_kjonn_land","NULL","NULL","0626"
"2013","NULL","1","alle","personer","900","sysselsatte_kjonn_land","NULL","NULL","0626"
"2013","NULL","1","alle","prosent","64.7","sysselsatte_kjonn_land","NULL","NULL","0626"
"2013","NULL","alle","1","personer","1309","sysselsatte_kjonn_land","NULL","NULL","0626"
"2013","NULL","alle","1","prosent","79","sysselsatte_kjonn_land","NULL","NULL","0626"
"2013","NULL","alle","2","personer","876","sysselsatte_kjonn_land","NULL","NULL","0626"
"2013","NULL","alle","2","prosent","61.3","sysselsatte_kjonn_land","NULL","NULL","0626"
"2013","NULL","alle","alle","personer","2185","sysselsatte_kjonn_land","NULL","NULL","0626"
"2013","NULL","alle","alle","prosent","70.8","sysselsatte_kjonn_land","NULL","NULL","0626"
"2013","NULL","0","1","personer","655","sysselsatte_kjonn_land","NULL","NULL","0627"
"2013","NULL","0","1","prosent","82.1","sysselsatte_kjonn_land","NULL","NULL","0627"
"2013","NULL","0","2","personer","171","sysselsatte_kjonn_land","NULL","NULL","0627"
"2013","NULL","0","2","prosent","71","sysselsatte_kjonn_land","NULL","NULL","0627"
"2013","NULL","0","alle","personer","826","sysselsatte_kjonn_land","NULL","NULL","0627"
"2013","NULL","0","alle","prosent","79.5","sysselsatte_kjonn_land","NULL","NULL","0627"
"2013","NULL","1","1","personer","380","sysselsatte_kjonn_land","NULL","NULL","0627"
"2013","NULL","1","1","prosent","72.2","sysselsatte_kjonn_land","NULL","NULL","0627"
"2013","NULL","1","2","personer","241","sysselsatte_kjonn_land","NULL","NULL","0627"
"2013","NULL","1","2","prosent","61.2","sysselsatte_kjonn_land","NULL","NULL","0627"
"2013","NULL","1","alle","personer","621","sysselsatte_kjonn_land","NULL","NULL","0627"
"2013","NULL","1","alle","prosent","67.5","sysselsatte_kjonn_land","NULL","NULL","0627"
"2013","NULL","alle","1","personer","1035","sysselsatte_kjonn_land","NULL","NULL","0627"
"2013","NULL","alle","1","prosent","78.2","sysselsatte_kjonn_land","NULL","NULL","0627"
"2013","NULL","alle","2","personer","412","sysselsatte_kjonn_land","NULL","NULL","0627"
"2013","NULL","alle","2","prosent","64.9","sysselsatte_kjonn_land","NULL","NULL","0627"
"2013","NULL","alle","alle","personer","1447","sysselsatte_kjonn_land","NULL","NULL","0627"
"2013","NULL","alle","alle","prosent","73.9","sysselsatte_kjonn_land","NULL","NULL","0627"
"2013","NULL","0","1","personer","253","sysselsatte_kjonn_land","NULL","NULL","0628"
"2013","NULL","0","1","prosent","82.4","sysselsatte_kjonn_land","NULL","NULL","0628"
"2013","NULL","0","2","personer","53","sysselsatte_kjonn_land","NULL","NULL","0628"
"2013","NULL","0","2","prosent","56.4","sysselsatte_kjonn_land","NULL","NULL","0628"
"2013","NULL","0","alle","personer","306","sysselsatte_kjonn_land","NULL","NULL","0628"
"2013","NULL","0","alle","prosent","76.3","sysselsatte_kjonn_land","NULL","NULL","0628"
"2013","NULL","1","1","personer","159","sysselsatte_kjonn_land","NULL","NULL","0628"
"2013","NULL","1","1","prosent","77.6","sysselsatte_kjonn_land","NULL","NULL","0628"
"2013","NULL","1","2","personer","54","sysselsatte_kjonn_land","NULL","NULL","0628"
"2013","NULL","1","2","prosent","42.2","sysselsatte_kjonn_land","NULL","NULL","0628"
"2013","NULL","1","alle","personer","213","sysselsatte_kjonn_land","NULL","NULL","0628"
"2013","NULL","1","alle","prosent","64","sysselsatte_kjonn_land","NULL","NULL","0628"
"2013","NULL","alle","1","personer","412","sysselsatte_kjonn_land","NULL","NULL","0628"
"2013","NULL","alle","1","prosent","80.5","sysselsatte_kjonn_land","NULL","NULL","0628"
"2013","NULL","alle","2","personer","107","sysselsatte_kjonn_land","NULL","NULL","0628"
"2013","NULL","alle","2","prosent","48.2","sysselsatte_kjonn_land","NULL","NULL","0628"
"2013","NULL","alle","alle","personer","519","sysselsatte_kjonn_land","NULL","NULL","0628"
"2013","NULL","alle","alle","prosent","70.7","sysselsatte_kjonn_land","NULL","NULL","0628"
"2013","NULL","0","1","personer","50","sysselsatte_kjonn_land","NULL","NULL","0631"
"2013","NULL","0","1","prosent","83.3","sysselsatte_kjonn_land","NULL","NULL","0631"
"2013","NULL","0","2","personer","8","sysselsatte_kjonn_land","NULL","NULL","0631"
"2013","NULL","0","2","prosent","40","sysselsatte_kjonn_land","NULL","NULL","0631"
"2013","NULL","0","alle","personer","58","sysselsatte_kjonn_land","NULL","NULL","0631"
"2013","NULL","0","alle","prosent","72.5","sysselsatte_kjonn_land","NULL","NULL","0631"
"2013","NULL","1","1","personer","35","sysselsatte_kjonn_land","NULL","NULL","0631"
"2013","NULL","1","1","prosent","79.5","sysselsatte_kjonn_land","NULL","NULL","0631"
"2013","NULL","1","2","personer","13","sysselsatte_kjonn_land","NULL","NULL","0631"
"2013","NULL","1","2","prosent","43.3","sysselsatte_kjonn_land","NULL","NULL","0631"
"2013","NULL","1","alle","personer","48","sysselsatte_kjonn_land","NULL","NULL","0631"
"2013","NULL","1","alle","prosent","64.9","sysselsatte_kjonn_land","NULL","NULL","0631"
"2013","NULL","alle","1","personer","85","sysselsatte_kjonn_land","NULL","NULL","0631"
"2013","NULL","alle","1","prosent","81.7","sysselsatte_kjonn_land","NULL","NULL","0631"
"2013","NULL","alle","2","personer","21","sysselsatte_kjonn_land","NULL","NULL","0631"
"2013","NULL","alle","2","prosent","42","sysselsatte_kjonn_land","NULL","NULL","0631"
"2013","NULL","alle","alle","personer","106","sysselsatte_kjonn_land","NULL","NULL","0631"
"2013","NULL","alle","alle","prosent","68.8","sysselsatte_kjonn_land","NULL","NULL","0631"
"2013","NULL","0","1","personer","16","sysselsatte_kjonn_land","NULL","NULL","0632"
"2013","NULL","0","1","prosent","84.2","sysselsatte_kjonn_land","NULL","NULL","0632"
"2013","NULL","0","2","personer","7","sysselsatte_kjonn_land","NULL","NULL","0632"
"2013","NULL","0","2","prosent","58.3","sysselsatte_kjonn_land","NULL","NULL","0632"
"2013","NULL","0","alle","personer","23","sysselsatte_kjonn_land","NULL","NULL","0632"
"2013","NULL","0","alle","prosent","74.2","sysselsatte_kjonn_land","NULL","NULL","0632"
"2013","NULL","1","1","personer","10","sysselsatte_kjonn_land","NULL","NULL","0632"
"2013","NULL","1","1","prosent","83.3","sysselsatte_kjonn_land","NULL","NULL","0632"
"2013","NULL","1","2","personer","9","sysselsatte_kjonn_land","NULL","NULL","0632"
"2013","NULL","1","2","prosent","42.9","sysselsatte_kjonn_land","NULL","NULL","0632"
"2013","NULL","1","alle","personer","19","sysselsatte_kjonn_land","NULL","NULL","0632"
"2013","NULL","1","alle","prosent","57.6","sysselsatte_kjonn_land","NULL","NULL","0632"
"2013","NULL","alle","1","personer","26","sysselsatte_kjonn_land","NULL","NULL","0632"
"2013","NULL","alle","1","prosent","83.9","sysselsatte_kjonn_land","NULL","NULL","0632"
"2013","NULL","alle","2","personer","16","sysselsatte_kjonn_land","NULL","NULL","0632"
"2013","NULL","alle","2","prosent","48.5","sysselsatte_kjonn_land","NULL","NULL","0632"
"2013","NULL","alle","alle","personer","42","sysselsatte_kjonn_land","NULL","NULL","0632"
"2013","NULL","alle","alle","prosent","65.6","sysselsatte_kjonn_land","NULL","NULL","0632"
"2013","NULL","0","1","personer","58","sysselsatte_kjonn_land","NULL","NULL","0633"
"2013","NULL","0","1","prosent","87.9","sysselsatte_kjonn_land","NULL","NULL","0633"
"2013","NULL","0","2","personer","11","sysselsatte_kjonn_land","NULL","NULL","0633"
"2013","NULL","0","2","prosent","50","sysselsatte_kjonn_land","NULL","NULL","0633"
"2013","NULL","0","alle","personer","69","sysselsatte_kjonn_land","NULL","NULL","0633"
"2013","NULL","0","alle","prosent","78.4","sysselsatte_kjonn_land","NULL","NULL","0633"
"2013","NULL","1","1","personer","23","sysselsatte_kjonn_land","NULL","NULL","0633"
"2013","NULL","1","1","prosent","63.9","sysselsatte_kjonn_land","NULL","NULL","0633"
"2013","NULL","1","2","personer","19","sysselsatte_kjonn_land","NULL","NULL","0633"
"2013","NULL","1","2","prosent","73.1","sysselsatte_kjonn_land","NULL","NULL","0633"
"2013","NULL","1","alle","personer","42","sysselsatte_kjonn_land","NULL","NULL","0633"
"2013","NULL","1","alle","prosent","67.7","sysselsatte_kjonn_land","NULL","NULL","0633"
"2013","NULL","alle","1","personer","81","sysselsatte_kjonn_land","NULL","NULL","0633"
"2013","NULL","alle","1","prosent","79.4","sysselsatte_kjonn_land","NULL","NULL","0633"
"2013","NULL","alle","2","personer","30","sysselsatte_kjonn_land","NULL","NULL","0633"
"2013","NULL","alle","2","prosent","62.5","sysselsatte_kjonn_land","NULL","NULL","0633"
"2013","NULL","alle","alle","personer","111","sysselsatte_kjonn_land","NULL","NULL","0633"
"2013","NULL","alle","alle","prosent","74","sysselsatte_kjonn_land","NULL","NULL","0633"
"2013","NULL","0","1","personer","451","sysselsatte_kjonn_land","NULL","NULL","0701"
"2013","NULL","0","1","prosent","75.4","sysselsatte_kjonn_land","NULL","NULL","0701"
"2013","NULL","0","2","personer","328","sysselsatte_kjonn_land","NULL","NULL","0701"
"2013","NULL","0","2","prosent","56.2","sysselsatte_kjonn_land","NULL","NULL","0701"
"2013","NULL","0","alle","personer","779","sysselsatte_kjonn_land","NULL","NULL","0701"
"2013","NULL","0","alle","prosent","65.9","sysselsatte_kjonn_land","NULL","NULL","0701"
"2013","NULL","1","1","personer","321","sysselsatte_kjonn_land","NULL","NULL","0701"
"2013","NULL","1","1","prosent","68.4","sysselsatte_kjonn_land","NULL","NULL","0701"
"2013","NULL","1","2","personer","382","sysselsatte_kjonn_land","NULL","NULL","0701"
"2013","NULL","1","2","prosent","52.2","sysselsatte_kjonn_land","NULL","NULL","0701"
"2013","NULL","1","alle","personer","703","sysselsatte_kjonn_land","NULL","NULL","0701"
"2013","NULL","1","alle","prosent","58.5","sysselsatte_kjonn_land","NULL","NULL","0701"
"2013","NULL","alle","1","personer","772","sysselsatte_kjonn_land","NULL","NULL","0701"
"2013","NULL","alle","1","prosent","72.4","sysselsatte_kjonn_land","NULL","NULL","0701"
"2013","NULL","alle","2","personer","710","sysselsatte_kjonn_land","NULL","NULL","0701"
"2013","NULL","alle","2","prosent","54","sysselsatte_kjonn_land","NULL","NULL","0701"
"2013","NULL","alle","alle","personer","1482","sysselsatte_kjonn_land","NULL","NULL","0701"
"2013","NULL","alle","alle","prosent","62.2","sysselsatte_kjonn_land","NULL","NULL","0701"
"2013","NULL","0","1","personer","174","sysselsatte_kjonn_land","NULL","NULL","0702"
"2013","NULL","0","1","prosent","82.5","sysselsatte_kjonn_land","NULL","NULL","0702"
"2013","NULL","0","2","personer","70","sysselsatte_kjonn_land","NULL","NULL","0702"
"2013","NULL","0","2","prosent","58.3","sysselsatte_kjonn_land","NULL","NULL","0702"
"2013","NULL","0","alle","personer","244","sysselsatte_kjonn_land","NULL","NULL","0702"
"2013","NULL","0","alle","prosent","73.7","sysselsatte_kjonn_land","NULL","NULL","0702"
"2013","NULL","1","1","personer","113","sysselsatte_kjonn_land","NULL","NULL","0702"
"2013","NULL","1","1","prosent","68.9","sysselsatte_kjonn_land","NULL","NULL","0702"
"2013","NULL","1","2","personer","104","sysselsatte_kjonn_land","NULL","NULL","0702"
"2013","NULL","1","2","prosent","56.2","sysselsatte_kjonn_land","NULL","NULL","0702"
"2013","NULL","1","alle","personer","217","sysselsatte_kjonn_land","NULL","NULL","0702"
"2013","NULL","1","alle","prosent","62.2","sysselsatte_kjonn_land","NULL","NULL","0702"
"2013","NULL","alle","1","personer","287","sysselsatte_kjonn_land","NULL","NULL","0702"
"2013","NULL","alle","1","prosent","76.5","sysselsatte_kjonn_land","NULL","NULL","0702"
"2013","NULL","alle","2","personer","174","sysselsatte_kjonn_land","NULL","NULL","0702"
"2013","NULL","alle","2","prosent","57","sysselsatte_kjonn_land","NULL","NULL","0702"
"2013","NULL","alle","alle","personer","461","sysselsatte_kjonn_land","NULL","NULL","0702"
"2013","NULL","alle","alle","prosent","67.8","sysselsatte_kjonn_land","NULL","NULL","0702"
"2013","NULL","0","1","personer","935","sysselsatte_kjonn_land","NULL","NULL","0704"
"2013","NULL","0","1","prosent","78","sysselsatte_kjonn_land","NULL","NULL","0704"
"2013","NULL","0","2","personer","487","sysselsatte_kjonn_land","NULL","NULL","0704"
"2013","NULL","0","2","prosent","63","sysselsatte_kjonn_land","NULL","NULL","0704"
"2013","NULL","0","alle","personer","1422","sysselsatte_kjonn_land","NULL","NULL","0704"
"2013","NULL","0","alle","prosent","72.1","sysselsatte_kjonn_land","NULL","NULL","0704"
"2013","NULL","1","1","personer","557","sysselsatte_kjonn_land","NULL","NULL","0704"
"2013","NULL","1","1","prosent","72.1","sysselsatte_kjonn_land","NULL","NULL","0704"
"2013","NULL","1","2","personer","535","sysselsatte_kjonn_land","NULL","NULL","0704"
"2013","NULL","1","2","prosent","56.5","sysselsatte_kjonn_land","NULL","NULL","0704"
"2013","NULL","1","alle","personer","1092","sysselsatte_kjonn_land","NULL","NULL","0704"
"2013","NULL","1","alle","prosent","63.5","sysselsatte_kjonn_land","NULL","NULL","0704"
"2013","NULL","alle","1","personer","1492","sysselsatte_kjonn_land","NULL","NULL","0704"
"2013","NULL","alle","1","prosent","75.7","sysselsatte_kjonn_land","NULL","NULL","0704"
"2013","NULL","alle","2","personer","1022","sysselsatte_kjonn_land","NULL","NULL","0704"
"2013","NULL","alle","2","prosent","59.4","sysselsatte_kjonn_land","NULL","NULL","0704"
"2013","NULL","alle","alle","personer","2514","sysselsatte_kjonn_land","NULL","NULL","0704"
"2013","NULL","alle","alle","prosent","68.1","sysselsatte_kjonn_land","NULL","NULL","0704"
"2013","NULL","0","1","personer","918","sysselsatte_kjonn_land","NULL","NULL","0706"
"2013","NULL","0","1","prosent","78.5","sysselsatte_kjonn_land","NULL","NULL","0706"
"2013","NULL","0","2","personer","614","sysselsatte_kjonn_land","NULL","NULL","0706"
"2013","NULL","0","2","prosent","59.4","sysselsatte_kjonn_land","NULL","NULL","0706"
"2013","NULL","0","alle","personer","1532","sysselsatte_kjonn_land","NULL","NULL","0706"
"2013","NULL","0","alle","prosent","69.5","sysselsatte_kjonn_land","NULL","NULL","0706"
"2013","NULL","1","1","personer","629","sysselsatte_kjonn_land","NULL","NULL","0706"
"2013","NULL","1","1","prosent","70.2","sysselsatte_kjonn_land","NULL","NULL","0706"
"2013","NULL","1","2","personer","643","sysselsatte_kjonn_land","NULL","NULL","0706"
"2013","NULL","1","2","prosent","50.6","sysselsatte_kjonn_land","NULL","NULL","0706"
"2013","NULL","1","alle","personer","1272","sysselsatte_kjonn_land","NULL","NULL","0706"
"2013","NULL","1","alle","prosent","58.7","sysselsatte_kjonn_land","NULL","NULL","0706"
"2013","NULL","alle","1","personer","1547","sysselsatte_kjonn_land","NULL","NULL","0706"
"2013","NULL","alle","1","prosent","74.9","sysselsatte_kjonn_land","NULL","NULL","0706"
"2013","NULL","alle","2","personer","1257","sysselsatte_kjonn_land","NULL","NULL","0706"
"2013","NULL","alle","2","prosent","54.6","sysselsatte_kjonn_land","NULL","NULL","0706"
"2013","NULL","alle","alle","personer","2804","sysselsatte_kjonn_land","NULL","NULL","0706"
"2013","NULL","alle","alle","prosent","64.2","sysselsatte_kjonn_land","NULL","NULL","0706"
"2013","NULL","0","1","personer","713","sysselsatte_kjonn_land","NULL","NULL","0709"
"2013","NULL","0","1","prosent","80.4","sysselsatte_kjonn_land","NULL","NULL","0709"
"2013","NULL","0","2","personer","447","sysselsatte_kjonn_land","NULL","NULL","0709"
"2013","NULL","0","2","prosent","58.1","sysselsatte_kjonn_land","NULL","NULL","0709"
"2013","NULL","0","alle","personer","1160","sysselsatte_kjonn_land","NULL","NULL","0709"
"2013","NULL","0","alle","prosent","70","sysselsatte_kjonn_land","NULL","NULL","0709"
"2013","NULL","1","1","personer","480","sysselsatte_kjonn_land","NULL","NULL","0709"
"2013","NULL","1","1","prosent","71.9","sysselsatte_kjonn_land","NULL","NULL","0709"
"2013","NULL","1","2","personer","455","sysselsatte_kjonn_land","NULL","NULL","0709"
"2013","NULL","1","2","prosent","47.3","sysselsatte_kjonn_land","NULL","NULL","0709"
"2013","NULL","1","alle","personer","935","sysselsatte_kjonn_land","NULL","NULL","0709"
"2013","NULL","1","alle","prosent","57.4","sysselsatte_kjonn_land","NULL","NULL","0709"
"2013","NULL","alle","1","personer","1193","sysselsatte_kjonn_land","NULL","NULL","0709"
"2013","NULL","alle","1","prosent","76.7","sysselsatte_kjonn_land","NULL","NULL","0709"
"2013","NULL","alle","2","personer","902","sysselsatte_kjonn_land","NULL","NULL","0709"
"2013","NULL","alle","2","prosent","52.1","sysselsatte_kjonn_land","NULL","NULL","0709"
"2013","NULL","alle","alle","personer","2095","sysselsatte_kjonn_land","NULL","NULL","0709"
"2013","NULL","alle","alle","prosent","63.8","sysselsatte_kjonn_land","NULL","NULL","0709"
"2013","NULL","0","1","personer","160","sysselsatte_kjonn_land","NULL","NULL","0711"
"2013","NULL","0","1","prosent","78.4","sysselsatte_kjonn_land","NULL","NULL","0711"
"2013","NULL","0","2","personer","27","sysselsatte_kjonn_land","NULL","NULL","0711"
"2013","NULL","0","2","prosent","56.3","sysselsatte_kjonn_land","NULL","NULL","0711"
"2013","NULL","0","alle","personer","187","sysselsatte_kjonn_land","NULL","NULL","0711"
"2013","NULL","0","alle","prosent","74.2","sysselsatte_kjonn_land","NULL","NULL","0711"
"2013","NULL","1","1","personer","108","sysselsatte_kjonn_land","NULL","NULL","0711"
"2013","NULL","1","1","prosent","68.4","sysselsatte_kjonn_land","NULL","NULL","0711"
"2013","NULL","1","2","personer","59","sysselsatte_kjonn_land","NULL","NULL","0711"
"2013","NULL","1","2","prosent","66.3","sysselsatte_kjonn_land","NULL","NULL","0711"
"2013","NULL","1","alle","personer","167","sysselsatte_kjonn_land","NULL","NULL","0711"
"2013","NULL","1","alle","prosent","67.6","sysselsatte_kjonn_land","NULL","NULL","0711"
"2013","NULL","alle","1","personer","268","sysselsatte_kjonn_land","NULL","NULL","0711"
"2013","NULL","alle","1","prosent","74","sysselsatte_kjonn_land","NULL","NULL","0711"
"2013","NULL","alle","2","personer","86","sysselsatte_kjonn_land","NULL","NULL","0711"
"2013","NULL","alle","2","prosent","62.8","sysselsatte_kjonn_land","NULL","NULL","0711"
"2013","NULL","alle","alle","personer","354","sysselsatte_kjonn_land","NULL","NULL","0711"
"2013","NULL","alle","alle","prosent","70.9","sysselsatte_kjonn_land","NULL","NULL","0711"
"2013","NULL","0","1","personer","228","sysselsatte_kjonn_land","NULL","NULL","0713"
"2013","NULL","0","1","prosent","83.5","sysselsatte_kjonn_land","NULL","NULL","0713"
"2013","NULL","0","2","personer","55","sysselsatte_kjonn_land","NULL","NULL","0713"
"2013","NULL","0","2","prosent","62.5","sysselsatte_kjonn_land","NULL","NULL","0713"
"2013","NULL","0","alle","personer","283","sysselsatte_kjonn_land","NULL","NULL","0713"
"2013","NULL","0","alle","prosent","78.4","sysselsatte_kjonn_land","NULL","NULL","0713"
"2013","NULL","1","1","personer","119","sysselsatte_kjonn_land","NULL","NULL","0713"
"2013","NULL","1","1","prosent","74.4","sysselsatte_kjonn_land","NULL","NULL","0713"
"2013","NULL","1","2","personer","56","sysselsatte_kjonn_land","NULL","NULL","0713"
"2013","NULL","1","2","prosent","44.8","sysselsatte_kjonn_land","NULL","NULL","0713"
"2013","NULL","1","alle","personer","175","sysselsatte_kjonn_land","NULL","NULL","0713"
"2013","NULL","1","alle","prosent","61.4","sysselsatte_kjonn_land","NULL","NULL","0713"
"2013","NULL","alle","1","personer","347","sysselsatte_kjonn_land","NULL","NULL","0713"
"2013","NULL","alle","1","prosent","80.1","sysselsatte_kjonn_land","NULL","NULL","0713"
"2013","NULL","alle","2","personer","111","sysselsatte_kjonn_land","NULL","NULL","0713"
"2013","NULL","alle","2","prosent","52.1","sysselsatte_kjonn_land","NULL","NULL","0713"
"2013","NULL","alle","alle","personer","458","sysselsatte_kjonn_land","NULL","NULL","0713"
"2013","NULL","alle","alle","prosent","70.9","sysselsatte_kjonn_land","NULL","NULL","0713"
"2013","NULL","0","1","personer","59","sysselsatte_kjonn_land","NULL","NULL","0714"
"2013","NULL","0","1","prosent","73.8","sysselsatte_kjonn_land","NULL","NULL","0714"
"2013","NULL","0","2","personer","6","sysselsatte_kjonn_land","NULL","NULL","0714"
"2013","NULL","0","2","prosent","85.7","sysselsatte_kjonn_land","NULL","NULL","0714"
"2013","NULL","0","alle","personer","65","sysselsatte_kjonn_land","NULL","NULL","0714"
"2013","NULL","0","alle","prosent","74.7","sysselsatte_kjonn_land","NULL","NULL","0714"
"2013","NULL","1","1","personer","44","sysselsatte_kjonn_land","NULL","NULL","0714"
"2013","NULL","1","1","prosent","81.5","sysselsatte_kjonn_land","NULL","NULL","0714"
"2013","NULL","1","2","personer","20","sysselsatte_kjonn_land","NULL","NULL","0714"
"2013","NULL","1","2","prosent","71.4","sysselsatte_kjonn_land","NULL","NULL","0714"
"2013","NULL","1","alle","personer","64","sysselsatte_kjonn_land","NULL","NULL","0714"
"2013","NULL","1","alle","prosent","78","sysselsatte_kjonn_land","NULL","NULL","0714"
"2013","NULL","alle","1","personer","103","sysselsatte_kjonn_land","NULL","NULL","0714"
"2013","NULL","alle","1","prosent","76.9","sysselsatte_kjonn_land","NULL","NULL","0714"
"2013","NULL","alle","2","personer","26","sysselsatte_kjonn_land","NULL","NULL","0714"
"2013","NULL","alle","2","prosent","74.3","sysselsatte_kjonn_land","NULL","NULL","0714"
"2013","NULL","alle","alle","personer","129","sysselsatte_kjonn_land","NULL","NULL","0714"
"2013","NULL","alle","alle","prosent","76.3","sysselsatte_kjonn_land","NULL","NULL","0714"
"2013","NULL","0","1","personer","195","sysselsatte_kjonn_land","NULL","NULL","0716"
"2013","NULL","0","1","prosent","80.2","sysselsatte_kjonn_land","NULL","NULL","0716"
"2013","NULL","0","2","personer","44","sysselsatte_kjonn_land","NULL","NULL","0716"
"2013","NULL","0","2","prosent","57.9","sysselsatte_kjonn_land","NULL","NULL","0716"
"2013","NULL","0","alle","personer","239","sysselsatte_kjonn_land","NULL","NULL","0716"
"2013","NULL","0","alle","prosent","74.9","sysselsatte_kjonn_land","NULL","NULL","0716"
"2013","NULL","1","1","personer","109","sysselsatte_kjonn_land","NULL","NULL","0716"
"2013","NULL","1","1","prosent","75.7","sysselsatte_kjonn_land","NULL","NULL","0716"
"2013","NULL","1","2","personer","73","sysselsatte_kjonn_land","NULL","NULL","0716"
"2013","NULL","1","2","prosent","52.9","sysselsatte_kjonn_land","NULL","NULL","0716"
"2013","NULL","1","alle","personer","182","sysselsatte_kjonn_land","NULL","NULL","0716"
"2013","NULL","1","alle","prosent","64.5","sysselsatte_kjonn_land","NULL","NULL","0716"
"2013","NULL","alle","1","personer","304","sysselsatte_kjonn_land","NULL","NULL","0716"
"2013","NULL","alle","1","prosent","78.6","sysselsatte_kjonn_land","NULL","NULL","0716"
"2013","NULL","alle","2","personer","117","sysselsatte_kjonn_land","NULL","NULL","0716"
"2013","NULL","alle","2","prosent","54.7","sysselsatte_kjonn_land","NULL","NULL","0716"
"2013","NULL","alle","alle","personer","421","sysselsatte_kjonn_land","NULL","NULL","0716"
"2013","NULL","alle","alle","prosent","70","sysselsatte_kjonn_land","NULL","NULL","0716"
"2013","NULL","0","1","personer","122","sysselsatte_kjonn_land","NULL","NULL","0719"
"2013","NULL","0","1","prosent","84.7","sysselsatte_kjonn_land","NULL","NULL","0719"
"2013","NULL","0","2","personer","32","sysselsatte_kjonn_land","NULL","NULL","0719"
"2013","NULL","0","2","prosent","69.6","sysselsatte_kjonn_land","NULL","NULL","0719"
"2013","NULL","0","alle","personer","154","sysselsatte_kjonn_land","NULL","NULL","0719"
"2013","NULL","0","alle","prosent","81.1","sysselsatte_kjonn_land","NULL","NULL","0719"
"2013","NULL","1","1","personer","80","sysselsatte_kjonn_land","NULL","NULL","0719"
"2013","NULL","1","1","prosent","65.6","sysselsatte_kjonn_land","NULL","NULL","0719"
"2013","NULL","1","2","personer","43","sysselsatte_kjonn_land","NULL","NULL","0719"
"2013","NULL","1","2","prosent","58.1","sysselsatte_kjonn_land","NULL","NULL","0719"
"2013","NULL","1","alle","personer","123","sysselsatte_kjonn_land","NULL","NULL","0719"
"2013","NULL","1","alle","prosent","62.8","sysselsatte_kjonn_land","NULL","NULL","0719"
"2013","NULL","alle","1","personer","202","sysselsatte_kjonn_land","NULL","NULL","0719"
"2013","NULL","alle","1","prosent","75.9","sysselsatte_kjonn_land","NULL","NULL","0719"
"2013","NULL","alle","2","personer","75","sysselsatte_kjonn_land","NULL","NULL","0719"
"2013","NULL","alle","2","prosent","62.5","sysselsatte_kjonn_land","NULL","NULL","0719"
"2013","NULL","alle","alle","personer","277","sysselsatte_kjonn_land","NULL","NULL","0719"
"2013","NULL","alle","alle","prosent","71.8","sysselsatte_kjonn_land","NULL","NULL","0719"
"2013","NULL","0","1","personer","292","sysselsatte_kjonn_land","NULL","NULL","0720"
"2013","NULL","0","1","prosent","81.8","sysselsatte_kjonn_land","NULL","NULL","0720"
"2013","NULL","0","2","personer","94","sysselsatte_kjonn_land","NULL","NULL","0720"
"2013","NULL","0","2","prosent","51.6","sysselsatte_kjonn_land","NULL","NULL","0720"
"2013","NULL","0","alle","personer","386","sysselsatte_kjonn_land","NULL","NULL","0720"
"2013","NULL","0","alle","prosent","71.6","sysselsatte_kjonn_land","NULL","NULL","0720"
"2013","NULL","1","1","personer","190","sysselsatte_kjonn_land","NULL","NULL","0720"
"2013","NULL","1","1","prosent","69.3","sysselsatte_kjonn_land","NULL","NULL","0720"
"2013","NULL","1","2","personer","99","sysselsatte_kjonn_land","NULL","NULL","0720"
"2013","NULL","1","2","prosent","45.4","sysselsatte_kjonn_land","NULL","NULL","0720"
"2013","NULL","1","alle","personer","289","sysselsatte_kjonn_land","NULL","NULL","0720"
"2013","NULL","1","alle","prosent","58.7","sysselsatte_kjonn_land","NULL","NULL","0720"
"2013","NULL","alle","1","personer","482","sysselsatte_kjonn_land","NULL","NULL","0720"
"2013","NULL","alle","1","prosent","76.4","sysselsatte_kjonn_land","NULL","NULL","0720"
"2013","NULL","alle","2","personer","193","sysselsatte_kjonn_land","NULL","NULL","0720"
"2013","NULL","alle","2","prosent","48.3","sysselsatte_kjonn_land","NULL","NULL","0720"
"2013","NULL","alle","alle","personer","675","sysselsatte_kjonn_land","NULL","NULL","0720"
"2013","NULL","alle","alle","prosent","65.5","sysselsatte_kjonn_land","NULL","NULL","0720"
"2013","NULL","0","1","personer","331","sysselsatte_kjonn_land","NULL","NULL","0722"
"2013","NULL","0","1","prosent","81.3","sysselsatte_kjonn_land","NULL","NULL","0722"
"2013","NULL","0","2","personer","191","sysselsatte_kjonn_land","NULL","NULL","0722"
"2013","NULL","0","2","prosent","64.1","sysselsatte_kjonn_land","NULL","NULL","0722"
"2013","NULL","0","alle","personer","522","sysselsatte_kjonn_land","NULL","NULL","0722"
"2013","NULL","0","alle","prosent","74","sysselsatte_kjonn_land","NULL","NULL","0722"
"2013","NULL","1","1","personer","250","sysselsatte_kjonn_land","NULL","NULL","0722"
"2013","NULL","1","1","prosent","72","sysselsatte_kjonn_land","NULL","NULL","0722"
"2013","NULL","1","2","personer","223","sysselsatte_kjonn_land","NULL","NULL","0722"
"2013","NULL","1","2","prosent","53.2","sysselsatte_kjonn_land","NULL","NULL","0722"
"2013","NULL","1","alle","personer","473","sysselsatte_kjonn_land","NULL","NULL","0722"
"2013","NULL","1","alle","prosent","61.7","sysselsatte_kjonn_land","NULL","NULL","0722"
"2013","NULL","alle","1","personer","581","sysselsatte_kjonn_land","NULL","NULL","0722"
"2013","NULL","alle","1","prosent","77.1","sysselsatte_kjonn_land","NULL","NULL","0722"
"2013","NULL","alle","2","personer","414","sysselsatte_kjonn_land","NULL","NULL","0722"
"2013","NULL","alle","2","prosent","57.7","sysselsatte_kjonn_land","NULL","NULL","0722"
"2013","NULL","alle","alle","personer","995","sysselsatte_kjonn_land","NULL","NULL","0722"
"2013","NULL","alle","alle","prosent","67.6","sysselsatte_kjonn_land","NULL","NULL","0722"
"2013","NULL","0","1","personer","99","sysselsatte_kjonn_land","NULL","NULL","0723"
"2013","NULL","0","1","prosent","79.2","sysselsatte_kjonn_land","NULL","NULL","0723"
"2013","NULL","0","2","personer","21","sysselsatte_kjonn_land","NULL","NULL","0723"
"2013","NULL","0","2","prosent","55.3","sysselsatte_kjonn_land","NULL","NULL","0723"
"2013","NULL","0","alle","personer","120","sysselsatte_kjonn_land","NULL","NULL","0723"
"2013","NULL","0","alle","prosent","73.6","sysselsatte_kjonn_land","NULL","NULL","0723"
"2013","NULL","1","1","personer","84","sysselsatte_kjonn_land","NULL","NULL","0723"
"2013","NULL","1","1","prosent","78.5","sysselsatte_kjonn_land","NULL","NULL","0723"
"2013","NULL","1","2","personer","35","sysselsatte_kjonn_land","NULL","NULL","0723"
"2013","NULL","1","2","prosent","49.3","sysselsatte_kjonn_land","NULL","NULL","0723"
"2013","NULL","1","alle","personer","119","sysselsatte_kjonn_land","NULL","NULL","0723"
"2013","NULL","1","alle","prosent","66.9","sysselsatte_kjonn_land","NULL","NULL","0723"
"2013","NULL","alle","1","personer","183","sysselsatte_kjonn_land","NULL","NULL","0723"
"2013","NULL","alle","1","prosent","78.9","sysselsatte_kjonn_land","NULL","NULL","0723"
"2013","NULL","alle","2","personer","56","sysselsatte_kjonn_land","NULL","NULL","0723"
"2013","NULL","alle","2","prosent","51.4","sysselsatte_kjonn_land","NULL","NULL","0723"
"2013","NULL","alle","alle","personer","239","sysselsatte_kjonn_land","NULL","NULL","0723"
"2013","NULL","alle","alle","prosent","70.1","sysselsatte_kjonn_land","NULL","NULL","0723"
"2013","NULL","0","1","personer","43","sysselsatte_kjonn_land","NULL","NULL","0728"
"2013","NULL","0","1","prosent","87.8","sysselsatte_kjonn_land","NULL","NULL","0728"
"2013","NULL","0","2","personer","8","sysselsatte_kjonn_land","NULL","NULL","0728"
"2013","NULL","0","2","prosent","66.7","sysselsatte_kjonn_land","NULL","NULL","0728"
"2013","NULL","0","alle","personer","51","sysselsatte_kjonn_land","NULL","NULL","0728"
"2013","NULL","0","alle","prosent","83.6","sysselsatte_kjonn_land","NULL","NULL","0728"
"2013","NULL","1","1","personer","23","sysselsatte_kjonn_land","NULL","NULL","0728"
"2013","NULL","1","1","prosent","74.2","sysselsatte_kjonn_land","NULL","NULL","0728"
"2013","NULL","1","2","personer","8","sysselsatte_kjonn_land","NULL","NULL","0728"
"2013","NULL","1","2","prosent","33.3","sysselsatte_kjonn_land","NULL","NULL","0728"
"2013","NULL","1","alle","personer","31","sysselsatte_kjonn_land","NULL","NULL","0728"
"2013","NULL","1","alle","prosent","56.4","sysselsatte_kjonn_land","NULL","NULL","0728"
"2013","NULL","alle","1","personer","66","sysselsatte_kjonn_land","NULL","NULL","0728"
"2013","NULL","alle","1","prosent","82.5","sysselsatte_kjonn_land","NULL","NULL","0728"
"2013","NULL","alle","2","personer","16","sysselsatte_kjonn_land","NULL","NULL","0728"
"2013","NULL","alle","2","prosent","44.4","sysselsatte_kjonn_land","NULL","NULL","0728"
"2013","NULL","alle","alle","personer","82","sysselsatte_kjonn_land","NULL","NULL","0728"
"2013","NULL","alle","alle","prosent","70.7","sysselsatte_kjonn_land","NULL","NULL","0728"
"2013","NULL","0","1","personer","484","sysselsatte_kjonn_land","NULL","NULL","0805"
"2013","NULL","0","1","prosent","72.6","sysselsatte_kjonn_land","NULL","NULL","0805"
"2013","NULL","0","2","personer","417","sysselsatte_kjonn_land","NULL","NULL","0805"
"2013","NULL","0","2","prosent","54","sysselsatte_kjonn_land","NULL","NULL","0805"
"2013","NULL","0","alle","personer","901","sysselsatte_kjonn_land","NULL","NULL","0805"
"2013","NULL","0","alle","prosent","62.6","sysselsatte_kjonn_land","NULL","NULL","0805"
"2013","NULL","1","1","personer","248","sysselsatte_kjonn_land","NULL","NULL","0805"
"2013","NULL","1","1","prosent","65.1","sysselsatte_kjonn_land","NULL","NULL","0805"
"2013","NULL","1","2","personer","452","sysselsatte_kjonn_land","NULL","NULL","0805"
"2013","NULL","1","2","prosent","52.3","sysselsatte_kjonn_land","NULL","NULL","0805"
"2013","NULL","1","alle","personer","700","sysselsatte_kjonn_land","NULL","NULL","0805"
"2013","NULL","1","alle","prosent","56.2","sysselsatte_kjonn_land","NULL","NULL","0805"
"2013","NULL","alle","1","personer","732","sysselsatte_kjonn_land","NULL","NULL","0805"
"2013","NULL","alle","1","prosent","69.8","sysselsatte_kjonn_land","NULL","NULL","0805"
"2013","NULL","alle","2","personer","869","sysselsatte_kjonn_land","NULL","NULL","0805"
"2013","NULL","alle","2","prosent","53.1","sysselsatte_kjonn_land","NULL","NULL","0805"
"2013","NULL","alle","alle","personer","1601","sysselsatte_kjonn_land","NULL","NULL","0805"
"2013","NULL","alle","alle","prosent","59.6","sysselsatte_kjonn_land","NULL","NULL","0805"
"2013","NULL","0","1","personer","744","sysselsatte_kjonn_land","NULL","NULL","0806"
"2013","NULL","0","1","prosent","76.4","sysselsatte_kjonn_land","NULL","NULL","0806"
"2013","NULL","0","2","personer","737","sysselsatte_kjonn_land","NULL","NULL","0806"
"2013","NULL","0","2","prosent","50.9","sysselsatte_kjonn_land","NULL","NULL","0806"
"2013","NULL","0","alle","personer","1481","sysselsatte_kjonn_land","NULL","NULL","0806"
"2013","NULL","0","alle","prosent","61.2","sysselsatte_kjonn_land","NULL","NULL","0806"
"2013","NULL","1","1","personer","483","sysselsatte_kjonn_land","NULL","NULL","0806"
"2013","NULL","1","1","prosent","69.9","sysselsatte_kjonn_land","NULL","NULL","0806"
"2013","NULL","1","2","personer","847","sysselsatte_kjonn_land","NULL","NULL","0806"
"2013","NULL","1","2","prosent","50.8","sysselsatte_kjonn_land","NULL","NULL","0806"
"2013","NULL","1","alle","personer","1330","sysselsatte_kjonn_land","NULL","NULL","0806"
"2013","NULL","1","alle","prosent","56.4","sysselsatte_kjonn_land","NULL","NULL","0806"
"2013","NULL","alle","1","personer","1227","sysselsatte_kjonn_land","NULL","NULL","0806"
"2013","NULL","alle","1","prosent","73.7","sysselsatte_kjonn_land","NULL","NULL","0806"
"2013","NULL","alle","2","personer","1584","sysselsatte_kjonn_land","NULL","NULL","0806"
"2013","NULL","alle","2","prosent","50.9","sysselsatte_kjonn_land","NULL","NULL","0806"
"2013","NULL","alle","alle","personer","2811","sysselsatte_kjonn_land","NULL","NULL","0806"
"2013","NULL","alle","alle","prosent","58.8","sysselsatte_kjonn_land","NULL","NULL","0806"
"2013","NULL","0","1","personer","177","sysselsatte_kjonn_land","NULL","NULL","0807"
"2013","NULL","0","1","prosent","70.2","sysselsatte_kjonn_land","NULL","NULL","0807"
"2013","NULL","0","2","personer","98","sysselsatte_kjonn_land","NULL","NULL","0807"
"2013","NULL","0","2","prosent","52.7","sysselsatte_kjonn_land","NULL","NULL","0807"
"2013","NULL","0","alle","personer","275","sysselsatte_kjonn_land","NULL","NULL","0807"
"2013","NULL","0","alle","prosent","62.8","sysselsatte_kjonn_land","NULL","NULL","0807"
"2013","NULL","1","1","personer","105","sysselsatte_kjonn_land","NULL","NULL","0807"
"2013","NULL","1","1","prosent","67.3","sysselsatte_kjonn_land","NULL","NULL","0807"
"2013","NULL","1","2","personer","112","sysselsatte_kjonn_land","NULL","NULL","0807"
"2013","NULL","1","2","prosent","50","sysselsatte_kjonn_land","NULL","NULL","0807"
"2013","NULL","1","alle","personer","217","sysselsatte_kjonn_land","NULL","NULL","0807"
"2013","NULL","1","alle","prosent","57.1","sysselsatte_kjonn_land","NULL","NULL","0807"
"2013","NULL","alle","1","personer","282","sysselsatte_kjonn_land","NULL","NULL","0807"
"2013","NULL","alle","1","prosent","69.1","sysselsatte_kjonn_land","NULL","NULL","0807"
"2013","NULL","alle","2","personer","210","sysselsatte_kjonn_land","NULL","NULL","0807"
"2013","NULL","alle","2","prosent","51.2","sysselsatte_kjonn_land","NULL","NULL","0807"
"2013","NULL","alle","alle","personer","492","sysselsatte_kjonn_land","NULL","NULL","0807"
"2013","NULL","alle","alle","prosent","60.1","sysselsatte_kjonn_land","NULL","NULL","0807"
"2013","NULL","0","1","personer","9","sysselsatte_kjonn_land","NULL","NULL","0811"
"2013","NULL","0","1","prosent","64.3","sysselsatte_kjonn_land","NULL","NULL","0811"
"2013","NULL","0","2","personer","8","sysselsatte_kjonn_land","NULL","NULL","0811"
"2013","NULL","0","2","prosent","50","sysselsatte_kjonn_land","NULL","NULL","0811"
"2013","NULL","0","alle","personer","17","sysselsatte_kjonn_land","NULL","NULL","0811"
"2013","NULL","0","alle","prosent","56.7","sysselsatte_kjonn_land","NULL","NULL","0811"
"2013","NULL","1","1","personer","12","sysselsatte_kjonn_land","NULL","NULL","0811"
"2013","NULL","1","1","prosent","66.7","sysselsatte_kjonn_land","NULL","NULL","0811"
"2013","NULL","1","2","personer","22","sysselsatte_kjonn_land","NULL","NULL","0811"
"2013","NULL","1","2","prosent","53.7","sysselsatte_kjonn_land","NULL","NULL","0811"
"2013","NULL","1","alle","personer","34","sysselsatte_kjonn_land","NULL","NULL","0811"
"2013","NULL","1","alle","prosent","57.6","sysselsatte_kjonn_land","NULL","NULL","0811"
"2013","NULL","alle","1","personer","21","sysselsatte_kjonn_land","NULL","NULL","0811"
"2013","NULL","alle","1","prosent","65.6","sysselsatte_kjonn_land","NULL","NULL","0811"
"2013","NULL","alle","2","personer","30","sysselsatte_kjonn_land","NULL","NULL","0811"
"2013","NULL","alle","2","prosent","52.6","sysselsatte_kjonn_land","NULL","NULL","0811"
"2013","NULL","alle","alle","personer","51","sysselsatte_kjonn_land","NULL","NULL","0811"
"2013","NULL","alle","alle","prosent","57.3","sysselsatte_kjonn_land","NULL","NULL","0811"
"2013","NULL","0","1","personer","128","sysselsatte_kjonn_land","NULL","NULL","0814"
"2013","NULL","0","1","prosent","73.1","sysselsatte_kjonn_land","NULL","NULL","0814"
"2013","NULL","0","2","personer","76","sysselsatte_kjonn_land","NULL","NULL","0814"
"2013","NULL","0","2","prosent","46.3","sysselsatte_kjonn_land","NULL","NULL","0814"
"2013","NULL","0","alle","personer","204","sysselsatte_kjonn_land","NULL","NULL","0814"
"2013","NULL","0","alle","prosent","60.2","sysselsatte_kjonn_land","NULL","NULL","0814"
"2013","NULL","1","1","personer","94","sysselsatte_kjonn_land","NULL","NULL","0814"
"2013","NULL","1","1","prosent","71.2","sysselsatte_kjonn_land","NULL","NULL","0814"
"2013","NULL","1","2","personer","85","sysselsatte_kjonn_land","NULL","NULL","0814"
"2013","NULL","1","2","prosent","39.5","sysselsatte_kjonn_land","NULL","NULL","0814"
"2013","NULL","1","alle","personer","179","sysselsatte_kjonn_land","NULL","NULL","0814"
"2013","NULL","1","alle","prosent","51.6","sysselsatte_kjonn_land","NULL","NULL","0814"
"2013","NULL","alle","1","personer","222","sysselsatte_kjonn_land","NULL","NULL","0814"
"2013","NULL","alle","1","prosent","72.3","sysselsatte_kjonn_land","NULL","NULL","0814"
"2013","NULL","alle","2","personer","161","sysselsatte_kjonn_land","NULL","NULL","0814"
"2013","NULL","alle","2","prosent","42.5","sysselsatte_kjonn_land","NULL","NULL","0814"
"2013","NULL","alle","alle","personer","383","sysselsatte_kjonn_land","NULL","NULL","0814"
"2013","NULL","alle","alle","prosent","55.8","sysselsatte_kjonn_land","NULL","NULL","0814"
"2013","NULL","0","1","personer","162","sysselsatte_kjonn_land","NULL","NULL","0815"
"2013","NULL","0","1","prosent","77.5","sysselsatte_kjonn_land","NULL","NULL","0815"
"2013","NULL","0","2","personer","55","sysselsatte_kjonn_land","NULL","NULL","0815"
"2013","NULL","0","2","prosent","42.3","sysselsatte_kjonn_land","NULL","NULL","0815"
"2013","NULL","0","alle","personer","217","sysselsatte_kjonn_land","NULL","NULL","0815"
"2013","NULL","0","alle","prosent","64","sysselsatte_kjonn_land","NULL","NULL","0815"
"2013","NULL","1","1","personer","97","sysselsatte_kjonn_land","NULL","NULL","0815"
"2013","NULL","1","1","prosent","70.8","sysselsatte_kjonn_land","NULL","NULL","0815"
"2013","NULL","1","2","personer","94","sysselsatte_kjonn_land","NULL","NULL","0815"
"2013","NULL","1","2","prosent","49","sysselsatte_kjonn_land","NULL","NULL","0815"
"2013","NULL","1","alle","personer","191","sysselsatte_kjonn_land","NULL","NULL","0815"
"2013","NULL","1","alle","prosent","58.1","sysselsatte_kjonn_land","NULL","NULL","0815"
"2013","NULL","alle","1","personer","259","sysselsatte_kjonn_land","NULL","NULL","0815"
"2013","NULL","alle","1","prosent","74.9","sysselsatte_kjonn_land","NULL","NULL","0815"
"2013","NULL","alle","2","personer","149","sysselsatte_kjonn_land","NULL","NULL","0815"
"2013","NULL","alle","2","prosent","46.3","sysselsatte_kjonn_land","NULL","NULL","0815"
"2013","NULL","alle","alle","personer","408","sysselsatte_kjonn_land","NULL","NULL","0815"
"2013","NULL","alle","alle","prosent","61.1","sysselsatte_kjonn_land","NULL","NULL","0815"
"2013","NULL","0","1","personer","57","sysselsatte_kjonn_land","NULL","NULL","0817"
"2013","NULL","0","1","prosent","85.1","sysselsatte_kjonn_land","NULL","NULL","0817"
"2013","NULL","0","2","personer","7","sysselsatte_kjonn_land","NULL","NULL","0817"
"2013","NULL","0","2","prosent","31.8","sysselsatte_kjonn_land","NULL","NULL","0817"
"2013","NULL","0","alle","personer","64","sysselsatte_kjonn_land","NULL","NULL","0817"
"2013","NULL","0","alle","prosent","71.9","sysselsatte_kjonn_land","NULL","NULL","0817"
"2013","NULL","1","1","personer","50","sysselsatte_kjonn_land","NULL","NULL","0817"
"2013","NULL","1","1","prosent","72.5","sysselsatte_kjonn_land","NULL","NULL","0817"
"2013","NULL","1","2","personer","24","sysselsatte_kjonn_land","NULL","NULL","0817"
"2013","NULL","1","2","prosent","45.3","sysselsatte_kjonn_land","NULL","NULL","0817"
"2013","NULL","1","alle","personer","74","sysselsatte_kjonn_land","NULL","NULL","0817"
"2013","NULL","1","alle","prosent","60.7","sysselsatte_kjonn_land","NULL","NULL","0817"
"2013","NULL","alle","1","personer","107","sysselsatte_kjonn_land","NULL","NULL","0817"
"2013","NULL","alle","1","prosent","78.7","sysselsatte_kjonn_land","NULL","NULL","0817"
"2013","NULL","alle","2","personer","31","sysselsatte_kjonn_land","NULL","NULL","0817"
"2013","NULL","alle","2","prosent","41.3","sysselsatte_kjonn_land","NULL","NULL","0817"
"2013","NULL","alle","alle","personer","138","sysselsatte_kjonn_land","NULL","NULL","0817"
"2013","NULL","alle","alle","prosent","65.4","sysselsatte_kjonn_land","NULL","NULL","0817"
"2013","NULL","0","1","personer","90","sysselsatte_kjonn_land","NULL","NULL","0819"
"2013","NULL","0","1","prosent","83.3","sysselsatte_kjonn_land","NULL","NULL","0819"
"2013","NULL","0","2","personer","39","sysselsatte_kjonn_land","NULL","NULL","0819"
"2013","NULL","0","2","prosent","41.5","sysselsatte_kjonn_land","NULL","NULL","0819"
"2013","NULL","0","alle","personer","129","sysselsatte_kjonn_land","NULL","NULL","0819"
"2013","NULL","0","alle","prosent","63.9","sysselsatte_kjonn_land","NULL","NULL","0819"
"2013","NULL","1","1","personer","81","sysselsatte_kjonn_land","NULL","NULL","0819"
"2013","NULL","1","1","prosent","74.3","sysselsatte_kjonn_land","NULL","NULL","0819"
"2013","NULL","1","2","personer","67","sysselsatte_kjonn_land","NULL","NULL","0819"
"2013","NULL","1","2","prosent","47.5","sysselsatte_kjonn_land","NULL","NULL","0819"
"2013","NULL","1","alle","personer","148","sysselsatte_kjonn_land","NULL","NULL","0819"
"2013","NULL","1","alle","prosent","59.2","sysselsatte_kjonn_land","NULL","NULL","0819"
"2013","NULL","alle","1","personer","171","sysselsatte_kjonn_land","NULL","NULL","0819"
"2013","NULL","alle","1","prosent","78.8","sysselsatte_kjonn_land","NULL","NULL","0819"
"2013","NULL","alle","2","personer","106","sysselsatte_kjonn_land","NULL","NULL","0819"
"2013","NULL","alle","2","prosent","45.1","sysselsatte_kjonn_land","NULL","NULL","0819"
"2013","NULL","alle","alle","personer","277","sysselsatte_kjonn_land","NULL","NULL","0819"
"2013","NULL","alle","alle","prosent","61.3","sysselsatte_kjonn_land","NULL","NULL","0819"
"2013","NULL","0","1","personer","67","sysselsatte_kjonn_land","NULL","NULL","0821"
"2013","NULL","0","1","prosent","48.6","sysselsatte_kjonn_land","NULL","NULL","0821"
"2013","NULL","0","2","personer","41","sysselsatte_kjonn_land","NULL","NULL","0821"
"2013","NULL","0","2","prosent","38.7","sysselsatte_kjonn_land","NULL","NULL","0821"
"2013","NULL","0","alle","personer","108","sysselsatte_kjonn_land","NULL","NULL","0821"
"2013","NULL","0","alle","prosent","44.3","sysselsatte_kjonn_land","NULL","NULL","0821"
"2013","NULL","1","1","personer","64","sysselsatte_kjonn_land","NULL","NULL","0821"
"2013","NULL","1","1","prosent","51.2","sysselsatte_kjonn_land","NULL","NULL","0821"
"2013","NULL","1","2","personer","65","sysselsatte_kjonn_land","NULL","NULL","0821"
"2013","NULL","1","2","prosent","49.6","sysselsatte_kjonn_land","NULL","NULL","0821"
"2013","NULL","1","alle","personer","129","sysselsatte_kjonn_land","NULL","NULL","0821"
"2013","NULL","1","alle","prosent","50.4","sysselsatte_kjonn_land","NULL","NULL","0821"
"2013","NULL","alle","1","personer","131","sysselsatte_kjonn_land","NULL","NULL","0821"
"2013","NULL","alle","1","prosent","49.8","sysselsatte_kjonn_land","NULL","NULL","0821"
"2013","NULL","alle","2","personer","106","sysselsatte_kjonn_land","NULL","NULL","0821"
"2013","NULL","alle","2","prosent","44.7","sysselsatte_kjonn_land","NULL","NULL","0821"
"2013","NULL","alle","alle","personer","237","sysselsatte_kjonn_land","NULL","NULL","0821"
"2013","NULL","alle","alle","prosent","47.4","sysselsatte_kjonn_land","NULL","NULL","0821"
"2013","NULL","0","1","personer","70","sysselsatte_kjonn_land","NULL","NULL","0822"
"2013","NULL","0","1","prosent","77.8","sysselsatte_kjonn_land","NULL","NULL","0822"
"2013","NULL","0","2","personer","34","sysselsatte_kjonn_land","NULL","NULL","0822"
"2013","NULL","0","2","prosent","59.6","sysselsatte_kjonn_land","NULL","NULL","0822"
"2013","NULL","0","alle","personer","104","sysselsatte_kjonn_land","NULL","NULL","0822"
"2013","NULL","0","alle","prosent","70.7","sysselsatte_kjonn_land","NULL","NULL","0822"
"2013","NULL","1","1","personer","50","sysselsatte_kjonn_land","NULL","NULL","0822"
"2013","NULL","1","1","prosent","76.9","sysselsatte_kjonn_land","NULL","NULL","0822"
"2013","NULL","1","2","personer","34","sysselsatte_kjonn_land","NULL","NULL","0822"
"2013","NULL","1","2","prosent","47.2","sysselsatte_kjonn_land","NULL","NULL","0822"
"2013","NULL","1","alle","personer","84","sysselsatte_kjonn_land","NULL","NULL","0822"
"2013","NULL","1","alle","prosent","61.3","sysselsatte_kjonn_land","NULL","NULL","0822"
"2013","NULL","alle","1","personer","120","sysselsatte_kjonn_land","NULL","NULL","0822"
"2013","NULL","alle","1","prosent","77.4","sysselsatte_kjonn_land","NULL","NULL","0822"
"2013","NULL","alle","2","personer","68","sysselsatte_kjonn_land","NULL","NULL","0822"
"2013","NULL","alle","2","prosent","52.7","sysselsatte_kjonn_land","NULL","NULL","0822"
"2013","NULL","alle","alle","personer","188","sysselsatte_kjonn_land","NULL","NULL","0822"
"2013","NULL","alle","alle","prosent","66.2","sysselsatte_kjonn_land","NULL","NULL","0822"
"2013","NULL","0","1","personer","96","sysselsatte_kjonn_land","NULL","NULL","0826"
"2013","NULL","0","1","prosent","80","sysselsatte_kjonn_land","NULL","NULL","0826"
"2013","NULL","0","2","personer","60","sysselsatte_kjonn_land","NULL","NULL","0826"
"2013","NULL","0","2","prosent","52.2","sysselsatte_kjonn_land","NULL","NULL","0826"
"2013","NULL","0","alle","personer","156","sysselsatte_kjonn_land","NULL","NULL","0826"
"2013","NULL","0","alle","prosent","66.4","sysselsatte_kjonn_land","NULL","NULL","0826"
"2013","NULL","1","1","personer","78","sysselsatte_kjonn_land","NULL","NULL","0826"
"2013","NULL","1","1","prosent","77.2","sysselsatte_kjonn_land","NULL","NULL","0826"
"2013","NULL","1","2","personer","68","sysselsatte_kjonn_land","NULL","NULL","0826"
"2013","NULL","1","2","prosent","55.3","sysselsatte_kjonn_land","NULL","NULL","0826"
"2013","NULL","1","alle","personer","146","sysselsatte_kjonn_land","NULL","NULL","0826"
"2013","NULL","1","alle","prosent","65.2","sysselsatte_kjonn_land","NULL","NULL","0826"
"2013","NULL","alle","1","personer","174","sysselsatte_kjonn_land","NULL","NULL","0826"
"2013","NULL","alle","1","prosent","78.7","sysselsatte_kjonn_land","NULL","NULL","0826"
"2013","NULL","alle","2","personer","128","sysselsatte_kjonn_land","NULL","NULL","0826"
"2013","NULL","alle","2","prosent","53.8","sysselsatte_kjonn_land","NULL","NULL","0826"
"2013","NULL","alle","alle","personer","302","sysselsatte_kjonn_land","NULL","NULL","0826"
"2013","NULL","alle","alle","prosent","65.8","sysselsatte_kjonn_land","NULL","NULL","0826"
"2013","NULL","0","1","personer",":","sysselsatte_kjonn_land","NULL","NULL","0827"
"2013","NULL","0","1","prosent",":","sysselsatte_kjonn_land","NULL","NULL","0827"
"2013","NULL","0","2","personer",":","sysselsatte_kjonn_land","NULL","NULL","0827"
"2013","NULL","0","2","prosent",":","sysselsatte_kjonn_land","NULL","NULL","0827"
"2013","NULL","0","alle","personer","13","sysselsatte_kjonn_land","NULL","NULL","0827"
"2013","NULL","0","alle","prosent","52","sysselsatte_kjonn_land","NULL","NULL","0827"
"2013","NULL","1","1","personer",":","sysselsatte_kjonn_land","NULL","NULL","0827"
"2013","NULL","1","1","prosent",":","sysselsatte_kjonn_land","NULL","NULL","0827"
"2013","NULL","1","2","personer",":","sysselsatte_kjonn_land","NULL","NULL","0827"
"2013","NULL","1","2","prosent",":","sysselsatte_kjonn_land","NULL","NULL","0827"
"2013","NULL","1","alle","personer","12","sysselsatte_kjonn_land","NULL","NULL","0827"
"2013","NULL","1","alle","prosent","46.2","sysselsatte_kjonn_land","NULL","NULL","0827"
"2013","NULL","alle","1","personer",":","sysselsatte_kjonn_land","NULL","NULL","0827"
"2013","NULL","alle","1","prosent",":","sysselsatte_kjonn_land","NULL","NULL","0827"
"2013","NULL","alle","2","personer",":","sysselsatte_kjonn_land","NULL","NULL","0827"
"2013","NULL","alle","2","prosent",":","sysselsatte_kjonn_land","NULL","NULL","0827"
"2013","NULL","alle","alle","personer","25","sysselsatte_kjonn_land","NULL","NULL","0827"
"2013","NULL","alle","alle","prosent","49","sysselsatte_kjonn_land","NULL","NULL","0827"
"2013","NULL","0","1","personer","60","sysselsatte_kjonn_land","NULL","NULL","0828"
"2013","NULL","0","1","prosent","88.2","sysselsatte_kjonn_land","NULL","NULL","0828"
"2013","NULL","0","2","personer","6","sysselsatte_kjonn_land","NULL","NULL","0828"
"2013","NULL","0","2","prosent","33.3","sysselsatte_kjonn_land","NULL","NULL","0828"
"2013","NULL","0","alle","personer","66","sysselsatte_kjonn_land","NULL","NULL","0828"
"2013","NULL","0","alle","prosent","76.7","sysselsatte_kjonn_land","NULL","NULL","0828"
"2013","NULL","1","1","personer","38","sysselsatte_kjonn_land","NULL","NULL","0828"
"2013","NULL","1","1","prosent","76","sysselsatte_kjonn_land","NULL","NULL","0828"
"2013","NULL","1","2","personer","15","sysselsatte_kjonn_land","NULL","NULL","0828"
"2013","NULL","1","2","prosent","46.9","sysselsatte_kjonn_land","NULL","NULL","0828"
"2013","NULL","1","alle","personer","53","sysselsatte_kjonn_land","NULL","NULL","0828"
"2013","NULL","1","alle","prosent","64.6","sysselsatte_kjonn_land","NULL","NULL","0828"
"2013","NULL","alle","1","personer","98","sysselsatte_kjonn_land","NULL","NULL","0828"
"2013","NULL","alle","1","prosent","83.1","sysselsatte_kjonn_land","NULL","NULL","0828"
"2013","NULL","alle","2","personer","21","sysselsatte_kjonn_land","NULL","NULL","0828"
"2013","NULL","alle","2","prosent","42","sysselsatte_kjonn_land","NULL","NULL","0828"
"2013","NULL","alle","alle","personer","119","sysselsatte_kjonn_land","NULL","NULL","0828"
"2013","NULL","alle","alle","prosent","70.8","sysselsatte_kjonn_land","NULL","NULL","0828"
"2013","NULL","0","1","personer","47","sysselsatte_kjonn_land","NULL","NULL","0829"
"2013","NULL","0","1","prosent","78.3","sysselsatte_kjonn_land","NULL","NULL","0829"
"2013","NULL","0","2","personer","6","sysselsatte_kjonn_land","NULL","NULL","0829"
"2013","NULL","0","2","prosent","75","sysselsatte_kjonn_land","NULL","NULL","0829"
"2013","NULL","0","alle","personer","53","sysselsatte_kjonn_land","NULL","NULL","0829"
"2013","NULL","0","alle","prosent","77.9","sysselsatte_kjonn_land","NULL","NULL","0829"
"2013","NULL","1","1","personer","44","sysselsatte_kjonn_land","NULL","NULL","0829"
"2013","NULL","1","1","prosent","77.2","sysselsatte_kjonn_land","NULL","NULL","0829"
"2013","NULL","1","2","personer","17","sysselsatte_kjonn_land","NULL","NULL","0829"
"2013","NULL","1","2","prosent","70.8","sysselsatte_kjonn_land","NULL","NULL","0829"
"2013","NULL","1","alle","personer","61","sysselsatte_kjonn_land","NULL","NULL","0829"
"2013","NULL","1","alle","prosent","75.3","sysselsatte_kjonn_land","NULL","NULL","0829"
"2013","NULL","alle","1","personer","91","sysselsatte_kjonn_land","NULL","NULL","0829"
"2013","NULL","alle","1","prosent","77.8","sysselsatte_kjonn_land","NULL","NULL","0829"
"2013","NULL","alle","2","personer","23","sysselsatte_kjonn_land","NULL","NULL","0829"
"2013","NULL","alle","2","prosent","71.9","sysselsatte_kjonn_land","NULL","NULL","0829"
"2013","NULL","alle","alle","personer","114","sysselsatte_kjonn_land","NULL","NULL","0829"
"2013","NULL","alle","alle","prosent","76.5","sysselsatte_kjonn_land","NULL","NULL","0829"
"2013","NULL","0","1","personer",":","sysselsatte_kjonn_land","NULL","NULL","0830"
"2013","NULL","0","1","prosent",":","sysselsatte_kjonn_land","NULL","NULL","0830"
"2013","NULL","0","2","personer",":","sysselsatte_kjonn_land","NULL","NULL","0830"
"2013","NULL","0","2","prosent",":","sysselsatte_kjonn_land","NULL","NULL","0830"
"2013","NULL","0","alle","personer","33","sysselsatte_kjonn_land","NULL","NULL","0830"
"2013","NULL","0","alle","prosent","78.6","sysselsatte_kjonn_land","NULL","NULL","0830"
"2013","NULL","1","1","personer","22","sysselsatte_kjonn_land","NULL","NULL","0830"
"2013","NULL","1","1","prosent","75.9","sysselsatte_kjonn_land","NULL","NULL","0830"
"2013","NULL","1","2","personer","7","sysselsatte_kjonn_land","NULL","NULL","0830"
"2013","NULL","1","2","prosent","63.6","sysselsatte_kjonn_land","NULL","NULL","0830"
"2013","NULL","1","alle","personer","29","sysselsatte_kjonn_land","NULL","NULL","0830"
"2013","NULL","1","alle","prosent","72.5","sysselsatte_kjonn_land","NULL","NULL","0830"
"2013","NULL","alle","1","personer","54","sysselsatte_kjonn_land","NULL","NULL","0830"
"2013","NULL","alle","1","prosent","78.3","sysselsatte_kjonn_land","NULL","NULL","0830"
"2013","NULL","alle","2","personer","8","sysselsatte_kjonn_land","NULL","NULL","0830"
"2013","NULL","alle","2","prosent","61.5","sysselsatte_kjonn_land","NULL","NULL","0830"
"2013","NULL","alle","alle","personer","62","sysselsatte_kjonn_land","NULL","NULL","0830"
"2013","NULL","alle","alle","prosent","75.6","sysselsatte_kjonn_land","NULL","NULL","0830"
"2013","NULL","0","1","personer",":","sysselsatte_kjonn_land","NULL","NULL","0831"
"2013","NULL","0","1","prosent",":","sysselsatte_kjonn_land","NULL","NULL","0831"
"2013","NULL","0","2","personer",":","sysselsatte_kjonn_land","NULL","NULL","0831"
"2013","NULL","0","2","prosent",":","sysselsatte_kjonn_land","NULL","NULL","0831"
"2013","NULL","0","alle","personer","34","sysselsatte_kjonn_land","NULL","NULL","0831"
"2013","NULL","0","alle","prosent","64.2","sysselsatte_kjonn_land","NULL","NULL","0831"
"2013","NULL","1","1","personer","22","sysselsatte_kjonn_land","NULL","NULL","0831"
"2013","NULL","1","1","prosent","68.8","sysselsatte_kjonn_land","NULL","NULL","0831"
"2013","NULL","1","2","personer","4","sysselsatte_kjonn_land","NULL","NULL","0831"
"2013","NULL","1","2","prosent","40","sysselsatte_kjonn_land","NULL","NULL","0831"
"2013","NULL","1","alle","personer","26","sysselsatte_kjonn_land","NULL","NULL","0831"
"2013","NULL","1","alle","prosent","61.9","sysselsatte_kjonn_land","NULL","NULL","0831"
"2013","NULL","alle","1","personer","53","sysselsatte_kjonn_land","NULL","NULL","0831"
"2013","NULL","alle","1","prosent","68.8","sysselsatte_kjonn_land","NULL","NULL","0831"
"2013","NULL","alle","2","personer","7","sysselsatte_kjonn_land","NULL","NULL","0831"
"2013","NULL","alle","2","prosent","38.9","sysselsatte_kjonn_land","NULL","NULL","0831"
"2013","NULL","alle","alle","personer","60","sysselsatte_kjonn_land","NULL","NULL","0831"
"2013","NULL","alle","alle","prosent","63.2","sysselsatte_kjonn_land","NULL","NULL","0831"
"2013","NULL","0","1","personer","24","sysselsatte_kjonn_land","NULL","NULL","0833"
"2013","NULL","0","1","prosent","82.8","sysselsatte_kjonn_land","NULL","NULL","0833"
"2013","NULL","0","2","personer","12","sysselsatte_kjonn_land","NULL","NULL","0833"
"2013","NULL","0","2","prosent","85.7","sysselsatte_kjonn_land","NULL","NULL","0833"
"2013","NULL","0","alle","personer","36","sysselsatte_kjonn_land","NULL","NULL","0833"
"2013","NULL","0","alle","prosent","83.7","sysselsatte_kjonn_land","NULL","NULL","0833"
"2013","NULL","1","1","personer","21","sysselsatte_kjonn_land","NULL","NULL","0833"
"2013","NULL","1","1","prosent","75","sysselsatte_kjonn_land","NULL","NULL","0833"
"2013","NULL","1","2","personer","15","sysselsatte_kjonn_land","NULL","NULL","0833"
"2013","NULL","1","2","prosent","83.3","sysselsatte_kjonn_land","NULL","NULL","0833"
"2013","NULL","1","alle","personer","36","sysselsatte_kjonn_land","NULL","NULL","0833"
"2013","NULL","1","alle","prosent","78.3","sysselsatte_kjonn_land","NULL","NULL","0833"
"2013","NULL","alle","1","personer","45","sysselsatte_kjonn_land","NULL","NULL","0833"
"2013","NULL","alle","1","prosent","78.9","sysselsatte_kjonn_land","NULL","NULL","0833"
"2013","NULL","alle","2","personer","27","sysselsatte_kjonn_land","NULL","NULL","0833"
"2013","NULL","alle","2","prosent","84.4","sysselsatte_kjonn_land","NULL","NULL","0833"
"2013","NULL","alle","alle","personer","72","sysselsatte_kjonn_land","NULL","NULL","0833"
"2013","NULL","alle","alle","prosent","80.9","sysselsatte_kjonn_land","NULL","NULL","0833"
"2013","NULL","0","1","personer","72","sysselsatte_kjonn_land","NULL","NULL","0834"
"2013","NULL","0","1","prosent","88.9","sysselsatte_kjonn_land","NULL","NULL","0834"
"2013","NULL","0","2","personer","20","sysselsatte_kjonn_land","NULL","NULL","0834"
"2013","NULL","0","2","prosent","64.5","sysselsatte_kjonn_land","NULL","NULL","0834"
"2013","NULL","0","alle","personer","92","sysselsatte_kjonn_land","NULL","NULL","0834"
"2013","NULL","0","alle","prosent","82.1","sysselsatte_kjonn_land","NULL","NULL","0834"
"2013","NULL","1","1","personer","52","sysselsatte_kjonn_land","NULL","NULL","0834"
"2013","NULL","1","1","prosent","74.3","sysselsatte_kjonn_land","NULL","NULL","0834"
"2013","NULL","1","2","personer","21","sysselsatte_kjonn_land","NULL","NULL","0834"
"2013","NULL","1","2","prosent","53.8","sysselsatte_kjonn_land","NULL","NULL","0834"
"2013","NULL","1","alle","personer","73","sysselsatte_kjonn_land","NULL","NULL","0834"
"2013","NULL","1","alle","prosent","67","sysselsatte_kjonn_land","NULL","NULL","0834"
"2013","NULL","alle","1","personer","124","sysselsatte_kjonn_land","NULL","NULL","0834"
"2013","NULL","alle","1","prosent","82.1","sysselsatte_kjonn_land","NULL","NULL","0834"
"2013","NULL","alle","2","personer","41","sysselsatte_kjonn_land","NULL","NULL","0834"
"2013","NULL","alle","2","prosent","58.6","sysselsatte_kjonn_land","NULL","NULL","0834"
"2013","NULL","alle","alle","personer","165","sysselsatte_kjonn_land","NULL","NULL","0834"
"2013","NULL","alle","alle","prosent","74.7","sysselsatte_kjonn_land","NULL","NULL","0834"
"2013","NULL","0","1","personer","105","sysselsatte_kjonn_land","NULL","NULL","0901"
"2013","NULL","0","1","prosent","77.2","sysselsatte_kjonn_land","NULL","NULL","0901"
"2013","NULL","0","2","personer","32","sysselsatte_kjonn_land","NULL","NULL","0901"
"2013","NULL","0","2","prosent","40.5","sysselsatte_kjonn_land","NULL","NULL","0901"
"2013","NULL","0","alle","personer","137","sysselsatte_kjonn_land","NULL","NULL","0901"
"2013","NULL","0","alle","prosent","63.7","sysselsatte_kjonn_land","NULL","NULL","0901"
"2013","NULL","1","1","personer","63","sysselsatte_kjonn_land","NULL","NULL","0901"
"2013","NULL","1","1","prosent","66.3","sysselsatte_kjonn_land","NULL","NULL","0901"
"2013","NULL","1","2","personer","39","sysselsatte_kjonn_land","NULL","NULL","0901"
"2013","NULL","1","2","prosent","34.8","sysselsatte_kjonn_land","NULL","NULL","0901"
"2013","NULL","1","alle","personer","102","sysselsatte_kjonn_land","NULL","NULL","0901"
"2013","NULL","1","alle","prosent","49.3","sysselsatte_kjonn_land","NULL","NULL","0901"
"2013","NULL","alle","1","personer","168","sysselsatte_kjonn_land","NULL","NULL","0901"
"2013","NULL","alle","1","prosent","72.7","sysselsatte_kjonn_land","NULL","NULL","0901"
"2013","NULL","alle","2","personer","71","sysselsatte_kjonn_land","NULL","NULL","0901"
"2013","NULL","alle","2","prosent","37.2","sysselsatte_kjonn_land","NULL","NULL","0901"
"2013","NULL","alle","alle","personer","239","sysselsatte_kjonn_land","NULL","NULL","0901"
"2013","NULL","alle","alle","prosent","56.6","sysselsatte_kjonn_land","NULL","NULL","0901"
"2013","NULL","0","1","personer","410","sysselsatte_kjonn_land","NULL","NULL","0904"
"2013","NULL","0","1","prosent","73.5","sysselsatte_kjonn_land","NULL","NULL","0904"
"2013","NULL","0","2","personer","206","sysselsatte_kjonn_land","NULL","NULL","0904"
"2013","NULL","0","2","prosent","55.4","sysselsatte_kjonn_land","NULL","NULL","0904"
"2013","NULL","0","alle","personer","616","sysselsatte_kjonn_land","NULL","NULL","0904"
"2013","NULL","0","alle","prosent","66.2","sysselsatte_kjonn_land","NULL","NULL","0904"
"2013","NULL","1","1","personer","307","sysselsatte_kjonn_land","NULL","NULL","0904"
"2013","NULL","1","1","prosent","74.5","sysselsatte_kjonn_land","NULL","NULL","0904"
"2013","NULL","1","2","personer","211","sysselsatte_kjonn_land","NULL","NULL","0904"
"2013","NULL","1","2","prosent","48.7","sysselsatte_kjonn_land","NULL","NULL","0904"
"2013","NULL","1","alle","personer","518","sysselsatte_kjonn_land","NULL","NULL","0904"
"2013","NULL","1","alle","prosent","61.3","sysselsatte_kjonn_land","NULL","NULL","0904"
"2013","NULL","alle","1","personer","717","sysselsatte_kjonn_land","NULL","NULL","0904"
"2013","NULL","alle","1","prosent","73.9","sysselsatte_kjonn_land","NULL","NULL","0904"
"2013","NULL","alle","2","personer","417","sysselsatte_kjonn_land","NULL","NULL","0904"
"2013","NULL","alle","2","prosent","51.8","sysselsatte_kjonn_land","NULL","NULL","0904"
"2013","NULL","alle","alle","personer","1134","sysselsatte_kjonn_land","NULL","NULL","0904"
"2013","NULL","alle","alle","prosent","63.9","sysselsatte_kjonn_land","NULL","NULL","0904"
"2013","NULL","0","1","personer","815","sysselsatte_kjonn_land","NULL","NULL","0906"
"2013","NULL","0","1","prosent","74.8","sysselsatte_kjonn_land","NULL","NULL","0906"
"2013","NULL","0","2","personer","439","sysselsatte_kjonn_land","NULL","NULL","0906"
"2013","NULL","0","2","prosent","54.8","sysselsatte_kjonn_land","NULL","NULL","0906"
"2013","NULL","0","alle","personer","1254","sysselsatte_kjonn_land","NULL","NULL","0906"
"2013","NULL","0","alle","prosent","66.3","sysselsatte_kjonn_land","NULL","NULL","0906"
"2013","NULL","1","1","personer","527","sysselsatte_kjonn_land","NULL","NULL","0906"
"2013","NULL","1","1","prosent","66.8","sysselsatte_kjonn_land","NULL","NULL","0906"
"2013","NULL","1","2","personer","468","sysselsatte_kjonn_land","NULL","NULL","0906"
"2013","NULL","1","2","prosent","49.4","sysselsatte_kjonn_land","NULL","NULL","0906"
"2013","NULL","1","alle","personer","995","sysselsatte_kjonn_land","NULL","NULL","0906"
"2013","NULL","1","alle","prosent","57.3","sysselsatte_kjonn_land","NULL","NULL","0906"
"2013","NULL","alle","1","personer","1342","sysselsatte_kjonn_land","NULL","NULL","0906"
"2013","NULL","alle","1","prosent","71.4","sysselsatte_kjonn_land","NULL","NULL","0906"
"2013","NULL","alle","2","personer","907","sysselsatte_kjonn_land","NULL","NULL","0906"
"2013","NULL","alle","2","prosent","51.9","sysselsatte_kjonn_land","NULL","NULL","0906"
"2013","NULL","alle","alle","personer","2249","sysselsatte_kjonn_land","NULL","NULL","0906"
"2013","NULL","alle","alle","prosent","62","sysselsatte_kjonn_land","NULL","NULL","0906"
"2013","NULL","0","1","personer","25","sysselsatte_kjonn_land","NULL","NULL","0911"
"2013","NULL","0","1","prosent","80.6","sysselsatte_kjonn_land","NULL","NULL","0911"
"2013","NULL","0","2","personer","11","sysselsatte_kjonn_land","NULL","NULL","0911"
"2013","NULL","0","2","prosent","28.2","sysselsatte_kjonn_land","NULL","NULL","0911"
"2013","NULL","0","alle","personer","36","sysselsatte_kjonn_land","NULL","NULL","0911"
"2013","NULL","0","alle","prosent","51.4","sysselsatte_kjonn_land","NULL","NULL","0911"
"2013","NULL","1","1","personer","15","sysselsatte_kjonn_land","NULL","NULL","0911"
"2013","NULL","1","1","prosent","62.5","sysselsatte_kjonn_land","NULL","NULL","0911"
"2013","NULL","1","2","personer","10","sysselsatte_kjonn_land","NULL","NULL","0911"
"2013","NULL","1","2","prosent","27","sysselsatte_kjonn_land","NULL","NULL","0911"
"2013","NULL","1","alle","personer","25","sysselsatte_kjonn_land","NULL","NULL","0911"
"2013","NULL","1","alle","prosent","41","sysselsatte_kjonn_land","NULL","NULL","0911"
"2013","NULL","alle","1","personer","40","sysselsatte_kjonn_land","NULL","NULL","0911"
"2013","NULL","alle","1","prosent","72.7","sysselsatte_kjonn_land","NULL","NULL","0911"
"2013","NULL","alle","2","personer","21","sysselsatte_kjonn_land","NULL","NULL","0911"
"2013","NULL","alle","2","prosent","27.6","sysselsatte_kjonn_land","NULL","NULL","0911"
"2013","NULL","alle","alle","personer","61","sysselsatte_kjonn_land","NULL","NULL","0911"
"2013","NULL","alle","alle","prosent","46.6","sysselsatte_kjonn_land","NULL","NULL","0911"
"2013","NULL","0","1","personer","10","sysselsatte_kjonn_land","NULL","NULL","0912"
"2013","NULL","0","1","prosent","45.5","sysselsatte_kjonn_land","NULL","NULL","0912"
"2013","NULL","0","2","personer","11","sysselsatte_kjonn_land","NULL","NULL","0912"
"2013","NULL","0","2","prosent","61.1","sysselsatte_kjonn_land","NULL","NULL","0912"
"2013","NULL","0","alle","personer","21","sysselsatte_kjonn_land","NULL","NULL","0912"
"2013","NULL","0","alle","prosent","52.5","sysselsatte_kjonn_land","NULL","NULL","0912"
"2013","NULL","1","1","personer","13","sysselsatte_kjonn_land","NULL","NULL","0912"
"2013","NULL","1","1","prosent","76.5","sysselsatte_kjonn_land","NULL","NULL","0912"
"2013","NULL","1","2","personer","8","sysselsatte_kjonn_land","NULL","NULL","0912"
"2013","NULL","1","2","prosent","40","sysselsatte_kjonn_land","NULL","NULL","0912"
"2013","NULL","1","alle","personer","21","sysselsatte_kjonn_land","NULL","NULL","0912"
"2013","NULL","1","alle","prosent","56.8","sysselsatte_kjonn_land","NULL","NULL","0912"
"2013","NULL","alle","1","personer","23","sysselsatte_kjonn_land","NULL","NULL","0912"
"2013","NULL","alle","1","prosent","59","sysselsatte_kjonn_land","NULL","NULL","0912"
"2013","NULL","alle","2","personer","19","sysselsatte_kjonn_land","NULL","NULL","0912"
"2013","NULL","alle","2","prosent","50","sysselsatte_kjonn_land","NULL","NULL","0912"
"2013","NULL","alle","alle","personer","42","sysselsatte_kjonn_land","NULL","NULL","0912"
"2013","NULL","alle","alle","prosent","54.5","sysselsatte_kjonn_land","NULL","NULL","0912"
"2013","NULL","0","1","personer","116","sysselsatte_kjonn_land","NULL","NULL","0914"
"2013","NULL","0","1","prosent","77.3","sysselsatte_kjonn_land","NULL","NULL","0914"
"2013","NULL","0","2","personer","35","sysselsatte_kjonn_land","NULL","NULL","0914"
"2013","NULL","0","2","prosent","60.3","sysselsatte_kjonn_land","NULL","NULL","0914"
"2013","NULL","0","alle","personer","151","sysselsatte_kjonn_land","NULL","NULL","0914"
"2013","NULL","0","alle","prosent","72.6","sysselsatte_kjonn_land","NULL","NULL","0914"
"2013","NULL","1","1","personer","56","sysselsatte_kjonn_land","NULL","NULL","0914"
"2013","NULL","1","1","prosent","58.3","sysselsatte_kjonn_land","NULL","NULL","0914"
"2013","NULL","1","2","personer","35","sysselsatte_kjonn_land","NULL","NULL","0914"
"2013","NULL","1","2","prosent","36.5","sysselsatte_kjonn_land","NULL","NULL","0914"
"2013","NULL","1","alle","personer","91","sysselsatte_kjonn_land","NULL","NULL","0914"
"2013","NULL","1","alle","prosent","47.4","sysselsatte_kjonn_land","NULL","NULL","0914"
"2013","NULL","alle","1","personer","172","sysselsatte_kjonn_land","NULL","NULL","0914"
"2013","NULL","alle","1","prosent","69.9","sysselsatte_kjonn_land","NULL","NULL","0914"
"2013","NULL","alle","2","personer","70","sysselsatte_kjonn_land","NULL","NULL","0914"
"2013","NULL","alle","2","prosent","45.5","sysselsatte_kjonn_land","NULL","NULL","0914"
"2013","NULL","alle","alle","personer","242","sysselsatte_kjonn_land","NULL","NULL","0914"
"2013","NULL","alle","alle","prosent","60.5","sysselsatte_kjonn_land","NULL","NULL","0914"
"2013","NULL","0","1","personer","74","sysselsatte_kjonn_land","NULL","NULL","0919"
"2013","NULL","0","1","prosent","74","sysselsatte_kjonn_land","NULL","NULL","0919"
"2013","NULL","0","2","personer","28","sysselsatte_kjonn_land","NULL","NULL","0919"
"2013","NULL","0","2","prosent","62.2","sysselsatte_kjonn_land","NULL","NULL","0919"
"2013","NULL","0","alle","personer","102","sysselsatte_kjonn_land","NULL","NULL","0919"
"2013","NULL","0","alle","prosent","70.3","sysselsatte_kjonn_land","NULL","NULL","0919"
"2013","NULL","1","1","personer","44","sysselsatte_kjonn_land","NULL","NULL","0919"
"2013","NULL","1","1","prosent","64.7","sysselsatte_kjonn_land","NULL","NULL","0919"
"2013","NULL","1","2","personer","38","sysselsatte_kjonn_land","NULL","NULL","0919"
"2013","NULL","1","2","prosent","64.4","sysselsatte_kjonn_land","NULL","NULL","0919"
"2013","NULL","1","alle","personer","82","sysselsatte_kjonn_land","NULL","NULL","0919"
"2013","NULL","1","alle","prosent","64.6","sysselsatte_kjonn_land","NULL","NULL","0919"
"2013","NULL","alle","1","personer","118","sysselsatte_kjonn_land","NULL","NULL","0919"
"2013","NULL","alle","1","prosent","70.2","sysselsatte_kjonn_land","NULL","NULL","0919"
"2013","NULL","alle","2","personer","66","sysselsatte_kjonn_land","NULL","NULL","0919"
"2013","NULL","alle","2","prosent","63.5","sysselsatte_kjonn_land","NULL","NULL","0919"
"2013","NULL","alle","alle","personer","184","sysselsatte_kjonn_land","NULL","NULL","0919"
"2013","NULL","alle","alle","prosent","67.6","sysselsatte_kjonn_land","NULL","NULL","0919"
"2013","NULL","0","1","personer","128","sysselsatte_kjonn_land","NULL","NULL","0926"
"2013","NULL","0","1","prosent","79","sysselsatte_kjonn_land","NULL","NULL","0926"
"2013","NULL","0","2","personer","79","sysselsatte_kjonn_land","NULL","NULL","0926"
"2013","NULL","0","2","prosent","68.1","sysselsatte_kjonn_land","NULL","NULL","0926"
"2013","NULL","0","alle","personer","207","sysselsatte_kjonn_land","NULL","NULL","0926"
"2013","NULL","0","alle","prosent","74.5","sysselsatte_kjonn_land","NULL","NULL","0926"
"2013","NULL","1","1","personer","106","sysselsatte_kjonn_land","NULL","NULL","0926"
"2013","NULL","1","1","prosent","73.6","sysselsatte_kjonn_land","NULL","NULL","0926"
"2013","NULL","1","2","personer","106","sysselsatte_kjonn_land","NULL","NULL","0926"
"2013","NULL","1","2","prosent","55.8","sysselsatte_kjonn_land","NULL","NULL","0926"
"2013","NULL","1","alle","personer","212","sysselsatte_kjonn_land","NULL","NULL","0926"
"2013","NULL","1","alle","prosent","63.5","sysselsatte_kjonn_land","NULL","NULL","0926"
"2013","NULL","alle","1","personer","234","sysselsatte_kjonn_land","NULL","NULL","0926"
"2013","NULL","alle","1","prosent","76.5","sysselsatte_kjonn_land","NULL","NULL","0926"
"2013","NULL","alle","2","personer","185","sysselsatte_kjonn_land","NULL","NULL","0926"
"2013","NULL","alle","2","prosent","60.5","sysselsatte_kjonn_land","NULL","NULL","0926"
"2013","NULL","alle","alle","personer","419","sysselsatte_kjonn_land","NULL","NULL","0926"
"2013","NULL","alle","alle","prosent","68.5","sysselsatte_kjonn_land","NULL","NULL","0926"
"2013","NULL","0","1","personer","76","sysselsatte_kjonn_land","NULL","NULL","0928"
"2013","NULL","0","1","prosent","82.6","sysselsatte_kjonn_land","NULL","NULL","0928"
"2013","NULL","0","2","personer","49","sysselsatte_kjonn_land","NULL","NULL","0928"
"2013","NULL","0","2","prosent","63.6","sysselsatte_kjonn_land","NULL","NULL","0928"
"2013","NULL","0","alle","personer","125","sysselsatte_kjonn_land","NULL","NULL","0928"
"2013","NULL","0","alle","prosent","74","sysselsatte_kjonn_land","NULL","NULL","0928"
"2013","NULL","1","1","personer","50","sysselsatte_kjonn_land","NULL","NULL","0928"
"2013","NULL","1","1","prosent","71.4","sysselsatte_kjonn_land","NULL","NULL","0928"
"2013","NULL","1","2","personer","45","sysselsatte_kjonn_land","NULL","NULL","0928"
"2013","NULL","1","2","prosent","51.7","sysselsatte_kjonn_land","NULL","NULL","0928"
"2013","NULL","1","alle","personer","95","sysselsatte_kjonn_land","NULL","NULL","0928"
"2013","NULL","1","alle","prosent","60.5","sysselsatte_kjonn_land","NULL","NULL","0928"
"2013","NULL","alle","1","personer","126","sysselsatte_kjonn_land","NULL","NULL","0928"
"2013","NULL","alle","1","prosent","77.8","sysselsatte_kjonn_land","NULL","NULL","0928"
"2013","NULL","alle","2","personer","94","sysselsatte_kjonn_land","NULL","NULL","0928"
"2013","NULL","alle","2","prosent","57.3","sysselsatte_kjonn_land","NULL","NULL","0928"
"2013","NULL","alle","alle","personer","220","sysselsatte_kjonn_land","NULL","NULL","0928"
"2013","NULL","alle","alle","prosent","67.5","sysselsatte_kjonn_land","NULL","NULL","0928"
"2013","NULL","0","1","personer","34","sysselsatte_kjonn_land","NULL","NULL","0929"
"2013","NULL","0","1","prosent","82.9","sysselsatte_kjonn_land","NULL","NULL","0929"
"2013","NULL","0","2","personer","19","sysselsatte_kjonn_land","NULL","NULL","0929"
"2013","NULL","0","2","prosent","65.5","sysselsatte_kjonn_land","NULL","NULL","0929"
"2013","NULL","0","alle","personer","53","sysselsatte_kjonn_land","NULL","NULL","0929"
"2013","NULL","0","alle","prosent","75.7","sysselsatte_kjonn_land","NULL","NULL","0929"
"2013","NULL","1","1","personer","30","sysselsatte_kjonn_land","NULL","NULL","0929"
"2013","NULL","1","1","prosent","76.9","sysselsatte_kjonn_land","NULL","NULL","0929"
"2013","NULL","1","2","personer","13","sysselsatte_kjonn_land","NULL","NULL","0929"
"2013","NULL","1","2","prosent","46.4","sysselsatte_kjonn_land","NULL","NULL","0929"
"2013","NULL","1","alle","personer","43","sysselsatte_kjonn_land","NULL","NULL","0929"
"2013","NULL","1","alle","prosent","64.2","sysselsatte_kjonn_land","NULL","NULL","0929"
"2013","NULL","alle","1","personer","64","sysselsatte_kjonn_land","NULL","NULL","0929"
"2013","NULL","alle","1","prosent","80","sysselsatte_kjonn_land","NULL","NULL","0929"
"2013","NULL","alle","2","personer","32","sysselsatte_kjonn_land","NULL","NULL","0929"
"2013","NULL","alle","2","prosent","56.1","sysselsatte_kjonn_land","NULL","NULL","0929"
"2013","NULL","alle","alle","personer","96","sysselsatte_kjonn_land","NULL","NULL","0929"
"2013","NULL","alle","alle","prosent","70.1","sysselsatte_kjonn_land","NULL","NULL","0929"
"2013","NULL","0","1","personer","20","sysselsatte_kjonn_land","NULL","NULL","0935"
"2013","NULL","0","1","prosent","90.9","sysselsatte_kjonn_land","NULL","NULL","0935"
"2013","NULL","0","2","personer","6","sysselsatte_kjonn_land","NULL","NULL","0935"
"2013","NULL","0","2","prosent","54.5","sysselsatte_kjonn_land","NULL","NULL","0935"
"2013","NULL","0","alle","personer","26","sysselsatte_kjonn_land","NULL","NULL","0935"
"2013","NULL","0","alle","prosent","78.8","sysselsatte_kjonn_land","NULL","NULL","0935"
"2013","NULL","1","1","personer","15","sysselsatte_kjonn_land","NULL","NULL","0935"
"2013","NULL","1","1","prosent","75","sysselsatte_kjonn_land","NULL","NULL","0935"
"2013","NULL","1","2","personer","8","sysselsatte_kjonn_land","NULL","NULL","0935"
"2013","NULL","1","2","prosent","42.1","sysselsatte_kjonn_land","NULL","NULL","0935"
"2013","NULL","1","alle","personer","23","sysselsatte_kjonn_land","NULL","NULL","0935"
"2013","NULL","1","alle","prosent","59","sysselsatte_kjonn_land","NULL","NULL","0935"
"2013","NULL","alle","1","personer","35","sysselsatte_kjonn_land","NULL","NULL","0935"
"2013","NULL","alle","1","prosent","83.3","sysselsatte_kjonn_land","NULL","NULL","0935"
"2013","NULL","alle","2","personer","14","sysselsatte_kjonn_land","NULL","NULL","0935"
"2013","NULL","alle","2","prosent","46.7","sysselsatte_kjonn_land","NULL","NULL","0935"
"2013","NULL","alle","alle","personer","49","sysselsatte_kjonn_land","NULL","NULL","0935"
"2013","NULL","alle","alle","prosent","68.1","sysselsatte_kjonn_land","NULL","NULL","0935"
"2013","NULL","0","1","personer","45","sysselsatte_kjonn_land","NULL","NULL","0937"
"2013","NULL","0","1","prosent","70.3","sysselsatte_kjonn_land","NULL","NULL","0937"
"2013","NULL","0","2","personer","45","sysselsatte_kjonn_land","NULL","NULL","0937"
"2013","NULL","0","2","prosent","58.4","sysselsatte_kjonn_land","NULL","NULL","0937"
"2013","NULL","0","alle","personer","90","sysselsatte_kjonn_land","NULL","NULL","0937"
"2013","NULL","0","alle","prosent","63.8","sysselsatte_kjonn_land","NULL","NULL","0937"
"2013","NULL","1","1","personer","28","sysselsatte_kjonn_land","NULL","NULL","0937"
"2013","NULL","1","1","prosent","68.3","sysselsatte_kjonn_land","NULL","NULL","0937"
"2013","NULL","1","2","personer","47","sysselsatte_kjonn_land","NULL","NULL","0937"
"2013","NULL","1","2","prosent","55.3","sysselsatte_kjonn_land","NULL","NULL","0937"
"2013","NULL","1","alle","personer","75","sysselsatte_kjonn_land","NULL","NULL","0937"
"2013","NULL","1","alle","prosent","59.5","sysselsatte_kjonn_land","NULL","NULL","0937"
"2013","NULL","alle","1","personer","73","sysselsatte_kjonn_land","NULL","NULL","0937"
"2013","NULL","alle","1","prosent","69.5","sysselsatte_kjonn_land","NULL","NULL","0937"
"2013","NULL","alle","2","personer","92","sysselsatte_kjonn_land","NULL","NULL","0937"
"2013","NULL","alle","2","prosent","56.8","sysselsatte_kjonn_land","NULL","NULL","0937"
"2013","NULL","alle","alle","personer","165","sysselsatte_kjonn_land","NULL","NULL","0937"
"2013","NULL","alle","alle","prosent","61.8","sysselsatte_kjonn_land","NULL","NULL","0937"
"2013","NULL","0","1","personer","13","sysselsatte_kjonn_land","NULL","NULL","0938"
"2013","NULL","0","1","prosent","92.9","sysselsatte_kjonn_land","NULL","NULL","0938"
"2013","NULL","0","2","personer","8","sysselsatte_kjonn_land","NULL","NULL","0938"
"2013","NULL","0","2","prosent","57.1","sysselsatte_kjonn_land","NULL","NULL","0938"
"2013","NULL","0","alle","personer","21","sysselsatte_kjonn_land","NULL","NULL","0938"
"2013","NULL","0","alle","prosent","75","sysselsatte_kjonn_land","NULL","NULL","0938"
"2013","NULL","1","1","personer","9","sysselsatte_kjonn_land","NULL","NULL","0938"
"2013","NULL","1","1","prosent","75","sysselsatte_kjonn_land","NULL","NULL","0938"
"2013","NULL","1","2","personer","4","sysselsatte_kjonn_land","NULL","NULL","0938"
"2013","NULL","1","2","prosent","30.8","sysselsatte_kjonn_land","NULL","NULL","0938"
"2013","NULL","1","alle","personer","13","sysselsatte_kjonn_land","NULL","NULL","0938"
"2013","NULL","1","alle","prosent","52","sysselsatte_kjonn_land","NULL","NULL","0938"
"2013","NULL","alle","1","personer","22","sysselsatte_kjonn_land","NULL","NULL","0938"
"2013","NULL","alle","1","prosent","84.6","sysselsatte_kjonn_land","NULL","NULL","0938"
"2013","NULL","alle","2","personer","12","sysselsatte_kjonn_land","NULL","NULL","0938"
"2013","NULL","alle","2","prosent","44.4","sysselsatte_kjonn_land","NULL","NULL","0938"
"2013","NULL","alle","alle","personer","34","sysselsatte_kjonn_land","NULL","NULL","0938"
"2013","NULL","alle","alle","prosent","64.2","sysselsatte_kjonn_land","NULL","NULL","0938"
"2013","NULL","0","1","personer","15","sysselsatte_kjonn_land","NULL","NULL","0940"
"2013","NULL","0","1","prosent","78.9","sysselsatte_kjonn_land","NULL","NULL","0940"
"2013","NULL","0","2","personer","8","sysselsatte_kjonn_land","NULL","NULL","0940"
"2013","NULL","0","2","prosent","50","sysselsatte_kjonn_land","NULL","NULL","0940"
"2013","NULL","0","alle","personer","23","sysselsatte_kjonn_land","NULL","NULL","0940"
"2013","NULL","0","alle","prosent","65.7","sysselsatte_kjonn_land","NULL","NULL","0940"
"2013","NULL","1","1","personer","13","sysselsatte_kjonn_land","NULL","NULL","0940"
"2013","NULL","1","1","prosent","86.7","sysselsatte_kjonn_land","NULL","NULL","0940"
"2013","NULL","1","2","personer","13","sysselsatte_kjonn_land","NULL","NULL","0940"
"2013","NULL","1","2","prosent","59.1","sysselsatte_kjonn_land","NULL","NULL","0940"
"2013","NULL","1","alle","personer","26","sysselsatte_kjonn_land","NULL","NULL","0940"
"2013","NULL","1","alle","prosent","70.3","sysselsatte_kjonn_land","NULL","NULL","0940"
"2013","NULL","alle","1","personer","28","sysselsatte_kjonn_land","NULL","NULL","0940"
"2013","NULL","alle","1","prosent","82.4","sysselsatte_kjonn_land","NULL","NULL","0940"
"2013","NULL","alle","2","personer","21","sysselsatte_kjonn_land","NULL","NULL","0940"
"2013","NULL","alle","2","prosent","55.3","sysselsatte_kjonn_land","NULL","NULL","0940"
"2013","NULL","alle","alle","personer","49","sysselsatte_kjonn_land","NULL","NULL","0940"
"2013","NULL","alle","alle","prosent","68.1","sysselsatte_kjonn_land","NULL","NULL","0940"
"2013","NULL","0","1","personer","54","sysselsatte_kjonn_land","NULL","NULL","0941"
"2013","NULL","0","1","prosent","91.5","sysselsatte_kjonn_land","NULL","NULL","0941"
"2013","NULL","0","2","personer","7","sysselsatte_kjonn_land","NULL","NULL","0941"
"2013","NULL","0","2","prosent","77.8","sysselsatte_kjonn_land","NULL","NULL","0941"
"2013","NULL","0","alle","personer","61","sysselsatte_kjonn_land","NULL","NULL","0941"
"2013","NULL","0","alle","prosent","89.7","sysselsatte_kjonn_land","NULL","NULL","0941"
"2013","NULL","1","1","personer","24","sysselsatte_kjonn_land","NULL","NULL","0941"
"2013","NULL","1","1","prosent","77.4","sysselsatte_kjonn_land","NULL","NULL","0941"
"2013","NULL","1","2","personer","7","sysselsatte_kjonn_land","NULL","NULL","0941"
"2013","NULL","1","2","prosent","35","sysselsatte_kjonn_land","NULL","NULL","0941"
"2013","NULL","1","alle","personer","31","sysselsatte_kjonn_land","NULL","NULL","0941"
"2013","NULL","1","alle","prosent","60.8","sysselsatte_kjonn_land","NULL","NULL","0941"
"2013","NULL","alle","1","personer","78","sysselsatte_kjonn_land","NULL","NULL","0941"
"2013","NULL","alle","1","prosent","86.7","sysselsatte_kjonn_land","NULL","NULL","0941"
"2013","NULL","alle","2","personer","14","sysselsatte_kjonn_land","NULL","NULL","0941"
"2013","NULL","alle","2","prosent","48.3","sysselsatte_kjonn_land","NULL","NULL","0941"
"2013","NULL","alle","alle","personer","92","sysselsatte_kjonn_land","NULL","NULL","0941"
"2013","NULL","alle","alle","prosent","77.3","sysselsatte_kjonn_land","NULL","NULL","0941"
"2013","NULL","0","1","personer","1553","sysselsatte_kjonn_land","NULL","NULL","1001"
"2013","NULL","0","1","prosent","78","sysselsatte_kjonn_land","NULL","NULL","1001"
"2013","NULL","0","2","personer","1751","sysselsatte_kjonn_land","NULL","NULL","1001"
"2013","NULL","0","2","prosent","61.3","sysselsatte_kjonn_land","NULL","NULL","1001"
"2013","NULL","0","alle","personer","3304","sysselsatte_kjonn_land","NULL","NULL","1001"
"2013","NULL","0","alle","prosent","68.2","sysselsatte_kjonn_land","NULL","NULL","1001"
"2013","NULL","1","1","personer","921","sysselsatte_kjonn_land","NULL","NULL","1001"
"2013","NULL","1","1","prosent","69.8","sysselsatte_kjonn_land","NULL","NULL","1001"
"2013","NULL","1","2","personer","1497","sysselsatte_kjonn_land","NULL","NULL","1001"
"2013","NULL","1","2","prosent","50.9","sysselsatte_kjonn_land","NULL","NULL","1001"
"2013","NULL","1","alle","personer","2418","sysselsatte_kjonn_land","NULL","NULL","1001"
"2013","NULL","1","alle","prosent","56.8","sysselsatte_kjonn_land","NULL","NULL","1001"
"2013","NULL","alle","1","personer","2474","sysselsatte_kjonn_land","NULL","NULL","1001"
"2013","NULL","alle","1","prosent","74.7","sysselsatte_kjonn_land","NULL","NULL","1001"
"2013","NULL","alle","2","personer","3248","sysselsatte_kjonn_land","NULL","NULL","1001"
"2013","NULL","alle","2","prosent","56","sysselsatte_kjonn_land","NULL","NULL","1001"
"2013","NULL","alle","alle","personer","5722","sysselsatte_kjonn_land","NULL","NULL","1001"
"2013","NULL","alle","alle","prosent","62.8","sysselsatte_kjonn_land","NULL","NULL","1001"
"2013","NULL","0","1","personer","241","sysselsatte_kjonn_land","NULL","NULL","1002"
"2013","NULL","0","1","prosent","80.6","sysselsatte_kjonn_land","NULL","NULL","1002"
"2013","NULL","0","2","personer","102","sysselsatte_kjonn_land","NULL","NULL","1002"
"2013","NULL","0","2","prosent","42.9","sysselsatte_kjonn_land","NULL","NULL","1002"
"2013","NULL","0","alle","personer","343","sysselsatte_kjonn_land","NULL","NULL","1002"
"2013","NULL","0","alle","prosent","63.9","sysselsatte_kjonn_land","NULL","NULL","1002"
"2013","NULL","1","1","personer","126","sysselsatte_kjonn_land","NULL","NULL","1002"
"2013","NULL","1","1","prosent","59.2","sysselsatte_kjonn_land","NULL","NULL","1002"
"2013","NULL","1","2","personer","155","sysselsatte_kjonn_land","NULL","NULL","1002"
"2013","NULL","1","2","prosent","44.8","sysselsatte_kjonn_land","NULL","NULL","1002"
"2013","NULL","1","alle","personer","281","sysselsatte_kjonn_land","NULL","NULL","1002"
"2013","NULL","1","alle","prosent","50.3","sysselsatte_kjonn_land","NULL","NULL","1002"
"2013","NULL","alle","1","personer","367","sysselsatte_kjonn_land","NULL","NULL","1002"
"2013","NULL","alle","1","prosent","71.7","sysselsatte_kjonn_land","NULL","NULL","1002"
"2013","NULL","alle","2","personer","257","sysselsatte_kjonn_land","NULL","NULL","1002"
"2013","NULL","alle","2","prosent","44","sysselsatte_kjonn_land","NULL","NULL","1002"
"2013","NULL","alle","alle","personer","624","sysselsatte_kjonn_land","NULL","NULL","1002"
"2013","NULL","alle","alle","prosent","56.9","sysselsatte_kjonn_land","NULL","NULL","1002"
"2013","NULL","0","1","personer","114","sysselsatte_kjonn_land","NULL","NULL","1003"
"2013","NULL","0","1","prosent","78.6","sysselsatte_kjonn_land","NULL","NULL","1003"
"2013","NULL","0","2","personer","59","sysselsatte_kjonn_land","NULL","NULL","1003"
"2013","NULL","0","2","prosent","66.3","sysselsatte_kjonn_land","NULL","NULL","1003"
"2013","NULL","0","alle","personer","173","sysselsatte_kjonn_land","NULL","NULL","1003"
"2013","NULL","0","alle","prosent","73.9","sysselsatte_kjonn_land","NULL","NULL","1003"
"2013","NULL","1","1","personer","85","sysselsatte_kjonn_land","NULL","NULL","1003"
"2013","NULL","1","1","prosent","70.2","sysselsatte_kjonn_land","NULL","NULL","1003"
"2013","NULL","1","2","personer","53","sysselsatte_kjonn_land","NULL","NULL","1003"
"2013","NULL","1","2","prosent","38.1","sysselsatte_kjonn_land","NULL","NULL","1003"
"2013","NULL","1","alle","personer","138","sysselsatte_kjonn_land","NULL","NULL","1003"
"2013","NULL","1","alle","prosent","53.1","sysselsatte_kjonn_land","NULL","NULL","1003"
"2013","NULL","alle","1","personer","199","sysselsatte_kjonn_land","NULL","NULL","1003"
"2013","NULL","alle","1","prosent","74.8","sysselsatte_kjonn_land","NULL","NULL","1003"
"2013","NULL","alle","2","personer","112","sysselsatte_kjonn_land","NULL","NULL","1003"
"2013","NULL","alle","2","prosent","49.1","sysselsatte_kjonn_land","NULL","NULL","1003"
"2013","NULL","alle","alle","personer","311","sysselsatte_kjonn_land","NULL","NULL","1003"
"2013","NULL","alle","alle","prosent","63","sysselsatte_kjonn_land","NULL","NULL","1003"
"2013","NULL","0","1","personer","171","sysselsatte_kjonn_land","NULL","NULL","1004"
"2013","NULL","0","1","prosent","75.7","sysselsatte_kjonn_land","NULL","NULL","1004"
"2013","NULL","0","2","personer","63","sysselsatte_kjonn_land","NULL","NULL","1004"
"2013","NULL","0","2","prosent","55.8","sysselsatte_kjonn_land","NULL","NULL","1004"
"2013","NULL","0","alle","personer","234","sysselsatte_kjonn_land","NULL","NULL","1004"
"2013","NULL","0","alle","prosent","69","sysselsatte_kjonn_land","NULL","NULL","1004"
"2013","NULL","1","1","personer","139","sysselsatte_kjonn_land","NULL","NULL","1004"
"2013","NULL","1","1","prosent","77.7","sysselsatte_kjonn_land","NULL","NULL","1004"
"2013","NULL","1","2","personer","89","sysselsatte_kjonn_land","NULL","NULL","1004"
"2013","NULL","1","2","prosent","59.3","sysselsatte_kjonn_land","NULL","NULL","1004"
"2013","NULL","1","alle","personer","228","sysselsatte_kjonn_land","NULL","NULL","1004"
"2013","NULL","1","alle","prosent","69.3","sysselsatte_kjonn_land","NULL","NULL","1004"
"2013","NULL","alle","1","personer","310","sysselsatte_kjonn_land","NULL","NULL","1004"
"2013","NULL","alle","1","prosent","76.5","sysselsatte_kjonn_land","NULL","NULL","1004"
"2013","NULL","alle","2","personer","152","sysselsatte_kjonn_land","NULL","NULL","1004"
"2013","NULL","alle","2","prosent","57.8","sysselsatte_kjonn_land","NULL","NULL","1004"
"2013","NULL","alle","alle","personer","462","sysselsatte_kjonn_land","NULL","NULL","1004"
"2013","NULL","alle","alle","prosent","69.2","sysselsatte_kjonn_land","NULL","NULL","1004"
"2013","NULL","0","1","personer","221","sysselsatte_kjonn_land","NULL","NULL","1014"
"2013","NULL","0","1","prosent","78.6","sysselsatte_kjonn_land","NULL","NULL","1014"
"2013","NULL","0","2","personer","84","sysselsatte_kjonn_land","NULL","NULL","1014"
"2013","NULL","0","2","prosent","54.5","sysselsatte_kjonn_land","NULL","NULL","1014"
"2013","NULL","0","alle","personer","305","sysselsatte_kjonn_land","NULL","NULL","1014"
"2013","NULL","0","alle","prosent","70.1","sysselsatte_kjonn_land","NULL","NULL","1014"
"2013","NULL","1","1","personer","123","sysselsatte_kjonn_land","NULL","NULL","1014"
"2013","NULL","1","1","prosent","73.2","sysselsatte_kjonn_land","NULL","NULL","1014"
"2013","NULL","1","2","personer","127","sysselsatte_kjonn_land","NULL","NULL","1014"
"2013","NULL","1","2","prosent","52.7","sysselsatte_kjonn_land","NULL","NULL","1014"
"2013","NULL","1","alle","personer","250","sysselsatte_kjonn_land","NULL","NULL","1014"
"2013","NULL","1","alle","prosent","61.1","sysselsatte_kjonn_land","NULL","NULL","1014"
"2013","NULL","alle","1","personer","344","sysselsatte_kjonn_land","NULL","NULL","1014"
"2013","NULL","alle","1","prosent","76.6","sysselsatte_kjonn_land","NULL","NULL","1014"
"2013","NULL","alle","2","personer","211","sysselsatte_kjonn_land","NULL","NULL","1014"
"2013","NULL","alle","2","prosent","53.4","sysselsatte_kjonn_land","NULL","NULL","1014"
"2013","NULL","alle","alle","personer","555","sysselsatte_kjonn_land","NULL","NULL","1014"
"2013","NULL","alle","alle","prosent","65.8","sysselsatte_kjonn_land","NULL","NULL","1014"
"2013","NULL","0","1","personer","119","sysselsatte_kjonn_land","NULL","NULL","1017"
"2013","NULL","0","1","prosent","79.3","sysselsatte_kjonn_land","NULL","NULL","1017"
"2013","NULL","0","2","personer","90","sysselsatte_kjonn_land","NULL","NULL","1017"
"2013","NULL","0","2","prosent","63.4","sysselsatte_kjonn_land","NULL","NULL","1017"
"2013","NULL","0","alle","personer","209","sysselsatte_kjonn_land","NULL","NULL","1017"
"2013","NULL","0","alle","prosent","71.6","sysselsatte_kjonn_land","NULL","NULL","1017"
"2013","NULL","1","1","personer","73","sysselsatte_kjonn_land","NULL","NULL","1017"
"2013","NULL","1","1","prosent","66.4","sysselsatte_kjonn_land","NULL","NULL","1017"
"2013","NULL","1","2","personer","92","sysselsatte_kjonn_land","NULL","NULL","1017"
"2013","NULL","1","2","prosent","55.8","sysselsatte_kjonn_land","NULL","NULL","1017"
"2013","NULL","1","alle","personer","165","sysselsatte_kjonn_land","NULL","NULL","1017"
"2013","NULL","1","alle","prosent","60","sysselsatte_kjonn_land","NULL","NULL","1017"
"2013","NULL","alle","1","personer","192","sysselsatte_kjonn_land","NULL","NULL","1017"
"2013","NULL","alle","1","prosent","73.8","sysselsatte_kjonn_land","NULL","NULL","1017"
"2013","NULL","alle","2","personer","182","sysselsatte_kjonn_land","NULL","NULL","1017"
"2013","NULL","alle","2","prosent","59.3","sysselsatte_kjonn_land","NULL","NULL","1017"
"2013","NULL","alle","alle","personer","374","sysselsatte_kjonn_land","NULL","NULL","1017"
"2013","NULL","alle","alle","prosent","66","sysselsatte_kjonn_land","NULL","NULL","1017"
"2013","NULL","0","1","personer","153","sysselsatte_kjonn_land","NULL","NULL","1018"
"2013","NULL","0","1","prosent","71.5","sysselsatte_kjonn_land","NULL","NULL","1018"
"2013","NULL","0","2","personer","70","sysselsatte_kjonn_land","NULL","NULL","1018"
"2013","NULL","0","2","prosent","56.9","sysselsatte_kjonn_land","NULL","NULL","1018"
"2013","NULL","0","alle","personer","223","sysselsatte_kjonn_land","NULL","NULL","1018"
"2013","NULL","0","alle","prosent","66.2","sysselsatte_kjonn_land","NULL","NULL","1018"
"2013","NULL","1","1","personer","103","sysselsatte_kjonn_land","NULL","NULL","1018"
"2013","NULL","1","1","prosent","73","sysselsatte_kjonn_land","NULL","NULL","1018"
"2013","NULL","1","2","personer","86","sysselsatte_kjonn_land","NULL","NULL","1018"
"2013","NULL","1","2","prosent","50.3","sysselsatte_kjonn_land","NULL","NULL","1018"
"2013","NULL","1","alle","personer","189","sysselsatte_kjonn_land","NULL","NULL","1018"
"2013","NULL","1","alle","prosent","60.6","sysselsatte_kjonn_land","NULL","NULL","1018"
"2013","NULL","alle","1","personer","256","sysselsatte_kjonn_land","NULL","NULL","1018"
"2013","NULL","alle","1","prosent","72.1","sysselsatte_kjonn_land","NULL","NULL","1018"
"2013","NULL","alle","2","personer","156","sysselsatte_kjonn_land","NULL","NULL","1018"
"2013","NULL","alle","2","prosent","53.1","sysselsatte_kjonn_land","NULL","NULL","1018"
"2013","NULL","alle","alle","personer","412","sysselsatte_kjonn_land","NULL","NULL","1018"
"2013","NULL","alle","alle","prosent","63.5","sysselsatte_kjonn_land","NULL","NULL","1018"
"2013","NULL","0","1","personer","46","sysselsatte_kjonn_land","NULL","NULL","1021"
"2013","NULL","0","1","prosent","82.1","sysselsatte_kjonn_land","NULL","NULL","1021"
"2013","NULL","0","2","personer","7","sysselsatte_kjonn_land","NULL","NULL","1021"
"2013","NULL","0","2","prosent","36.8","sysselsatte_kjonn_land","NULL","NULL","1021"
"2013","NULL","0","alle","personer","53","sysselsatte_kjonn_land","NULL","NULL","1021"
"2013","NULL","0","alle","prosent","70.7","sysselsatte_kjonn_land","NULL","NULL","1021"
"2013","NULL","1","1","personer","18","sysselsatte_kjonn_land","NULL","NULL","1021"
"2013","NULL","1","1","prosent","69.2","sysselsatte_kjonn_land","NULL","NULL","1021"
"2013","NULL","1","2","personer","16","sysselsatte_kjonn_land","NULL","NULL","1021"
"2013","NULL","1","2","prosent","44.4","sysselsatte_kjonn_land","NULL","NULL","1021"
"2013","NULL","1","alle","personer","34","sysselsatte_kjonn_land","NULL","NULL","1021"
"2013","NULL","1","alle","prosent","54.8","sysselsatte_kjonn_land","NULL","NULL","1021"
"2013","NULL","alle","1","personer","64","sysselsatte_kjonn_land","NULL","NULL","1021"
"2013","NULL","alle","1","prosent","78","sysselsatte_kjonn_land","NULL","NULL","1021"
"2013","NULL","alle","2","personer","23","sysselsatte_kjonn_land","NULL","NULL","1021"
"2013","NULL","alle","2","prosent","41.8","sysselsatte_kjonn_land","NULL","NULL","1021"
"2013","NULL","alle","alle","personer","87","sysselsatte_kjonn_land","NULL","NULL","1021"
"2013","NULL","alle","alle","prosent","63.5","sysselsatte_kjonn_land","NULL","NULL","1021"
"2013","NULL","0","1","personer",":","sysselsatte_kjonn_land","NULL","NULL","1026"
"2013","NULL","0","1","prosent",":","sysselsatte_kjonn_land","NULL","NULL","1026"
"2013","NULL","0","2","personer",":","sysselsatte_kjonn_land","NULL","NULL","1026"
"2013","NULL","0","2","prosent",":","sysselsatte_kjonn_land","NULL","NULL","1026"
"2013","NULL","0","alle","personer","25","sysselsatte_kjonn_land","NULL","NULL","1026"
"2013","NULL","0","alle","prosent","64.1","sysselsatte_kjonn_land","NULL","NULL","1026"
"2013","NULL","1","1","personer","11","sysselsatte_kjonn_land","NULL","NULL","1026"
"2013","NULL","1","1","prosent","57.9","sysselsatte_kjonn_land","NULL","NULL","1026"
"2013","NULL","1","2","personer","7","sysselsatte_kjonn_land","NULL","NULL","1026"
"2013","NULL","1","2","prosent","63.6","sysselsatte_kjonn_land","NULL","NULL","1026"
"2013","NULL","1","alle","personer","18","sysselsatte_kjonn_land","NULL","NULL","1026"
"2013","NULL","1","alle","prosent","60","sysselsatte_kjonn_land","NULL","NULL","1026"
"2013","NULL","alle","1","personer","34","sysselsatte_kjonn_land","NULL","NULL","1026"
"2013","NULL","alle","1","prosent","69.4","sysselsatte_kjonn_land","NULL","NULL","1026"
"2013","NULL","alle","2","personer","9","sysselsatte_kjonn_land","NULL","NULL","1026"
"2013","NULL","alle","2","prosent","45","sysselsatte_kjonn_land","NULL","NULL","1026"
"2013","NULL","alle","alle","personer","43","sysselsatte_kjonn_land","NULL","NULL","1026"
"2013","NULL","alle","alle","prosent","62.3","sysselsatte_kjonn_land","NULL","NULL","1026"
"2013","NULL","0","1","personer",":","sysselsatte_kjonn_land","NULL","NULL","1027"
"2013","NULL","0","1","prosent",":","sysselsatte_kjonn_land","NULL","NULL","1027"
"2013","NULL","0","2","personer",":","sysselsatte_kjonn_land","NULL","NULL","1027"
"2013","NULL","0","2","prosent",":","sysselsatte_kjonn_land","NULL","NULL","1027"
"2013","NULL","0","alle","personer","27","sysselsatte_kjonn_land","NULL","NULL","1027"
"2013","NULL","0","alle","prosent","65.9","sysselsatte_kjonn_land","NULL","NULL","1027"
"2013","NULL","1","1","personer","24","sysselsatte_kjonn_land","NULL","NULL","1027"
"2013","NULL","1","1","prosent","80","sysselsatte_kjonn_land","NULL","NULL","1027"
"2013","NULL","1","2","personer","7","sysselsatte_kjonn_land","NULL","NULL","1027"
"2013","NULL","1","2","prosent","58.3","sysselsatte_kjonn_land","NULL","NULL","1027"
"2013","NULL","1","alle","personer","31","sysselsatte_kjonn_land","NULL","NULL","1027"
"2013","NULL","1","alle","prosent","73.8","sysselsatte_kjonn_land","NULL","NULL","1027"
"2013","NULL","alle","1","personer","49","sysselsatte_kjonn_land","NULL","NULL","1027"
"2013","NULL","alle","1","prosent","75.4","sysselsatte_kjonn_land","NULL","NULL","1027"
"2013","NULL","alle","2","personer","9","sysselsatte_kjonn_land","NULL","NULL","1027"
"2013","NULL","alle","2","prosent","50","sysselsatte_kjonn_land","NULL","NULL","1027"
"2013","NULL","alle","alle","personer","58","sysselsatte_kjonn_land","NULL","NULL","1027"
"2013","NULL","alle","alle","prosent","69.9","sysselsatte_kjonn_land","NULL","NULL","1027"
"2013","NULL","0","1","personer","110","sysselsatte_kjonn_land","NULL","NULL","1029"
"2013","NULL","0","1","prosent","83.3","sysselsatte_kjonn_land","NULL","NULL","1029"
"2013","NULL","0","2","personer","25","sysselsatte_kjonn_land","NULL","NULL","1029"
"2013","NULL","0","2","prosent","59.5","sysselsatte_kjonn_land","NULL","NULL","1029"
"2013","NULL","0","alle","personer","135","sysselsatte_kjonn_land","NULL","NULL","1029"
"2013","NULL","0","alle","prosent","77.6","sysselsatte_kjonn_land","NULL","NULL","1029"
"2013","NULL","1","1","personer","74","sysselsatte_kjonn_land","NULL","NULL","1029"
"2013","NULL","1","1","prosent","75.5","sysselsatte_kjonn_land","NULL","NULL","1029"
"2013","NULL","1","2","personer","33","sysselsatte_kjonn_land","NULL","NULL","1029"
"2013","NULL","1","2","prosent","40.2","sysselsatte_kjonn_land","NULL","NULL","1029"
"2013","NULL","1","alle","personer","107","sysselsatte_kjonn_land","NULL","NULL","1029"
"2013","NULL","1","alle","prosent","59.4","sysselsatte_kjonn_land","NULL","NULL","1029"
"2013","NULL","alle","1","personer","184","sysselsatte_kjonn_land","NULL","NULL","1029"
"2013","NULL","alle","1","prosent","80","sysselsatte_kjonn_land","NULL","NULL","1029"
"2013","NULL","alle","2","personer","58","sysselsatte_kjonn_land","NULL","NULL","1029"
"2013","NULL","alle","2","prosent","46.8","sysselsatte_kjonn_land","NULL","NULL","1029"
"2013","NULL","alle","alle","personer","242","sysselsatte_kjonn_land","NULL","NULL","1029"
"2013","NULL","alle","alle","prosent","68.4","sysselsatte_kjonn_land","NULL","NULL","1029"
"2013","NULL","0","1","personer","129","sysselsatte_kjonn_land","NULL","NULL","1032"
"2013","NULL","0","1","prosent","87.8","sysselsatte_kjonn_land","NULL","NULL","1032"
"2013","NULL","0","2","personer","76","sysselsatte_kjonn_land","NULL","NULL","1032"
"2013","NULL","0","2","prosent","63.3","sysselsatte_kjonn_land","NULL","NULL","1032"
"2013","NULL","0","alle","personer","205","sysselsatte_kjonn_land","NULL","NULL","1032"
"2013","NULL","0","alle","prosent","76.8","sysselsatte_kjonn_land","NULL","NULL","1032"
"2013","NULL","1","1","personer","85","sysselsatte_kjonn_land","NULL","NULL","1032"
"2013","NULL","1","1","prosent","65.9","sysselsatte_kjonn_land","NULL","NULL","1032"
"2013","NULL","1","2","personer","110","sysselsatte_kjonn_land","NULL","NULL","1032"
"2013","NULL","1","2","prosent","57.3","sysselsatte_kjonn_land","NULL","NULL","1032"
"2013","NULL","1","alle","personer","195","sysselsatte_kjonn_land","NULL","NULL","1032"
"2013","NULL","1","alle","prosent","60.7","sysselsatte_kjonn_land","NULL","NULL","1032"
"2013","NULL","alle","1","personer","214","sysselsatte_kjonn_land","NULL","NULL","1032"
"2013","NULL","alle","1","prosent","77.5","sysselsatte_kjonn_land","NULL","NULL","1032"
"2013","NULL","alle","2","personer","186","sysselsatte_kjonn_land","NULL","NULL","1032"
"2013","NULL","alle","2","prosent","59.6","sysselsatte_kjonn_land","NULL","NULL","1032"
"2013","NULL","alle","alle","personer","400","sysselsatte_kjonn_land","NULL","NULL","1032"
"2013","NULL","alle","alle","prosent","68","sysselsatte_kjonn_land","NULL","NULL","1032"
"2013","NULL","0","1","personer",":","sysselsatte_kjonn_land","NULL","NULL","1034"
"2013","NULL","0","1","prosent",":","sysselsatte_kjonn_land","NULL","NULL","1034"
"2013","NULL","0","2","personer",":","sysselsatte_kjonn_land","NULL","NULL","1034"
"2013","NULL","0","2","prosent",":","sysselsatte_kjonn_land","NULL","NULL","1034"
"2013","NULL","0","alle","personer","32","sysselsatte_kjonn_land","NULL","NULL","1034"
"2013","NULL","0","alle","prosent","71.1","sysselsatte_kjonn_land","NULL","NULL","1034"
"2013","NULL","1","1","personer","14","sysselsatte_kjonn_land","NULL","NULL","1034"
"2013","NULL","1","1","prosent","53.8","sysselsatte_kjonn_land","NULL","NULL","1034"
"2013","NULL","1","2","personer","4","sysselsatte_kjonn_land","NULL","NULL","1034"
"2013","NULL","1","2","prosent","44.4","sysselsatte_kjonn_land","NULL","NULL","1034"
"2013","NULL","1","alle","personer","18","sysselsatte_kjonn_land","NULL","NULL","1034"
"2013","NULL","1","alle","prosent","51.4","sysselsatte_kjonn_land","NULL","NULL","1034"
"2013","NULL","alle","1","personer","43","sysselsatte_kjonn_land","NULL","NULL","1034"
"2013","NULL","alle","1","prosent","66.2","sysselsatte_kjonn_land","NULL","NULL","1034"
"2013","NULL","alle","2","personer","7","sysselsatte_kjonn_land","NULL","NULL","1034"
"2013","NULL","alle","2","prosent","46.7","sysselsatte_kjonn_land","NULL","NULL","1034"
"2013","NULL","alle","alle","personer","50","sysselsatte_kjonn_land","NULL","NULL","1034"
"2013","NULL","alle","alle","prosent","62.5","sysselsatte_kjonn_land","NULL","NULL","1034"
"2013","NULL","0","1","personer","76","sysselsatte_kjonn_land","NULL","NULL","1037"
"2013","NULL","0","1","prosent","82.6","sysselsatte_kjonn_land","NULL","NULL","1037"
"2013","NULL","0","2","personer","32","sysselsatte_kjonn_land","NULL","NULL","1037"
"2013","NULL","0","2","prosent","45.7","sysselsatte_kjonn_land","NULL","NULL","1037"
"2013","NULL","0","alle","personer","108","sysselsatte_kjonn_land","NULL","NULL","1037"
"2013","NULL","0","alle","prosent","66.7","sysselsatte_kjonn_land","NULL","NULL","1037"
"2013","NULL","1","1","personer","58","sysselsatte_kjonn_land","NULL","NULL","1037"
"2013","NULL","1","1","prosent","75.3","sysselsatte_kjonn_land","NULL","NULL","1037"
"2013","NULL","1","2","personer","50","sysselsatte_kjonn_land","NULL","NULL","1037"
"2013","NULL","1","2","prosent","55.6","sysselsatte_kjonn_land","NULL","NULL","1037"
"2013","NULL","1","alle","personer","108","sysselsatte_kjonn_land","NULL","NULL","1037"
"2013","NULL","1","alle","prosent","64.7","sysselsatte_kjonn_land","NULL","NULL","1037"
"2013","NULL","alle","1","personer","134","sysselsatte_kjonn_land","NULL","NULL","1037"
"2013","NULL","alle","1","prosent","79.3","sysselsatte_kjonn_land","NULL","NULL","1037"
"2013","NULL","alle","2","personer","82","sysselsatte_kjonn_land","NULL","NULL","1037"
"2013","NULL","alle","2","prosent","51.3","sysselsatte_kjonn_land","NULL","NULL","1037"
"2013","NULL","alle","alle","personer","216","sysselsatte_kjonn_land","NULL","NULL","1037"
"2013","NULL","alle","alle","prosent","65.7","sysselsatte_kjonn_land","NULL","NULL","1037"
"2013","NULL","0","1","personer","59","sysselsatte_kjonn_land","NULL","NULL","1046"
"2013","NULL","0","1","prosent","85.5","sysselsatte_kjonn_land","NULL","NULL","1046"
"2013","NULL","0","2","personer","6","sysselsatte_kjonn_land","NULL","NULL","1046"
"2013","NULL","0","2","prosent","42.9","sysselsatte_kjonn_land","NULL","NULL","1046"
"2013","NULL","0","alle","personer","65","sysselsatte_kjonn_land","NULL","NULL","1046"
"2013","NULL","0","alle","prosent","78.3","sysselsatte_kjonn_land","NULL","NULL","1046"
"2013","NULL","1","1","personer","34","sysselsatte_kjonn_land","NULL","NULL","1046"
"2013","NULL","1","1","prosent","72.3","sysselsatte_kjonn_land","NULL","NULL","1046"
"2013","NULL","1","2","personer","18","sysselsatte_kjonn_land","NULL","NULL","1046"
"2013","NULL","1","2","prosent","78.3","sysselsatte_kjonn_land","NULL","NULL","1046"
"2013","NULL","1","alle","personer","52","sysselsatte_kjonn_land","NULL","NULL","1046"
"2013","NULL","1","alle","prosent","74.3","sysselsatte_kjonn_land","NULL","NULL","1046"
"2013","NULL","alle","1","personer","93","sysselsatte_kjonn_land","NULL","NULL","1046"
"2013","NULL","alle","1","prosent","80.2","sysselsatte_kjonn_land","NULL","NULL","1046"
"2013","NULL","alle","2","personer","24","sysselsatte_kjonn_land","NULL","NULL","1046"
"2013","NULL","alle","2","prosent","64.9","sysselsatte_kjonn_land","NULL","NULL","1046"
"2013","NULL","alle","alle","personer","117","sysselsatte_kjonn_land","NULL","NULL","1046"
"2013","NULL","alle","alle","prosent","76.5","sysselsatte_kjonn_land","NULL","NULL","1046"
"2013","NULL","0","1","personer","385","sysselsatte_kjonn_land","NULL","NULL","1101"
"2013","NULL","0","1","prosent","80.7","sysselsatte_kjonn_land","NULL","NULL","1101"
"2013","NULL","0","2","personer","168","sysselsatte_kjonn_land","NULL","NULL","1101"
"2013","NULL","0","2","prosent","76.4","sysselsatte_kjonn_land","NULL","NULL","1101"
"2013","NULL","0","alle","personer","553","sysselsatte_kjonn_land","NULL","NULL","1101"
"2013","NULL","0","alle","prosent","79.3","sysselsatte_kjonn_land","NULL","NULL","1101"
"2013","NULL","1","1","personer","161","sysselsatte_kjonn_land","NULL","NULL","1101"
"2013","NULL","1","1","prosent","67.6","sysselsatte_kjonn_land","NULL","NULL","1101"
"2013","NULL","1","2","personer","159","sysselsatte_kjonn_land","NULL","NULL","1101"
"2013","NULL","1","2","prosent","55.6","sysselsatte_kjonn_land","NULL","NULL","1101"
"2013","NULL","1","alle","personer","320","sysselsatte_kjonn_land","NULL","NULL","1101"
"2013","NULL","1","alle","prosent","61.1","sysselsatte_kjonn_land","NULL","NULL","1101"
"2013","NULL","alle","1","personer","546","sysselsatte_kjonn_land","NULL","NULL","1101"
"2013","NULL","alle","1","prosent","76.4","sysselsatte_kjonn_land","NULL","NULL","1101"
"2013","NULL","alle","2","personer","327","sysselsatte_kjonn_land","NULL","NULL","1101"
"2013","NULL","alle","2","prosent","64.6","sysselsatte_kjonn_land","NULL","NULL","1101"
"2013","NULL","alle","alle","personer","873","sysselsatte_kjonn_land","NULL","NULL","1101"
"2013","NULL","alle","alle","prosent","71.5","sysselsatte_kjonn_land","NULL","NULL","1101"
"2013","NULL","0","1","personer","2647","sysselsatte_kjonn_land","NULL","NULL","1102"
"2013","NULL","0","1","prosent","86.9","sysselsatte_kjonn_land","NULL","NULL","1102"
"2013","NULL","0","2","personer","1610","sysselsatte_kjonn_land","NULL","NULL","1102"
"2013","NULL","0","2","prosent","74.1","sysselsatte_kjonn_land","NULL","NULL","1102"
"2013","NULL","0","alle","personer","4257","sysselsatte_kjonn_land","NULL","NULL","1102"
"2013","NULL","0","alle","prosent","81.6","sysselsatte_kjonn_land","NULL","NULL","1102"
"2013","NULL","1","1","personer","1385","sysselsatte_kjonn_land","NULL","NULL","1102"
"2013","NULL","1","1","prosent","74.8","sysselsatte_kjonn_land","NULL","NULL","1102"
"2013","NULL","1","2","personer","1437","sysselsatte_kjonn_land","NULL","NULL","1102"
"2013","NULL","1","2","prosent","57.5","sysselsatte_kjonn_land","NULL","NULL","1102"
"2013","NULL","1","alle","personer","2822","sysselsatte_kjonn_land","NULL","NULL","1102"
"2013","NULL","1","alle","prosent","64.8","sysselsatte_kjonn_land","NULL","NULL","1102"
"2013","NULL","alle","1","personer","4032","sysselsatte_kjonn_land","NULL","NULL","1102"
"2013","NULL","alle","1","prosent","82.3","sysselsatte_kjonn_land","NULL","NULL","1102"
"2013","NULL","alle","2","personer","3047","sysselsatte_kjonn_land","NULL","NULL","1102"
"2013","NULL","alle","2","prosent","65.2","sysselsatte_kjonn_land","NULL","NULL","1102"
"2013","NULL","alle","alle","personer","7079","sysselsatte_kjonn_land","NULL","NULL","1102"
"2013","NULL","alle","alle","prosent","74","sysselsatte_kjonn_land","NULL","NULL","1102"
"2013","NULL","0","1","personer","5298","sysselsatte_kjonn_land","NULL","NULL","1103"
"2013","NULL","0","1","prosent","84.4","sysselsatte_kjonn_land","NULL","NULL","1103"
"2013","NULL","0","2","personer","3533","sysselsatte_kjonn_land","NULL","NULL","1103"
"2013","NULL","0","2","prosent","72.5","sysselsatte_kjonn_land","NULL","NULL","1103"
"2013","NULL","0","alle","personer","8831","sysselsatte_kjonn_land","NULL","NULL","1103"
"2013","NULL","0","alle","prosent","79.2","sysselsatte_kjonn_land","NULL","NULL","1103"
"2013","NULL","1","1","personer","2795","sysselsatte_kjonn_land","NULL","NULL","1103"
"2013","NULL","1","1","prosent","72.7","sysselsatte_kjonn_land","NULL","NULL","1103"
"2013","NULL","1","2","personer","2868","sysselsatte_kjonn_land","NULL","NULL","1103"
"2013","NULL","1","2","prosent","57.6","sysselsatte_kjonn_land","NULL","NULL","1103"
"2013","NULL","1","alle","personer","5663","sysselsatte_kjonn_land","NULL","NULL","1103"
"2013","NULL","1","alle","prosent","64.2","sysselsatte_kjonn_land","NULL","NULL","1103"
"2013","NULL","alle","1","personer","8093","sysselsatte_kjonn_land","NULL","NULL","1103"
"2013","NULL","alle","1","prosent","80","sysselsatte_kjonn_land","NULL","NULL","1103"
"2013","NULL","alle","2","personer","6401","sysselsatte_kjonn_land","NULL","NULL","1103"
"2013","NULL","alle","2","prosent","65","sysselsatte_kjonn_land","NULL","NULL","1103"
"2013","NULL","alle","alle","personer","14494","sysselsatte_kjonn_land","NULL","NULL","1103"
"2013","NULL","alle","alle","prosent","72.6","sysselsatte_kjonn_land","NULL","NULL","1103"
"2013","NULL","0","1","personer","1263","sysselsatte_kjonn_land","NULL","NULL","1106"
"2013","NULL","0","1","prosent","78.7","sysselsatte_kjonn_land","NULL","NULL","1106"
"2013","NULL","0","2","personer","594","sysselsatte_kjonn_land","NULL","NULL","1106"
"2013","NULL","0","2","prosent","68.4","sysselsatte_kjonn_land","NULL","NULL","1106"
"2013","NULL","0","alle","personer","1857","sysselsatte_kjonn_land","NULL","NULL","1106"
"2013","NULL","0","alle","prosent","75.1","sysselsatte_kjonn_land","NULL","NULL","1106"
"2013","NULL","1","1","personer","509","sysselsatte_kjonn_land","NULL","NULL","1106"
"2013","NULL","1","1","prosent","67","sysselsatte_kjonn_land","NULL","NULL","1106"
"2013","NULL","1","2","personer","514","sysselsatte_kjonn_land","NULL","NULL","1106"
"2013","NULL","1","2","prosent","51.1","sysselsatte_kjonn_land","NULL","NULL","1106"
"2013","NULL","1","alle","personer","1023","sysselsatte_kjonn_land","NULL","NULL","1106"
"2013","NULL","1","alle","prosent","58","sysselsatte_kjonn_land","NULL","NULL","1106"
"2013","NULL","alle","1","personer","1772","sysselsatte_kjonn_land","NULL","NULL","1106"
"2013","NULL","alle","1","prosent","75","sysselsatte_kjonn_land","NULL","NULL","1106"
"2013","NULL","alle","2","personer","1108","sysselsatte_kjonn_land","NULL","NULL","1106"
"2013","NULL","alle","2","prosent","59.2","sysselsatte_kjonn_land","NULL","NULL","1106"
"2013","NULL","alle","alle","personer","2880","sysselsatte_kjonn_land","NULL","NULL","1106"
"2013","NULL","alle","alle","prosent","68","sysselsatte_kjonn_land","NULL","NULL","1106"
"2013","NULL","0","1","personer","35","sysselsatte_kjonn_land","NULL","NULL","1111"
"2013","NULL","0","1","prosent","89.7","sysselsatte_kjonn_land","NULL","NULL","1111"
"2013","NULL","0","2","personer","15","sysselsatte_kjonn_land","NULL","NULL","1111"
"2013","NULL","0","2","prosent","100","sysselsatte_kjonn_land","NULL","NULL","1111"
"2013","NULL","0","alle","personer","50","sysselsatte_kjonn_land","NULL","NULL","1111"
"2013","NULL","0","alle","prosent","92.6","sysselsatte_kjonn_land","NULL","NULL","1111"
"2013","NULL","1","1","personer","20","sysselsatte_kjonn_land","NULL","NULL","1111"
"2013","NULL","1","1","prosent","76.9","sysselsatte_kjonn_land","NULL","NULL","1111"
"2013","NULL","1","2","personer","30","sysselsatte_kjonn_land","NULL","NULL","1111"
"2013","NULL","1","2","prosent","75","sysselsatte_kjonn_land","NULL","NULL","1111"
"2013","NULL","1","alle","personer","50","sysselsatte_kjonn_land","NULL","NULL","1111"
"2013","NULL","1","alle","prosent","75.8","sysselsatte_kjonn_land","NULL","NULL","1111"
"2013","NULL","alle","1","personer","55","sysselsatte_kjonn_land","NULL","NULL","1111"
"2013","NULL","alle","1","prosent","84.6","sysselsatte_kjonn_land","NULL","NULL","1111"
"2013","NULL","alle","2","personer","45","sysselsatte_kjonn_land","NULL","NULL","1111"
"2013","NULL","alle","2","prosent","81.8","sysselsatte_kjonn_land","NULL","NULL","1111"
"2013","NULL","alle","alle","personer","100","sysselsatte_kjonn_land","NULL","NULL","1111"
"2013","NULL","alle","alle","prosent","83.3","sysselsatte_kjonn_land","NULL","NULL","1111"
"2013","NULL","0","1","personer","39","sysselsatte_kjonn_land","NULL","NULL","1112"
"2013","NULL","0","1","prosent","84.8","sysselsatte_kjonn_land","NULL","NULL","1112"
"2013","NULL","0","2","personer","16","sysselsatte_kjonn_land","NULL","NULL","1112"
"2013","NULL","0","2","prosent","48.5","sysselsatte_kjonn_land","NULL","NULL","1112"
"2013","NULL","0","alle","personer","55","sysselsatte_kjonn_land","NULL","NULL","1112"
"2013","NULL","0","alle","prosent","69.6","sysselsatte_kjonn_land","NULL","NULL","1112"
"2013","NULL","1","1","personer","31","sysselsatte_kjonn_land","NULL","NULL","1112"
"2013","NULL","1","1","prosent","67.4","sysselsatte_kjonn_land","NULL","NULL","1112"
"2013","NULL","1","2","personer","35","sysselsatte_kjonn_land","NULL","NULL","1112"
"2013","NULL","1","2","prosent","54.7","sysselsatte_kjonn_land","NULL","NULL","1112"
"2013","NULL","1","alle","personer","66","sysselsatte_kjonn_land","NULL","NULL","1112"
"2013","NULL","1","alle","prosent","60","sysselsatte_kjonn_land","NULL","NULL","1112"
"2013","NULL","alle","1","personer","70","sysselsatte_kjonn_land","NULL","NULL","1112"
"2013","NULL","alle","1","prosent","76.1","sysselsatte_kjonn_land","NULL","NULL","1112"
"2013","NULL","alle","2","personer","51","sysselsatte_kjonn_land","NULL","NULL","1112"
"2013","NULL","alle","2","prosent","52.6","sysselsatte_kjonn_land","NULL","NULL","1112"
"2013","NULL","alle","alle","personer","121","sysselsatte_kjonn_land","NULL","NULL","1112"
"2013","NULL","alle","alle","prosent","64","sysselsatte_kjonn_land","NULL","NULL","1112"
"2013","NULL","0","1","personer","83","sysselsatte_kjonn_land","NULL","NULL","1114"
"2013","NULL","0","1","prosent","87.4","sysselsatte_kjonn_land","NULL","NULL","1114"
"2013","NULL","0","2","personer","11","sysselsatte_kjonn_land","NULL","NULL","1114"
"2013","NULL","0","2","prosent","73.3","sysselsatte_kjonn_land","NULL","NULL","1114"
"2013","NULL","0","alle","personer","94","sysselsatte_kjonn_land","NULL","NULL","1114"
"2013","NULL","0","alle","prosent","85.5","sysselsatte_kjonn_land","NULL","NULL","1114"
"2013","NULL","1","1","personer","46","sysselsatte_kjonn_land","NULL","NULL","1114"
"2013","NULL","1","1","prosent","73","sysselsatte_kjonn_land","NULL","NULL","1114"
"2013","NULL","1","2","personer","22","sysselsatte_kjonn_land","NULL","NULL","1114"
"2013","NULL","1","2","prosent","78.6","sysselsatte_kjonn_land","NULL","NULL","1114"
"2013","NULL","1","alle","personer","68","sysselsatte_kjonn_land","NULL","NULL","1114"
"2013","NULL","1","alle","prosent","74.7","sysselsatte_kjonn_land","NULL","NULL","1114"
"2013","NULL","alle","1","personer","129","sysselsatte_kjonn_land","NULL","NULL","1114"
"2013","NULL","alle","1","prosent","81.6","sysselsatte_kjonn_land","NULL","NULL","1114"
"2013","NULL","alle","2","personer","33","sysselsatte_kjonn_land","NULL","NULL","1114"
"2013","NULL","alle","2","prosent","76.7","sysselsatte_kjonn_land","NULL","NULL","1114"
"2013","NULL","alle","alle","personer","162","sysselsatte_kjonn_land","NULL","NULL","1114"
"2013","NULL","alle","alle","prosent","80.6","sysselsatte_kjonn_land","NULL","NULL","1114"
"2013","NULL","0","1","personer","714","sysselsatte_kjonn_land","NULL","NULL","1119"
"2013","NULL","0","1","prosent","84.3","sysselsatte_kjonn_land","NULL","NULL","1119"
"2013","NULL","0","2","personer","138","sysselsatte_kjonn_land","NULL","NULL","1119"
"2013","NULL","0","2","prosent","57.3","sysselsatte_kjonn_land","NULL","NULL","1119"
"2013","NULL","0","alle","personer","852","sysselsatte_kjonn_land","NULL","NULL","1119"
"2013","NULL","0","alle","prosent","78.3","sysselsatte_kjonn_land","NULL","NULL","1119"
"2013","NULL","1","1","personer","350","sysselsatte_kjonn_land","NULL","NULL","1119"
"2013","NULL","1","1","prosent","70.4","sysselsatte_kjonn_land","NULL","NULL","1119"
"2013","NULL","1","2","personer","181","sysselsatte_kjonn_land","NULL","NULL","1119"
"2013","NULL","1","2","prosent","58.4","sysselsatte_kjonn_land","NULL","NULL","1119"
"2013","NULL","1","alle","personer","531","sysselsatte_kjonn_land","NULL","NULL","1119"
"2013","NULL","1","alle","prosent","65.8","sysselsatte_kjonn_land","NULL","NULL","1119"
"2013","NULL","alle","1","personer","1064","sysselsatte_kjonn_land","NULL","NULL","1119"
"2013","NULL","alle","1","prosent","79.2","sysselsatte_kjonn_land","NULL","NULL","1119"
"2013","NULL","alle","2","personer","319","sysselsatte_kjonn_land","NULL","NULL","1119"
"2013","NULL","alle","2","prosent","57.9","sysselsatte_kjonn_land","NULL","NULL","1119"
"2013","NULL","alle","alle","personer","1383","sysselsatte_kjonn_land","NULL","NULL","1119"
"2013","NULL","alle","alle","prosent","73","sysselsatte_kjonn_land","NULL","NULL","1119"
"2013","NULL","0","1","personer","649","sysselsatte_kjonn_land","NULL","NULL","1120"
"2013","NULL","0","1","prosent","87.2","sysselsatte_kjonn_land","NULL","NULL","1120"
"2013","NULL","0","2","personer","168","sysselsatte_kjonn_land","NULL","NULL","1120"
"2013","NULL","0","2","prosent","74","sysselsatte_kjonn_land","NULL","NULL","1120"
"2013","NULL","0","alle","personer","817","sysselsatte_kjonn_land","NULL","NULL","1120"
"2013","NULL","0","alle","prosent","84.1","sysselsatte_kjonn_land","NULL","NULL","1120"
"2013","NULL","1","1","personer","310","sysselsatte_kjonn_land","NULL","NULL","1120"
"2013","NULL","1","1","prosent","75.8","sysselsatte_kjonn_land","NULL","NULL","1120"
"2013","NULL","1","2","personer","198","sysselsatte_kjonn_land","NULL","NULL","1120"
"2013","NULL","1","2","prosent","57.9","sysselsatte_kjonn_land","NULL","NULL","1120"
"2013","NULL","1","alle","personer","508","sysselsatte_kjonn_land","NULL","NULL","1120"
"2013","NULL","1","alle","prosent","67.6","sysselsatte_kjonn_land","NULL","NULL","1120"
"2013","NULL","alle","1","personer","959","sysselsatte_kjonn_land","NULL","NULL","1120"
"2013","NULL","alle","1","prosent","83.2","sysselsatte_kjonn_land","NULL","NULL","1120"
"2013","NULL","alle","2","personer","366","sysselsatte_kjonn_land","NULL","NULL","1120"
"2013","NULL","alle","2","prosent","64.3","sysselsatte_kjonn_land","NULL","NULL","1120"
"2013","NULL","alle","alle","personer","1325","sysselsatte_kjonn_land","NULL","NULL","1120"
"2013","NULL","alle","alle","prosent","76.9","sysselsatte_kjonn_land","NULL","NULL","1120"
"2013","NULL","0","1","personer","409","sysselsatte_kjonn_land","NULL","NULL","1121"
"2013","NULL","0","1","prosent","85.9","sysselsatte_kjonn_land","NULL","NULL","1121"
"2013","NULL","0","2","personer","167","sysselsatte_kjonn_land","NULL","NULL","1121"
"2013","NULL","0","2","prosent","69","sysselsatte_kjonn_land","NULL","NULL","1121"
"2013","NULL","0","alle","personer","576","sysselsatte_kjonn_land","NULL","NULL","1121"
"2013","NULL","0","alle","prosent","80.2","sysselsatte_kjonn_land","NULL","NULL","1121"
"2013","NULL","1","1","personer","196","sysselsatte_kjonn_land","NULL","NULL","1121"
"2013","NULL","1","1","prosent","74.2","sysselsatte_kjonn_land","NULL","NULL","1121"
"2013","NULL","1","2","personer","204","sysselsatte_kjonn_land","NULL","NULL","1121"
"2013","NULL","1","2","prosent","59.8","sysselsatte_kjonn_land","NULL","NULL","1121"
"2013","NULL","1","alle","personer","400","sysselsatte_kjonn_land","NULL","NULL","1121"
"2013","NULL","1","alle","prosent","66.1","sysselsatte_kjonn_land","NULL","NULL","1121"
"2013","NULL","alle","1","personer","605","sysselsatte_kjonn_land","NULL","NULL","1121"
"2013","NULL","alle","1","prosent","81.8","sysselsatte_kjonn_land","NULL","NULL","1121"
"2013","NULL","alle","2","personer","371","sysselsatte_kjonn_land","NULL","NULL","1121"
"2013","NULL","alle","2","prosent","63.6","sysselsatte_kjonn_land","NULL","NULL","1121"
"2013","NULL","alle","alle","personer","976","sysselsatte_kjonn_land","NULL","NULL","1121"
"2013","NULL","alle","alle","prosent","73.8","sysselsatte_kjonn_land","NULL","NULL","1121"
"2013","NULL","0","1","personer","377","sysselsatte_kjonn_land","NULL","NULL","1122"
"2013","NULL","0","1","prosent","87.1","sysselsatte_kjonn_land","NULL","NULL","1122"
"2013","NULL","0","2","personer","74","sysselsatte_kjonn_land","NULL","NULL","1122"
"2013","NULL","0","2","prosent","68.5","sysselsatte_kjonn_land","NULL","NULL","1122"
"2013","NULL","0","alle","personer","451","sysselsatte_kjonn_land","NULL","NULL","1122"
"2013","NULL","0","alle","prosent","83.4","sysselsatte_kjonn_land","NULL","NULL","1122"
"2013","NULL","1","1","personer","198","sysselsatte_kjonn_land","NULL","NULL","1122"
"2013","NULL","1","1","prosent","75.6","sysselsatte_kjonn_land","NULL","NULL","1122"
"2013","NULL","1","2","personer","106","sysselsatte_kjonn_land","NULL","NULL","1122"
"2013","NULL","1","2","prosent","65.4","sysselsatte_kjonn_land","NULL","NULL","1122"
"2013","NULL","1","alle","personer","304","sysselsatte_kjonn_land","NULL","NULL","1122"
"2013","NULL","1","alle","prosent","71.7","sysselsatte_kjonn_land","NULL","NULL","1122"
"2013","NULL","alle","1","personer","575","sysselsatte_kjonn_land","NULL","NULL","1122"
"2013","NULL","alle","1","prosent","82.7","sysselsatte_kjonn_land","NULL","NULL","1122"
"2013","NULL","alle","2","personer","180","sysselsatte_kjonn_land","NULL","NULL","1122"
"2013","NULL","alle","2","prosent","66.7","sysselsatte_kjonn_land","NULL","NULL","1122"
"2013","NULL","alle","alle","personer","755","sysselsatte_kjonn_land","NULL","NULL","1122"
"2013","NULL","alle","alle","prosent","78.2","sysselsatte_kjonn_land","NULL","NULL","1122"
"2013","NULL","0","1","personer","920","sysselsatte_kjonn_land","NULL","NULL","1124"
"2013","NULL","0","1","prosent","86.8","sysselsatte_kjonn_land","NULL","NULL","1124"
"2013","NULL","0","2","personer","440","sysselsatte_kjonn_land","NULL","NULL","1124"
"2013","NULL","0","2","prosent","81.3","sysselsatte_kjonn_land","NULL","NULL","1124"
"2013","NULL","0","alle","personer","1360","sysselsatte_kjonn_land","NULL","NULL","1124"
"2013","NULL","0","alle","prosent","84.9","sysselsatte_kjonn_land","NULL","NULL","1124"
"2013","NULL","1","1","personer","497","sysselsatte_kjonn_land","NULL","NULL","1124"
"2013","NULL","1","1","prosent","70.6","sysselsatte_kjonn_land","NULL","NULL","1124"
"2013","NULL","1","2","personer","416","sysselsatte_kjonn_land","NULL","NULL","1124"
"2013","NULL","1","2","prosent","57.8","sysselsatte_kjonn_land","NULL","NULL","1124"
"2013","NULL","1","alle","personer","913","sysselsatte_kjonn_land","NULL","NULL","1124"
"2013","NULL","1","alle","prosent","64.1","sysselsatte_kjonn_land","NULL","NULL","1124"
"2013","NULL","alle","1","personer","1417","sysselsatte_kjonn_land","NULL","NULL","1124"
"2013","NULL","alle","1","prosent","80.3","sysselsatte_kjonn_land","NULL","NULL","1124"
"2013","NULL","alle","2","personer","856","sysselsatte_kjonn_land","NULL","NULL","1124"
"2013","NULL","alle","2","prosent","67.9","sysselsatte_kjonn_land","NULL","NULL","1124"
"2013","NULL","alle","alle","personer","2273","sysselsatte_kjonn_land","NULL","NULL","1124"
"2013","NULL","alle","alle","prosent","75.1","sysselsatte_kjonn_land","NULL","NULL","1124"
"2013","NULL","0","1","personer","280","sysselsatte_kjonn_land","NULL","NULL","1127"
"2013","NULL","0","1","prosent","87.5","sysselsatte_kjonn_land","NULL","NULL","1127"
"2013","NULL","0","2","personer","93","sysselsatte_kjonn_land","NULL","NULL","1127"
"2013","NULL","0","2","prosent","68.4","sysselsatte_kjonn_land","NULL","NULL","1127"
"2013","NULL","0","alle","personer","373","sysselsatte_kjonn_land","NULL","NULL","1127"
"2013","NULL","0","alle","prosent","81.8","sysselsatte_kjonn_land","NULL","NULL","1127"
"2013","NULL","1","1","personer","154","sysselsatte_kjonn_land","NULL","NULL","1127"
"2013","NULL","1","1","prosent","74","sysselsatte_kjonn_land","NULL","NULL","1127"
"2013","NULL","1","2","personer","92","sysselsatte_kjonn_land","NULL","NULL","1127"
"2013","NULL","1","2","prosent","56.4","sysselsatte_kjonn_land","NULL","NULL","1127"
"2013","NULL","1","alle","personer","246","sysselsatte_kjonn_land","NULL","NULL","1127"
"2013","NULL","1","alle","prosent","66.3","sysselsatte_kjonn_land","NULL","NULL","1127"
"2013","NULL","alle","1","personer","434","sysselsatte_kjonn_land","NULL","NULL","1127"
"2013","NULL","alle","1","prosent","82.2","sysselsatte_kjonn_land","NULL","NULL","1127"
"2013","NULL","alle","2","personer","185","sysselsatte_kjonn_land","NULL","NULL","1127"
"2013","NULL","alle","2","prosent","61.9","sysselsatte_kjonn_land","NULL","NULL","1127"
"2013","NULL","alle","alle","personer","619","sysselsatte_kjonn_land","NULL","NULL","1127"
"2013","NULL","alle","alle","prosent","74.8","sysselsatte_kjonn_land","NULL","NULL","1127"
"2013","NULL","0","1","personer","35","sysselsatte_kjonn_land","NULL","NULL","1129"
"2013","NULL","0","1","prosent","94.6","sysselsatte_kjonn_land","NULL","NULL","1129"
"2013","NULL","0","2","personer","4","sysselsatte_kjonn_land","NULL","NULL","1129"
"2013","NULL","0","2","prosent","80","sysselsatte_kjonn_land","NULL","NULL","1129"
"2013","NULL","0","alle","personer","39","sysselsatte_kjonn_land","NULL","NULL","1129"
"2013","NULL","0","alle","prosent","92.9","sysselsatte_kjonn_land","NULL","NULL","1129"
"2013","NULL","1","1","personer","14","sysselsatte_kjonn_land","NULL","NULL","1129"
"2013","NULL","1","1","prosent","73.7","sysselsatte_kjonn_land","NULL","NULL","1129"
"2013","NULL","1","2","personer","7","sysselsatte_kjonn_land","NULL","NULL","1129"
"2013","NULL","1","2","prosent","70","sysselsatte_kjonn_land","NULL","NULL","1129"
"2013","NULL","1","alle","personer","21","sysselsatte_kjonn_land","NULL","NULL","1129"
"2013","NULL","1","alle","prosent","72.4","sysselsatte_kjonn_land","NULL","NULL","1129"
"2013","NULL","alle","1","personer","49","sysselsatte_kjonn_land","NULL","NULL","1129"
"2013","NULL","alle","1","prosent","87.5","sysselsatte_kjonn_land","NULL","NULL","1129"
"2013","NULL","alle","2","personer","11","sysselsatte_kjonn_land","NULL","NULL","1129"
"2013","NULL","alle","2","prosent","73.3","sysselsatte_kjonn_land","NULL","NULL","1129"
"2013","NULL","alle","alle","personer","60","sysselsatte_kjonn_land","NULL","NULL","1129"
"2013","NULL","alle","alle","prosent","84.5","sysselsatte_kjonn_land","NULL","NULL","1129"
"2013","NULL","0","1","personer","221","sysselsatte_kjonn_land","NULL","NULL","1130"
"2013","NULL","0","1","prosent","84.7","sysselsatte_kjonn_land","NULL","NULL","1130"
"2013","NULL","0","2","personer","85","sysselsatte_kjonn_land","NULL","NULL","1130"
"2013","NULL","0","2","prosent","60.3","sysselsatte_kjonn_land","NULL","NULL","1130"
"2013","NULL","0","alle","personer","306","sysselsatte_kjonn_land","NULL","NULL","1130"
"2013","NULL","0","alle","prosent","76.1","sysselsatte_kjonn_land","NULL","NULL","1130"
"2013","NULL","1","1","personer","129","sysselsatte_kjonn_land","NULL","NULL","1130"
"2013","NULL","1","1","prosent","67.2","sysselsatte_kjonn_land","NULL","NULL","1130"
"2013","NULL","1","2","personer","143","sysselsatte_kjonn_land","NULL","NULL","1130"
"2013","NULL","1","2","prosent","61.1","sysselsatte_kjonn_land","NULL","NULL","1130"
"2013","NULL","1","alle","personer","272","sysselsatte_kjonn_land","NULL","NULL","1130"
"2013","NULL","1","alle","prosent","63.8","sysselsatte_kjonn_land","NULL","NULL","1130"
"2013","NULL","alle","1","personer","350","sysselsatte_kjonn_land","NULL","NULL","1130"
"2013","NULL","alle","1","prosent","77.3","sysselsatte_kjonn_land","NULL","NULL","1130"
"2013","NULL","alle","2","personer","228","sysselsatte_kjonn_land","NULL","NULL","1130"
"2013","NULL","alle","2","prosent","60.8","sysselsatte_kjonn_land","NULL","NULL","1130"
"2013","NULL","alle","alle","personer","578","sysselsatte_kjonn_land","NULL","NULL","1130"
"2013","NULL","alle","alle","prosent","69.8","sysselsatte_kjonn_land","NULL","NULL","1130"
"2013","NULL","0","1","personer","115","sysselsatte_kjonn_land","NULL","NULL","1133"
"2013","NULL","0","1","prosent","88.5","sysselsatte_kjonn_land","NULL","NULL","1133"
"2013","NULL","0","2","personer","37","sysselsatte_kjonn_land","NULL","NULL","1133"
"2013","NULL","0","2","prosent","74","sysselsatte_kjonn_land","NULL","NULL","1133"
"2013","NULL","0","alle","personer","152","sysselsatte_kjonn_land","NULL","NULL","1133"
"2013","NULL","0","alle","prosent","84.4","sysselsatte_kjonn_land","NULL","NULL","1133"
"2013","NULL","1","1","personer","82","sysselsatte_kjonn_land","NULL","NULL","1133"
"2013","NULL","1","1","prosent","82","sysselsatte_kjonn_land","NULL","NULL","1133"
"2013","NULL","1","2","personer","23","sysselsatte_kjonn_land","NULL","NULL","1133"
"2013","NULL","1","2","prosent","46.9","sysselsatte_kjonn_land","NULL","NULL","1133"
"2013","NULL","1","alle","personer","105","sysselsatte_kjonn_land","NULL","NULL","1133"
"2013","NULL","1","alle","prosent","70.5","sysselsatte_kjonn_land","NULL","NULL","1133"
"2013","NULL","alle","1","personer","197","sysselsatte_kjonn_land","NULL","NULL","1133"
"2013","NULL","alle","1","prosent","85.7","sysselsatte_kjonn_land","NULL","NULL","1133"
"2013","NULL","alle","2","personer","60","sysselsatte_kjonn_land","NULL","NULL","1133"
"2013","NULL","alle","2","prosent","60.6","sysselsatte_kjonn_land","NULL","NULL","1133"
"2013","NULL","alle","alle","personer","257","sysselsatte_kjonn_land","NULL","NULL","1133"
"2013","NULL","alle","alle","prosent","78.1","sysselsatte_kjonn_land","NULL","NULL","1133"
"2013","NULL","0","1","personer","69","sysselsatte_kjonn_land","NULL","NULL","1134"
"2013","NULL","0","1","prosent","87.3","sysselsatte_kjonn_land","NULL","NULL","1134"
"2013","NULL","0","2","personer","24","sysselsatte_kjonn_land","NULL","NULL","1134"
"2013","NULL","0","2","prosent","64.9","sysselsatte_kjonn_land","NULL","NULL","1134"
"2013","NULL","0","alle","personer","93","sysselsatte_kjonn_land","NULL","NULL","1134"
"2013","NULL","0","alle","prosent","80.2","sysselsatte_kjonn_land","NULL","NULL","1134"
"2013","NULL","1","1","personer","67","sysselsatte_kjonn_land","NULL","NULL","1134"
"2013","NULL","1","1","prosent","81.7","sysselsatte_kjonn_land","NULL","NULL","1134"
"2013","NULL","1","2","personer","31","sysselsatte_kjonn_land","NULL","NULL","1134"
"2013","NULL","1","2","prosent","57.4","sysselsatte_kjonn_land","NULL","NULL","1134"
"2013","NULL","1","alle","personer","98","sysselsatte_kjonn_land","NULL","NULL","1134"
"2013","NULL","1","alle","prosent","72.1","sysselsatte_kjonn_land","NULL","NULL","1134"
"2013","NULL","alle","1","personer","136","sysselsatte_kjonn_land","NULL","NULL","1134"
"2013","NULL","alle","1","prosent","84.5","sysselsatte_kjonn_land","NULL","NULL","1134"
"2013","NULL","alle","2","personer","55","sysselsatte_kjonn_land","NULL","NULL","1134"
"2013","NULL","alle","2","prosent","60.4","sysselsatte_kjonn_land","NULL","NULL","1134"
"2013","NULL","alle","alle","personer","191","sysselsatte_kjonn_land","NULL","NULL","1134"
"2013","NULL","alle","alle","prosent","75.8","sysselsatte_kjonn_land","NULL","NULL","1134"
"2013","NULL","0","1","personer","73","sysselsatte_kjonn_land","NULL","NULL","1135"
"2013","NULL","0","1","prosent","84.9","sysselsatte_kjonn_land","NULL","NULL","1135"
"2013","NULL","0","2","personer","21","sysselsatte_kjonn_land","NULL","NULL","1135"
"2013","NULL","0","2","prosent","52.5","sysselsatte_kjonn_land","NULL","NULL","1135"
"2013","NULL","0","alle","personer","94","sysselsatte_kjonn_land","NULL","NULL","1135"
"2013","NULL","0","alle","prosent","74.6","sysselsatte_kjonn_land","NULL","NULL","1135"
"2013","NULL","1","1","personer","37","sysselsatte_kjonn_land","NULL","NULL","1135"
"2013","NULL","1","1","prosent","77.1","sysselsatte_kjonn_land","NULL","NULL","1135"
"2013","NULL","1","2","personer","37","sysselsatte_kjonn_land","NULL","NULL","1135"
"2013","NULL","1","2","prosent","60.7","sysselsatte_kjonn_land","NULL","NULL","1135"
"2013","NULL","1","alle","personer","74","sysselsatte_kjonn_land","NULL","NULL","1135"
"2013","NULL","1","alle","prosent","67.9","sysselsatte_kjonn_land","NULL","NULL","1135"
"2013","NULL","alle","1","personer","110","sysselsatte_kjonn_land","NULL","NULL","1135"
"2013","NULL","alle","1","prosent","82.1","sysselsatte_kjonn_land","NULL","NULL","1135"
"2013","NULL","alle","2","personer","58","sysselsatte_kjonn_land","NULL","NULL","1135"
"2013","NULL","alle","2","prosent","57.4","sysselsatte_kjonn_land","NULL","NULL","1135"
"2013","NULL","alle","alle","personer","168","sysselsatte_kjonn_land","NULL","NULL","1135"
"2013","NULL","alle","alle","prosent","71.5","sysselsatte_kjonn_land","NULL","NULL","1135"
"2013","NULL","0","1","personer",":","sysselsatte_kjonn_land","NULL","NULL","1141"
"2013","NULL","0","1","prosent",":","sysselsatte_kjonn_land","NULL","NULL","1141"
"2013","NULL","0","2","personer",":","sysselsatte_kjonn_land","NULL","NULL","1141"
"2013","NULL","0","2","prosent",":","sysselsatte_kjonn_land","NULL","NULL","1141"
"2013","NULL","0","alle","personer","170","sysselsatte_kjonn_land","NULL","NULL","1141"
"2013","NULL","0","alle","prosent","89.5","sysselsatte_kjonn_land","NULL","NULL","1141"
"2013","NULL","1","1","personer","83","sysselsatte_kjonn_land","NULL","NULL","1141"
"2013","NULL","1","1","prosent","83.8","sysselsatte_kjonn_land","NULL","NULL","1141"
"2013","NULL","1","2","personer","19","sysselsatte_kjonn_land","NULL","NULL","1141"
"2013","NULL","1","2","prosent","82.6","sysselsatte_kjonn_land","NULL","NULL","1141"
"2013","NULL","1","alle","personer","102","sysselsatte_kjonn_land","NULL","NULL","1141"
"2013","NULL","1","alle","prosent","83.6","sysselsatte_kjonn_land","NULL","NULL","1141"
"2013","NULL","alle","1","personer","250","sysselsatte_kjonn_land","NULL","NULL","1141"
"2013","NULL","alle","1","prosent","87.7","sysselsatte_kjonn_land","NULL","NULL","1141"
"2013","NULL","alle","2","personer","22","sysselsatte_kjonn_land","NULL","NULL","1141"
"2013","NULL","alle","2","prosent","81.5","sysselsatte_kjonn_land","NULL","NULL","1141"
"2013","NULL","alle","alle","personer","272","sysselsatte_kjonn_land","NULL","NULL","1141"
"2013","NULL","alle","alle","prosent","87.2","sysselsatte_kjonn_land","NULL","NULL","1141"
"2013","NULL","0","1","personer","156","sysselsatte_kjonn_land","NULL","NULL","1142"
"2013","NULL","0","1","prosent","84.8","sysselsatte_kjonn_land","NULL","NULL","1142"
"2013","NULL","0","2","personer","18","sysselsatte_kjonn_land","NULL","NULL","1142"
"2013","NULL","0","2","prosent","69.2","sysselsatte_kjonn_land","NULL","NULL","1142"
"2013","NULL","0","alle","personer","174","sysselsatte_kjonn_land","NULL","NULL","1142"
"2013","NULL","0","alle","prosent","82.9","sysselsatte_kjonn_land","NULL","NULL","1142"
"2013","NULL","1","1","personer","87","sysselsatte_kjonn_land","NULL","NULL","1142"
"2013","NULL","1","1","prosent","68","sysselsatte_kjonn_land","NULL","NULL","1142"
"2013","NULL","1","2","personer","33","sysselsatte_kjonn_land","NULL","NULL","1142"
"2013","NULL","1","2","prosent","56.9","sysselsatte_kjonn_land","NULL","NULL","1142"
"2013","NULL","1","alle","personer","120","sysselsatte_kjonn_land","NULL","NULL","1142"
"2013","NULL","1","alle","prosent","64.5","sysselsatte_kjonn_land","NULL","NULL","1142"
"2013","NULL","alle","1","personer","243","sysselsatte_kjonn_land","NULL","NULL","1142"
"2013","NULL","alle","1","prosent","77.9","sysselsatte_kjonn_land","NULL","NULL","1142"
"2013","NULL","alle","2","personer","51","sysselsatte_kjonn_land","NULL","NULL","1142"
"2013","NULL","alle","2","prosent","60.7","sysselsatte_kjonn_land","NULL","NULL","1142"
"2013","NULL","alle","alle","personer","294","sysselsatte_kjonn_land","NULL","NULL","1142"
"2013","NULL","alle","alle","prosent","74.2","sysselsatte_kjonn_land","NULL","NULL","1142"
"2013","NULL","0","1","personer",":","sysselsatte_kjonn_land","NULL","NULL","1144"
"2013","NULL","0","1","prosent",":","sysselsatte_kjonn_land","NULL","NULL","1144"
"2013","NULL","0","2","personer",":","sysselsatte_kjonn_land","NULL","NULL","1144"
"2013","NULL","0","2","prosent",":","sysselsatte_kjonn_land","NULL","NULL","1144"
"2013","NULL","0","alle","personer","10","sysselsatte_kjonn_land","NULL","NULL","1144"
"2013","NULL","0","alle","prosent","83.3","sysselsatte_kjonn_land","NULL","NULL","1144"
"2013","NULL","1","1","personer",":","sysselsatte_kjonn_land","NULL","NULL","1144"
"2013","NULL","1","1","prosent",":","sysselsatte_kjonn_land","NULL","NULL","1144"
"2013","NULL","1","2","personer",":","sysselsatte_kjonn_land","NULL","NULL","1144"
"2013","NULL","1","2","prosent",":","sysselsatte_kjonn_land","NULL","NULL","1144"
"2013","NULL","1","alle","personer","13","sysselsatte_kjonn_land","NULL","NULL","1144"
"2013","NULL","1","alle","prosent","76.5","sysselsatte_kjonn_land","NULL","NULL","1144"
"2013","NULL","alle","1","personer",":","sysselsatte_kjonn_land","NULL","NULL","1144"
"2013","NULL","alle","1","prosent",":","sysselsatte_kjonn_land","NULL","NULL","1144"
"2013","NULL","alle","2","personer",":","sysselsatte_kjonn_land","NULL","NULL","1144"
"2013","NULL","alle","2","prosent",":","sysselsatte_kjonn_land","NULL","NULL","1144"
"2013","NULL","alle","alle","personer","23","sysselsatte_kjonn_land","NULL","NULL","1144"
"2013","NULL","alle","alle","prosent","79.3","sysselsatte_kjonn_land","NULL","NULL","1144"
"2013","NULL","0","1","personer",":","sysselsatte_kjonn_land","NULL","NULL","1145"
"2013","NULL","0","1","prosent",":","sysselsatte_kjonn_land","NULL","NULL","1145"
"2013","NULL","0","2","personer",":","sysselsatte_kjonn_land","NULL","NULL","1145"
"2013","NULL","0","2","prosent",":","sysselsatte_kjonn_land","NULL","NULL","1145"
"2013","NULL","0","alle","personer","28","sysselsatte_kjonn_land","NULL","NULL","1145"
"2013","NULL","0","alle","prosent","87.5","sysselsatte_kjonn_land","NULL","NULL","1145"
"2013","NULL","1","1","personer","16","sysselsatte_kjonn_land","NULL","NULL","1145"
"2013","NULL","1","1","prosent","76.2","sysselsatte_kjonn_land","NULL","NULL","1145"
"2013","NULL","1","2","personer","5","sysselsatte_kjonn_land","NULL","NULL","1145"
"2013","NULL","1","2","prosent","55.6","sysselsatte_kjonn_land","NULL","NULL","1145"
"2013","NULL","1","alle","personer","21","sysselsatte_kjonn_land","NULL","NULL","1145"
"2013","NULL","1","alle","prosent","70","sysselsatte_kjonn_land","NULL","NULL","1145"
"2013","NULL","alle","1","personer","42","sysselsatte_kjonn_land","NULL","NULL","1145"
"2013","NULL","alle","1","prosent","82.4","sysselsatte_kjonn_land","NULL","NULL","1145"
"2013","NULL","alle","2","personer","7","sysselsatte_kjonn_land","NULL","NULL","1145"
"2013","NULL","alle","2","prosent","63.6","sysselsatte_kjonn_land","NULL","NULL","1145"
"2013","NULL","alle","alle","personer","49","sysselsatte_kjonn_land","NULL","NULL","1145"
"2013","NULL","alle","alle","prosent","79","sysselsatte_kjonn_land","NULL","NULL","1145"
"2013","NULL","0","1","personer","200","sysselsatte_kjonn_land","NULL","NULL","1146"
"2013","NULL","0","1","prosent","87.3","sysselsatte_kjonn_land","NULL","NULL","1146"
"2013","NULL","0","2","personer","38","sysselsatte_kjonn_land","NULL","NULL","1146"
"2013","NULL","0","2","prosent","46.9","sysselsatte_kjonn_land","NULL","NULL","1146"
"2013","NULL","0","alle","personer","238","sysselsatte_kjonn_land","NULL","NULL","1146"
"2013","NULL","0","alle","prosent","76.8","sysselsatte_kjonn_land","NULL","NULL","1146"
"2013","NULL","1","1","personer","86","sysselsatte_kjonn_land","NULL","NULL","1146"
"2013","NULL","1","1","prosent","71.7","sysselsatte_kjonn_land","NULL","NULL","1146"
"2013","NULL","1","2","personer","71","sysselsatte_kjonn_land","NULL","NULL","1146"
"2013","NULL","1","2","prosent","46.1","sysselsatte_kjonn_land","NULL","NULL","1146"
"2013","NULL","1","alle","personer","157","sysselsatte_kjonn_land","NULL","NULL","1146"
"2013","NULL","1","alle","prosent","57.3","sysselsatte_kjonn_land","NULL","NULL","1146"
"2013","NULL","alle","1","personer","286","sysselsatte_kjonn_land","NULL","NULL","1146"
"2013","NULL","alle","1","prosent","81.9","sysselsatte_kjonn_land","NULL","NULL","1146"
"2013","NULL","alle","2","personer","109","sysselsatte_kjonn_land","NULL","NULL","1146"
"2013","NULL","alle","2","prosent","46.4","sysselsatte_kjonn_land","NULL","NULL","1146"
"2013","NULL","alle","alle","personer","395","sysselsatte_kjonn_land","NULL","NULL","1146"
"2013","NULL","alle","alle","prosent","67.6","sysselsatte_kjonn_land","NULL","NULL","1146"
"2013","NULL","0","1","personer","838","sysselsatte_kjonn_land","NULL","NULL","1149"
"2013","NULL","0","1","prosent","77.4","sysselsatte_kjonn_land","NULL","NULL","1149"
"2013","NULL","0","2","personer","218","sysselsatte_kjonn_land","NULL","NULL","1149"
"2013","NULL","0","2","prosent","62.3","sysselsatte_kjonn_land","NULL","NULL","1149"
"2013","NULL","0","alle","personer","1056","sysselsatte_kjonn_land","NULL","NULL","1149"
"2013","NULL","0","alle","prosent","73.7","sysselsatte_kjonn_land","NULL","NULL","1149"
"2013","NULL","1","1","personer","396","sysselsatte_kjonn_land","NULL","NULL","1149"
"2013","NULL","1","1","prosent","64","sysselsatte_kjonn_land","NULL","NULL","1149"
"2013","NULL","1","2","personer","366","sysselsatte_kjonn_land","NULL","NULL","1149"
"2013","NULL","1","2","prosent","53.5","sysselsatte_kjonn_land","NULL","NULL","1149"
"2013","NULL","1","alle","personer","762","sysselsatte_kjonn_land","NULL","NULL","1149"
"2013","NULL","1","alle","prosent","58.5","sysselsatte_kjonn_land","NULL","NULL","1149"
"2013","NULL","alle","1","personer","1234","sysselsatte_kjonn_land","NULL","NULL","1149"
"2013","NULL","alle","1","prosent","72.5","sysselsatte_kjonn_land","NULL","NULL","1149"
"2013","NULL","alle","2","personer","584","sysselsatte_kjonn_land","NULL","NULL","1149"
"2013","NULL","alle","2","prosent","56.5","sysselsatte_kjonn_land","NULL","NULL","1149"
"2013","NULL","alle","alle","personer","1818","sysselsatte_kjonn_land","NULL","NULL","1149"
"2013","NULL","alle","alle","prosent","66.4","sysselsatte_kjonn_land","NULL","NULL","1149"
"2013","NULL","0","1","personer",":","sysselsatte_kjonn_land","NULL","NULL","1151"
"2013","NULL","0","1","prosent",":","sysselsatte_kjonn_land","NULL","NULL","1151"
"2013","NULL","0","2","personer",":","sysselsatte_kjonn_land","NULL","NULL","1151"
"2013","NULL","0","2","prosent",":","sysselsatte_kjonn_land","NULL","NULL","1151"
"2013","NULL","0","alle","personer",":","sysselsatte_kjonn_land","NULL","NULL","1151"
"2013","NULL","0","alle","prosent",":","sysselsatte_kjonn_land","NULL","NULL","1151"
"2013","NULL","1","1","personer",":","sysselsatte_kjonn_land","NULL","NULL","1151"
"2013","NULL","1","1","prosent",":","sysselsatte_kjonn_land","NULL","NULL","1151"
"2013","NULL","1","2","personer",":","sysselsatte_kjonn_land","NULL","NULL","1151"
"2013","NULL","1","2","prosent",":","sysselsatte_kjonn_land","NULL","NULL","1151"
"2013","NULL","1","alle","personer","8","sysselsatte_kjonn_land","NULL","NULL","1151"
"2013","NULL","1","alle","prosent","88.9","sysselsatte_kjonn_land","NULL","NULL","1151"
"2013","NULL","alle","1","personer","4","sysselsatte_kjonn_land","NULL","NULL","1151"
"2013","NULL","alle","1","prosent","66.7","sysselsatte_kjonn_land","NULL","NULL","1151"
"2013","NULL","alle","2","personer","7","sysselsatte_kjonn_land","NULL","NULL","1151"
"2013","NULL","alle","2","prosent","100","sysselsatte_kjonn_land","NULL","NULL","1151"
"2013","NULL","alle","alle","personer","11","sysselsatte_kjonn_land","NULL","NULL","1151"
"2013","NULL","alle","alle","prosent","84.6","sysselsatte_kjonn_land","NULL","NULL","1151"
"2013","NULL","0","1","personer","326","sysselsatte_kjonn_land","NULL","NULL","1160"
"2013","NULL","0","1","prosent","79.3","sysselsatte_kjonn_land","NULL","NULL","1160"
"2013","NULL","0","2","personer","34","sysselsatte_kjonn_land","NULL","NULL","1160"
"2013","NULL","0","2","prosent","68","sysselsatte_kjonn_land","NULL","NULL","1160"
"2013","NULL","0","alle","personer","360","sysselsatte_kjonn_land","NULL","NULL","1160"
"2013","NULL","0","alle","prosent","78.1","sysselsatte_kjonn_land","NULL","NULL","1160"
"2013","NULL","1","1","personer","154","sysselsatte_kjonn_land","NULL","NULL","1160"
"2013","NULL","1","1","prosent","66.4","sysselsatte_kjonn_land","NULL","NULL","1160"
"2013","NULL","1","2","personer","57","sysselsatte_kjonn_land","NULL","NULL","1160"
"2013","NULL","1","2","prosent","52.3","sysselsatte_kjonn_land","NULL","NULL","1160"
"2013","NULL","1","alle","personer","211","sysselsatte_kjonn_land","NULL","NULL","1160"
"2013","NULL","1","alle","prosent","61.9","sysselsatte_kjonn_land","NULL","NULL","1160"
"2013","NULL","alle","1","personer","480","sysselsatte_kjonn_land","NULL","NULL","1160"
"2013","NULL","alle","1","prosent","74.7","sysselsatte_kjonn_land","NULL","NULL","1160"
"2013","NULL","alle","2","personer","91","sysselsatte_kjonn_land","NULL","NULL","1160"
"2013","NULL","alle","2","prosent","57.2","sysselsatte_kjonn_land","NULL","NULL","1160"
"2013","NULL","alle","alle","personer","571","sysselsatte_kjonn_land","NULL","NULL","1160"
"2013","NULL","alle","alle","prosent","71.2","sysselsatte_kjonn_land","NULL","NULL","1160"
"2013","NULL","0","1","personer","7672","sysselsatte_kjonn_land","NULL","NULL","1201"
"2013","NULL","0","1","prosent","79","sysselsatte_kjonn_land","NULL","NULL","1201"
"2013","NULL","0","2","personer","4735","sysselsatte_kjonn_land","NULL","NULL","1201"
"2013","NULL","0","2","prosent","64.5","sysselsatte_kjonn_land","NULL","NULL","1201"
"2013","NULL","0","alle","personer","12407","sysselsatte_kjonn_land","NULL","NULL","1201"
"2013","NULL","0","alle","prosent","72.8","sysselsatte_kjonn_land","NULL","NULL","1201"
"2013","NULL","1","1","personer","4101","sysselsatte_kjonn_land","NULL","NULL","1201"
"2013","NULL","1","1","prosent","69.9","sysselsatte_kjonn_land","NULL","NULL","1201"
"2013","NULL","1","2","personer","4254","sysselsatte_kjonn_land","NULL","NULL","1201"
"2013","NULL","1","2","prosent","54.4","sysselsatte_kjonn_land","NULL","NULL","1201"
"2013","NULL","1","alle","personer","8355","sysselsatte_kjonn_land","NULL","NULL","1201"
"2013","NULL","1","alle","prosent","61.1","sysselsatte_kjonn_land","NULL","NULL","1201"
"2013","NULL","alle","1","personer","11773","sysselsatte_kjonn_land","NULL","NULL","1201"
"2013","NULL","alle","1","prosent","75.6","sysselsatte_kjonn_land","NULL","NULL","1201"
"2013","NULL","alle","2","personer","8989","sysselsatte_kjonn_land","NULL","NULL","1201"
"2013","NULL","alle","2","prosent","59.3","sysselsatte_kjonn_land","NULL","NULL","1201"
"2013","NULL","alle","alle","personer","20762","sysselsatte_kjonn_land","NULL","NULL","1201"
"2013","NULL","alle","alle","prosent","67.6","sysselsatte_kjonn_land","NULL","NULL","1201"
"2013","NULL","0","1","personer","146","sysselsatte_kjonn_land","NULL","NULL","1211"
"2013","NULL","0","1","prosent","86.4","sysselsatte_kjonn_land","NULL","NULL","1211"
"2013","NULL","0","2","personer","7","sysselsatte_kjonn_land","NULL","NULL","1211"
"2013","NULL","0","2","prosent","41.2","sysselsatte_kjonn_land","NULL","NULL","1211"
"2013","NULL","0","alle","personer","153","sysselsatte_kjonn_land","NULL","NULL","1211"
"2013","NULL","0","alle","prosent","82.3","sysselsatte_kjonn_land","NULL","NULL","1211"
"2013","NULL","1","1","personer","88","sysselsatte_kjonn_land","NULL","NULL","1211"
"2013","NULL","1","1","prosent","80","sysselsatte_kjonn_land","NULL","NULL","1211"
"2013","NULL","1","2","personer","14","sysselsatte_kjonn_land","NULL","NULL","1211"
"2013","NULL","1","2","prosent","46.7","sysselsatte_kjonn_land","NULL","NULL","1211"
"2013","NULL","1","alle","personer","102","sysselsatte_kjonn_land","NULL","NULL","1211"
"2013","NULL","1","alle","prosent","72.9","sysselsatte_kjonn_land","NULL","NULL","1211"
"2013","NULL","alle","1","personer","234","sysselsatte_kjonn_land","NULL","NULL","1211"
"2013","NULL","alle","1","prosent","83.9","sysselsatte_kjonn_land","NULL","NULL","1211"
"2013","NULL","alle","2","personer","21","sysselsatte_kjonn_land","NULL","NULL","1211"
"2013","NULL","alle","2","prosent","44.7","sysselsatte_kjonn_land","NULL","NULL","1211"
"2013","NULL","alle","alle","personer","255","sysselsatte_kjonn_land","NULL","NULL","1211"
"2013","NULL","alle","alle","prosent","78.2","sysselsatte_kjonn_land","NULL","NULL","1211"
"2013","NULL","0","1","personer","125","sysselsatte_kjonn_land","NULL","NULL","1216"
"2013","NULL","0","1","prosent","81.7","sysselsatte_kjonn_land","NULL","NULL","1216"
"2013","NULL","0","2","personer","20","sysselsatte_kjonn_land","NULL","NULL","1216"
"2013","NULL","0","2","prosent","46.5","sysselsatte_kjonn_land","NULL","NULL","1216"
"2013","NULL","0","alle","personer","145","sysselsatte_kjonn_land","NULL","NULL","1216"
"2013","NULL","0","alle","prosent","74","sysselsatte_kjonn_land","NULL","NULL","1216"
"2013","NULL","1","1","personer","62","sysselsatte_kjonn_land","NULL","NULL","1216"
"2013","NULL","1","1","prosent","69.7","sysselsatte_kjonn_land","NULL","NULL","1216"
"2013","NULL","1","2","personer","37","sysselsatte_kjonn_land","NULL","NULL","1216"
"2013","NULL","1","2","prosent","57.8","sysselsatte_kjonn_land","NULL","NULL","1216"
"2013","NULL","1","alle","personer","99","sysselsatte_kjonn_land","NULL","NULL","1216"
"2013","NULL","1","alle","prosent","64.7","sysselsatte_kjonn_land","NULL","NULL","1216"
"2013","NULL","alle","1","personer","187","sysselsatte_kjonn_land","NULL","NULL","1216"
"2013","NULL","alle","1","prosent","77.3","sysselsatte_kjonn_land","NULL","NULL","1216"
"2013","NULL","alle","2","personer","57","sysselsatte_kjonn_land","NULL","NULL","1216"
"2013","NULL","alle","2","prosent","53.3","sysselsatte_kjonn_land","NULL","NULL","1216"
"2013","NULL","alle","alle","personer","244","sysselsatte_kjonn_land","NULL","NULL","1216"
"2013","NULL","alle","alle","prosent","69.9","sysselsatte_kjonn_land","NULL","NULL","1216"
"2013","NULL","0","1","personer","240","sysselsatte_kjonn_land","NULL","NULL","1219"
"2013","NULL","0","1","prosent","85.7","sysselsatte_kjonn_land","NULL","NULL","1219"
"2013","NULL","0","2","personer","86","sysselsatte_kjonn_land","NULL","NULL","1219"
"2013","NULL","0","2","prosent","63.7","sysselsatte_kjonn_land","NULL","NULL","1219"
"2013","NULL","0","alle","personer","326","sysselsatte_kjonn_land","NULL","NULL","1219"
"2013","NULL","0","alle","prosent","78.6","sysselsatte_kjonn_land","NULL","NULL","1219"
"2013","NULL","1","1","personer","138","sysselsatte_kjonn_land","NULL","NULL","1219"
"2013","NULL","1","1","prosent","73.8","sysselsatte_kjonn_land","NULL","NULL","1219"
"2013","NULL","1","2","personer","90","sysselsatte_kjonn_land","NULL","NULL","1219"
"2013","NULL","1","2","prosent","44.6","sysselsatte_kjonn_land","NULL","NULL","1219"
"2013","NULL","1","alle","personer","228","sysselsatte_kjonn_land","NULL","NULL","1219"
"2013","NULL","1","alle","prosent","58.6","sysselsatte_kjonn_land","NULL","NULL","1219"
"2013","NULL","alle","1","personer","378","sysselsatte_kjonn_land","NULL","NULL","1219"
"2013","NULL","alle","1","prosent","80.9","sysselsatte_kjonn_land","NULL","NULL","1219"
"2013","NULL","alle","2","personer","176","sysselsatte_kjonn_land","NULL","NULL","1219"
"2013","NULL","alle","2","prosent","52.2","sysselsatte_kjonn_land","NULL","NULL","1219"
"2013","NULL","alle","alle","personer","554","sysselsatte_kjonn_land","NULL","NULL","1219"
"2013","NULL","alle","alle","prosent","68.9","sysselsatte_kjonn_land","NULL","NULL","1219"
"2013","NULL","0","1","personer","404","sysselsatte_kjonn_land","NULL","NULL","1221"
"2013","NULL","0","1","prosent","73.3","sysselsatte_kjonn_land","NULL","NULL","1221"
"2013","NULL","0","2","personer","203","sysselsatte_kjonn_land","NULL","NULL","1221"
"2013","NULL","0","2","prosent","72","sysselsatte_kjonn_land","NULL","NULL","1221"
"2013","NULL","0","alle","personer","607","sysselsatte_kjonn_land","NULL","NULL","1221"
"2013","NULL","0","alle","prosent","72.9","sysselsatte_kjonn_land","NULL","NULL","1221"
"2013","NULL","1","1","personer","160","sysselsatte_kjonn_land","NULL","NULL","1221"
"2013","NULL","1","1","prosent","67.8","sysselsatte_kjonn_land","NULL","NULL","1221"
"2013","NULL","1","2","personer","193","sysselsatte_kjonn_land","NULL","NULL","1221"
"2013","NULL","1","2","prosent","56.4","sysselsatte_kjonn_land","NULL","NULL","1221"
"2013","NULL","1","alle","personer","353","sysselsatte_kjonn_land","NULL","NULL","1221"
"2013","NULL","1","alle","prosent","61.1","sysselsatte_kjonn_land","NULL","NULL","1221"
"2013","NULL","alle","1","personer","564","sysselsatte_kjonn_land","NULL","NULL","1221"
"2013","NULL","alle","1","prosent","71.7","sysselsatte_kjonn_land","NULL","NULL","1221"
"2013","NULL","alle","2","personer","396","sysselsatte_kjonn_land","NULL","NULL","1221"
"2013","NULL","alle","2","prosent","63.5","sysselsatte_kjonn_land","NULL","NULL","1221"
"2013","NULL","alle","alle","personer","960","sysselsatte_kjonn_land","NULL","NULL","1221"
"2013","NULL","alle","alle","prosent","68","sysselsatte_kjonn_land","NULL","NULL","1221"
"2013","NULL","0","1","personer","62","sysselsatte_kjonn_land","NULL","NULL","1222"
"2013","NULL","0","1","prosent","89.9","sysselsatte_kjonn_land","NULL","NULL","1222"
"2013","NULL","0","2","personer","11","sysselsatte_kjonn_land","NULL","NULL","1222"
"2013","NULL","0","2","prosent","91.7","sysselsatte_kjonn_land","NULL","NULL","1222"
"2013","NULL","0","alle","personer","73","sysselsatte_kjonn_land","NULL","NULL","1222"
"2013","NULL","0","alle","prosent","90.1","sysselsatte_kjonn_land","NULL","NULL","1222"
"2013","NULL","1","1","personer","28","sysselsatte_kjonn_land","NULL","NULL","1222"
"2013","NULL","1","1","prosent","62.2","sysselsatte_kjonn_land","NULL","NULL","1222"
"2013","NULL","1","2","personer","10","sysselsatte_kjonn_land","NULL","NULL","1222"
"2013","NULL","1","2","prosent","52.6","sysselsatte_kjonn_land","NULL","NULL","1222"
"2013","NULL","1","alle","personer","38","sysselsatte_kjonn_land","NULL","NULL","1222"
"2013","NULL","1","alle","prosent","59.4","sysselsatte_kjonn_land","NULL","NULL","1222"
"2013","NULL","alle","1","personer","90","sysselsatte_kjonn_land","NULL","NULL","1222"
"2013","NULL","alle","1","prosent","78.9","sysselsatte_kjonn_land","NULL","NULL","1222"
"2013","NULL","alle","2","personer","21","sysselsatte_kjonn_land","NULL","NULL","1222"
"2013","NULL","alle","2","prosent","67.7","sysselsatte_kjonn_land","NULL","NULL","1222"
"2013","NULL","alle","alle","personer","111","sysselsatte_kjonn_land","NULL","NULL","1222"
"2013","NULL","alle","alle","prosent","76.6","sysselsatte_kjonn_land","NULL","NULL","1222"
"2013","NULL","0","1","personer","57","sysselsatte_kjonn_land","NULL","NULL","1223"
"2013","NULL","0","1","prosent","85.1","sysselsatte_kjonn_land","NULL","NULL","1223"
"2013","NULL","0","2","personer","7","sysselsatte_kjonn_land","NULL","NULL","1223"
"2013","NULL","0","2","prosent","100","sysselsatte_kjonn_land","NULL","NULL","1223"
"2013","NULL","0","alle","personer","64","sysselsatte_kjonn_land","NULL","NULL","1223"
"2013","NULL","0","alle","prosent","86.5","sysselsatte_kjonn_land","NULL","NULL","1223"
"2013","NULL","1","1","personer","38","sysselsatte_kjonn_land","NULL","NULL","1223"
"2013","NULL","1","1","prosent","62.3","sysselsatte_kjonn_land","NULL","NULL","1223"
"2013","NULL","1","2","personer","19","sysselsatte_kjonn_land","NULL","NULL","1223"
"2013","NULL","1","2","prosent","67.9","sysselsatte_kjonn_land","NULL","NULL","1223"
"2013","NULL","1","alle","personer","57","sysselsatte_kjonn_land","NULL","NULL","1223"
"2013","NULL","1","alle","prosent","64","sysselsatte_kjonn_land","NULL","NULL","1223"
"2013","NULL","alle","1","personer","95","sysselsatte_kjonn_land","NULL","NULL","1223"
"2013","NULL","alle","1","prosent","74.2","sysselsatte_kjonn_land","NULL","NULL","1223"
"2013","NULL","alle","2","personer","26","sysselsatte_kjonn_land","NULL","NULL","1223"
"2013","NULL","alle","2","prosent","74.3","sysselsatte_kjonn_land","NULL","NULL","1223"
"2013","NULL","alle","alle","personer","121","sysselsatte_kjonn_land","NULL","NULL","1223"
"2013","NULL","alle","alle","prosent","74.2","sysselsatte_kjonn_land","NULL","NULL","1223"
"2013","NULL","0","1","personer","183","sysselsatte_kjonn_land","NULL","NULL","1224"
"2013","NULL","0","1","prosent","80.3","sysselsatte_kjonn_land","NULL","NULL","1224"
"2013","NULL","0","2","personer","57","sysselsatte_kjonn_land","NULL","NULL","1224"
"2013","NULL","0","2","prosent","61.3","sysselsatte_kjonn_land","NULL","NULL","1224"
"2013","NULL","0","alle","personer","240","sysselsatte_kjonn_land","NULL","NULL","1224"
"2013","NULL","0","alle","prosent","74.8","sysselsatte_kjonn_land","NULL","NULL","1224"
"2013","NULL","1","1","personer","105","sysselsatte_kjonn_land","NULL","NULL","1224"
"2013","NULL","1","1","prosent","65.2","sysselsatte_kjonn_land","NULL","NULL","1224"
"2013","NULL","1","2","personer","106","sysselsatte_kjonn_land","NULL","NULL","1224"
"2013","NULL","1","2","prosent","60.2","sysselsatte_kjonn_land","NULL","NULL","1224"
"2013","NULL","1","alle","personer","211","sysselsatte_kjonn_land","NULL","NULL","1224"
"2013","NULL","1","alle","prosent","62.6","sysselsatte_kjonn_land","NULL","NULL","1224"
"2013","NULL","alle","1","personer","288","sysselsatte_kjonn_land","NULL","NULL","1224"
"2013","NULL","alle","1","prosent","74","sysselsatte_kjonn_land","NULL","NULL","1224"
"2013","NULL","alle","2","personer","163","sysselsatte_kjonn_land","NULL","NULL","1224"
"2013","NULL","alle","2","prosent","60.6","sysselsatte_kjonn_land","NULL","NULL","1224"
"2013","NULL","alle","alle","personer","451","sysselsatte_kjonn_land","NULL","NULL","1224"
"2013","NULL","alle","alle","prosent","68.5","sysselsatte_kjonn_land","NULL","NULL","1224"
"2013","NULL","0","1","personer","18","sysselsatte_kjonn_land","NULL","NULL","1227"
"2013","NULL","0","1","prosent","78.3","sysselsatte_kjonn_land","NULL","NULL","1227"
"2013","NULL","0","2","personer","4","sysselsatte_kjonn_land","NULL","NULL","1227"
"2013","NULL","0","2","prosent","57.1","sysselsatte_kjonn_land","NULL","NULL","1227"
"2013","NULL","0","alle","personer","22","sysselsatte_kjonn_land","NULL","NULL","1227"
"2013","NULL","0","alle","prosent","73.3","sysselsatte_kjonn_land","NULL","NULL","1227"
"2013","NULL","1","1","personer","10","sysselsatte_kjonn_land","NULL","NULL","1227"
"2013","NULL","1","1","prosent","62.5","sysselsatte_kjonn_land","NULL","NULL","1227"
"2013","NULL","1","2","personer","7","sysselsatte_kjonn_land","NULL","NULL","1227"
"2013","NULL","1","2","prosent","87.5","sysselsatte_kjonn_land","NULL","NULL","1227"
"2013","NULL","1","alle","personer","17","sysselsatte_kjonn_land","NULL","NULL","1227"
"2013","NULL","1","alle","prosent","70.8","sysselsatte_kjonn_land","NULL","NULL","1227"
"2013","NULL","alle","1","personer","28","sysselsatte_kjonn_land","NULL","NULL","1227"
"2013","NULL","alle","1","prosent","71.8","sysselsatte_kjonn_land","NULL","NULL","1227"
"2013","NULL","alle","2","personer","11","sysselsatte_kjonn_land","NULL","NULL","1227"
"2013","NULL","alle","2","prosent","73.3","sysselsatte_kjonn_land","NULL","NULL","1227"
"2013","NULL","alle","alle","personer","39","sysselsatte_kjonn_land","NULL","NULL","1227"
"2013","NULL","alle","alle","prosent","72.2","sysselsatte_kjonn_land","NULL","NULL","1227"
"2013","NULL","0","1","personer","114","sysselsatte_kjonn_land","NULL","NULL","1228"
"2013","NULL","0","1","prosent","85.1","sysselsatte_kjonn_land","NULL","NULL","1228"
"2013","NULL","0","2","personer","48","sysselsatte_kjonn_land","NULL","NULL","1228"
"2013","NULL","0","2","prosent","54.5","sysselsatte_kjonn_land","NULL","NULL","1228"
"2013","NULL","0","alle","personer","162","sysselsatte_kjonn_land","NULL","NULL","1228"
"2013","NULL","0","alle","prosent","73","sysselsatte_kjonn_land","NULL","NULL","1228"
"2013","NULL","1","1","personer","100","sysselsatte_kjonn_land","NULL","NULL","1228"
"2013","NULL","1","1","prosent","83.3","sysselsatte_kjonn_land","NULL","NULL","1228"
"2013","NULL","1","2","personer","90","sysselsatte_kjonn_land","NULL","NULL","1228"
"2013","NULL","1","2","prosent","66.2","sysselsatte_kjonn_land","NULL","NULL","1228"
"2013","NULL","1","alle","personer","190","sysselsatte_kjonn_land","NULL","NULL","1228"
"2013","NULL","1","alle","prosent","74.2","sysselsatte_kjonn_land","NULL","NULL","1228"
"2013","NULL","alle","1","personer","214","sysselsatte_kjonn_land","NULL","NULL","1228"
"2013","NULL","alle","1","prosent","84.3","sysselsatte_kjonn_land","NULL","NULL","1228"
"2013","NULL","alle","2","personer","138","sysselsatte_kjonn_land","NULL","NULL","1228"
"2013","NULL","alle","2","prosent","61.6","sysselsatte_kjonn_land","NULL","NULL","1228"
"2013","NULL","alle","alle","personer","352","sysselsatte_kjonn_land","NULL","NULL","1228"
"2013","NULL","alle","alle","prosent","73.6","sysselsatte_kjonn_land","NULL","NULL","1228"
"2013","NULL","0","1","personer","52","sysselsatte_kjonn_land","NULL","NULL","1231"
"2013","NULL","0","1","prosent","83.9","sysselsatte_kjonn_land","NULL","NULL","1231"
"2013","NULL","0","2","personer","20","sysselsatte_kjonn_land","NULL","NULL","1231"
"2013","NULL","0","2","prosent","41.7","sysselsatte_kjonn_land","NULL","NULL","1231"
"2013","NULL","0","alle","personer","72","sysselsatte_kjonn_land","NULL","NULL","1231"
"2013","NULL","0","alle","prosent","65.5","sysselsatte_kjonn_land","NULL","NULL","1231"
"2013","NULL","1","1","personer","50","sysselsatte_kjonn_land","NULL","NULL","1231"
"2013","NULL","1","1","prosent","84.7","sysselsatte_kjonn_land","NULL","NULL","1231"
"2013","NULL","1","2","personer","33","sysselsatte_kjonn_land","NULL","NULL","1231"
"2013","NULL","1","2","prosent","60","sysselsatte_kjonn_land","NULL","NULL","1231"
"2013","NULL","1","alle","personer","83","sysselsatte_kjonn_land","NULL","NULL","1231"
"2013","NULL","1","alle","prosent","72.8","sysselsatte_kjonn_land","NULL","NULL","1231"
"2013","NULL","alle","1","personer","102","sysselsatte_kjonn_land","NULL","NULL","1231"
"2013","NULL","alle","1","prosent","84.3","sysselsatte_kjonn_land","NULL","NULL","1231"
"2013","NULL","alle","2","personer","53","sysselsatte_kjonn_land","NULL","NULL","1231"
"2013","NULL","alle","2","prosent","51.5","sysselsatte_kjonn_land","NULL","NULL","1231"
"2013","NULL","alle","alle","personer","155","sysselsatte_kjonn_land","NULL","NULL","1231"
"2013","NULL","alle","alle","prosent","69.2","sysselsatte_kjonn_land","NULL","NULL","1231"
"2013","NULL","0","1","personer",":","sysselsatte_kjonn_land","NULL","NULL","1232"
"2013","NULL","0","1","prosent",":","sysselsatte_kjonn_land","NULL","NULL","1232"
"2013","NULL","0","2","personer",":","sysselsatte_kjonn_land","NULL","NULL","1232"
"2013","NULL","0","2","prosent",":","sysselsatte_kjonn_land","NULL","NULL","1232"
"2013","NULL","0","alle","personer","23","sysselsatte_kjonn_land","NULL","NULL","1232"
"2013","NULL","0","alle","prosent","67.6","sysselsatte_kjonn_land","NULL","NULL","1232"
"2013","NULL","1","1","personer","18","sysselsatte_kjonn_land","NULL","NULL","1232"
"2013","NULL","1","1","prosent","81.8","sysselsatte_kjonn_land","NULL","NULL","1232"
"2013","NULL","1","2","personer","7","sysselsatte_kjonn_land","NULL","NULL","1232"
"2013","NULL","1","2","prosent","58.3","sysselsatte_kjonn_land","NULL","NULL","1232"
"2013","NULL","1","alle","personer","25","sysselsatte_kjonn_land","NULL","NULL","1232"
"2013","NULL","1","alle","prosent","73.5","sysselsatte_kjonn_land","NULL","NULL","1232"
"2013","NULL","alle","1","personer","38","sysselsatte_kjonn_land","NULL","NULL","1232"
"2013","NULL","alle","1","prosent","76","sysselsatte_kjonn_land","NULL","NULL","1232"
"2013","NULL","alle","2","personer","10","sysselsatte_kjonn_land","NULL","NULL","1232"
"2013","NULL","alle","2","prosent","55.6","sysselsatte_kjonn_land","NULL","NULL","1232"
"2013","NULL","alle","alle","personer","48","sysselsatte_kjonn_land","NULL","NULL","1232"
"2013","NULL","alle","alle","prosent","70.6","sysselsatte_kjonn_land","NULL","NULL","1232"
"2013","NULL","0","1","personer","27","sysselsatte_kjonn_land","NULL","NULL","1233"
"2013","NULL","0","1","prosent","77.1","sysselsatte_kjonn_land","NULL","NULL","1233"
"2013","NULL","0","2","personer","8","sysselsatte_kjonn_land","NULL","NULL","1233"
"2013","NULL","0","2","prosent","72.7","sysselsatte_kjonn_land","NULL","NULL","1233"
"2013","NULL","0","alle","personer","35","sysselsatte_kjonn_land","NULL","NULL","1233"
"2013","NULL","0","alle","prosent","76.1","sysselsatte_kjonn_land","NULL","NULL","1233"
"2013","NULL","1","1","personer","25","sysselsatte_kjonn_land","NULL","NULL","1233"
"2013","NULL","1","1","prosent","83.3","sysselsatte_kjonn_land","NULL","NULL","1233"
"2013","NULL","1","2","personer","8","sysselsatte_kjonn_land","NULL","NULL","1233"
"2013","NULL","1","2","prosent","66.7","sysselsatte_kjonn_land","NULL","NULL","1233"
"2013","NULL","1","alle","personer","33","sysselsatte_kjonn_land","NULL","NULL","1233"
"2013","NULL","1","alle","prosent","78.6","sysselsatte_kjonn_land","NULL","NULL","1233"
"2013","NULL","alle","1","personer","52","sysselsatte_kjonn_land","NULL","NULL","1233"
"2013","NULL","alle","1","prosent","80","sysselsatte_kjonn_land","NULL","NULL","1233"
"2013","NULL","alle","2","personer","16","sysselsatte_kjonn_land","NULL","NULL","1233"
"2013","NULL","alle","2","prosent","69.6","sysselsatte_kjonn_land","NULL","NULL","1233"
"2013","NULL","alle","alle","personer","68","sysselsatte_kjonn_land","NULL","NULL","1233"
"2013","NULL","alle","alle","prosent","77.3","sysselsatte_kjonn_land","NULL","NULL","1233"
"2013","NULL","0","1","personer",":","sysselsatte_kjonn_land","NULL","NULL","1234"
"2013","NULL","0","1","prosent",":","sysselsatte_kjonn_land","NULL","NULL","1234"
"2013","NULL","0","2","personer",":","sysselsatte_kjonn_land","NULL","NULL","1234"
"2013","NULL","0","2","prosent",":","sysselsatte_kjonn_land","NULL","NULL","1234"
"2013","NULL","0","alle","personer","16","sysselsatte_kjonn_land","NULL","NULL","1234"
"2013","NULL","0","alle","prosent","69.6","sysselsatte_kjonn_land","NULL","NULL","1234"
"2013","NULL","1","1","personer",":","sysselsatte_kjonn_land","NULL","NULL","1234"
"2013","NULL","1","1","prosent",":","sysselsatte_kjonn_land","NULL","NULL","1234"
"2013","NULL","1","2","personer",":","sysselsatte_kjonn_land","NULL","NULL","1234"
"2013","NULL","1","2","prosent",":","sysselsatte_kjonn_land","NULL","NULL","1234"
"2013","NULL","1","alle","personer","18","sysselsatte_kjonn_land","NULL","NULL","1234"
"2013","NULL","1","alle","prosent","81.8","sysselsatte_kjonn_land","NULL","NULL","1234"
"2013","NULL","alle","1","personer",":","sysselsatte_kjonn_land","NULL","NULL","1234"
"2013","NULL","alle","1","prosent",":","sysselsatte_kjonn_land","NULL","NULL","1234"
"2013","NULL","alle","2","personer",":","sysselsatte_kjonn_land","NULL","NULL","1234"
"2013","NULL","alle","2","prosent",":","sysselsatte_kjonn_land","NULL","NULL","1234"
"2013","NULL","alle","alle","personer","34","sysselsatte_kjonn_land","NULL","NULL","1234"
"2013","NULL","alle","alle","prosent","75.6","sysselsatte_kjonn_land","NULL","NULL","1234"
"2013","NULL","0","1","personer","205","sysselsatte_kjonn_land","NULL","NULL","1235"
"2013","NULL","0","1","prosent","81","sysselsatte_kjonn_land","NULL","NULL","1235"
"2013","NULL","0","2","personer","69","sysselsatte_kjonn_land","NULL","NULL","1235"
"2013","NULL","0","2","prosent","46.3","sysselsatte_kjonn_land","NULL","NULL","1235"
"2013","NULL","0","alle","personer","274","sysselsatte_kjonn_land","NULL","NULL","1235"
"2013","NULL","0","alle","prosent","68.2","sysselsatte_kjonn_land","NULL","NULL","1235"
"2013","NULL","1","1","personer","124","sysselsatte_kjonn_land","NULL","NULL","1235"
"2013","NULL","1","1","prosent","79","sysselsatte_kjonn_land","NULL","NULL","1235"
"2013","NULL","1","2","personer","83","sysselsatte_kjonn_land","NULL","NULL","1235"
"2013","NULL","1","2","prosent","51.6","sysselsatte_kjonn_land","NULL","NULL","1235"
"2013","NULL","1","alle","personer","207","sysselsatte_kjonn_land","NULL","NULL","1235"
"2013","NULL","1","alle","prosent","65.1","sysselsatte_kjonn_land","NULL","NULL","1235"
"2013","NULL","alle","1","personer","329","sysselsatte_kjonn_land","NULL","NULL","1235"
"2013","NULL","alle","1","prosent","80.2","sysselsatte_kjonn_land","NULL","NULL","1235"
"2013","NULL","alle","2","personer","152","sysselsatte_kjonn_land","NULL","NULL","1235"
"2013","NULL","alle","2","prosent","49","sysselsatte_kjonn_land","NULL","NULL","1235"
"2013","NULL","alle","alle","personer","481","sysselsatte_kjonn_land","NULL","NULL","1235"
"2013","NULL","alle","alle","prosent","66.8","sysselsatte_kjonn_land","NULL","NULL","1235"
"2013","NULL","0","1","personer","205","sysselsatte_kjonn_land","NULL","NULL","1238"
"2013","NULL","0","1","prosent","73.7","sysselsatte_kjonn_land","NULL","NULL","1238"
"2013","NULL","0","2","personer","54","sysselsatte_kjonn_land","NULL","NULL","1238"
"2013","NULL","0","2","prosent","49.5","sysselsatte_kjonn_land","NULL","NULL","1238"
"2013","NULL","0","alle","personer","259","sysselsatte_kjonn_land","NULL","NULL","1238"
"2013","NULL","0","alle","prosent","66.9","sysselsatte_kjonn_land","NULL","NULL","1238"
"2013","NULL","1","1","personer","98","sysselsatte_kjonn_land","NULL","NULL","1238"
"2013","NULL","1","1","prosent","71","sysselsatte_kjonn_land","NULL","NULL","1238"
"2013","NULL","1","2","personer","76","sysselsatte_kjonn_land","NULL","NULL","1238"
"2013","NULL","1","2","prosent","57.1","sysselsatte_kjonn_land","NULL","NULL","1238"
"2013","NULL","1","alle","personer","174","sysselsatte_kjonn_land","NULL","NULL","1238"
"2013","NULL","1","alle","prosent","64.2","sysselsatte_kjonn_land","NULL","NULL","1238"
"2013","NULL","alle","1","personer","303","sysselsatte_kjonn_land","NULL","NULL","1238"
"2013","NULL","alle","1","prosent","72.8","sysselsatte_kjonn_land","NULL","NULL","1238"
"2013","NULL","alle","2","personer","130","sysselsatte_kjonn_land","NULL","NULL","1238"
"2013","NULL","alle","2","prosent","53.7","sysselsatte_kjonn_land","NULL","NULL","1238"
"2013","NULL","alle","alle","personer","433","sysselsatte_kjonn_land","NULL","NULL","1238"
"2013","NULL","alle","alle","prosent","65.8","sysselsatte_kjonn_land","NULL","NULL","1238"
"2013","NULL","0","1","personer","79","sysselsatte_kjonn_land","NULL","NULL","1241"
"2013","NULL","0","1","prosent","80.6","sysselsatte_kjonn_land","NULL","NULL","1241"
"2013","NULL","0","2","personer","4","sysselsatte_kjonn_land","NULL","NULL","1241"
"2013","NULL","0","2","prosent","66.7","sysselsatte_kjonn_land","NULL","NULL","1241"
"2013","NULL","0","alle","personer","83","sysselsatte_kjonn_land","NULL","NULL","1241"
"2013","NULL","0","alle","prosent","79.8","sysselsatte_kjonn_land","NULL","NULL","1241"
"2013","NULL","1","1","personer","36","sysselsatte_kjonn_land","NULL","NULL","1241"
"2013","NULL","1","1","prosent","66.7","sysselsatte_kjonn_land","NULL","NULL","1241"
"2013","NULL","1","2","personer","28","sysselsatte_kjonn_land","NULL","NULL","1241"
"2013","NULL","1","2","prosent","70","sysselsatte_kjonn_land","NULL","NULL","1241"
"2013","NULL","1","alle","personer","64","sysselsatte_kjonn_land","NULL","NULL","1241"
"2013","NULL","1","alle","prosent","68.1","sysselsatte_kjonn_land","NULL","NULL","1241"
"2013","NULL","alle","1","personer","115","sysselsatte_kjonn_land","NULL","NULL","1241"
"2013","NULL","alle","1","prosent","75.7","sysselsatte_kjonn_land","NULL","NULL","1241"
"2013","NULL","alle","2","personer","32","sysselsatte_kjonn_land","NULL","NULL","1241"
"2013","NULL","alle","2","prosent","69.6","sysselsatte_kjonn_land","NULL","NULL","1241"
"2013","NULL","alle","alle","personer","147","sysselsatte_kjonn_land","NULL","NULL","1241"
"2013","NULL","alle","alle","prosent","74.2","sysselsatte_kjonn_land","NULL","NULL","1241"
"2013","NULL","0","1","personer","33","sysselsatte_kjonn_land","NULL","NULL","1242"
"2013","NULL","0","1","prosent","94.3","sysselsatte_kjonn_land","NULL","NULL","1242"
"2013","NULL","0","2","personer","12","sysselsatte_kjonn_land","NULL","NULL","1242"
"2013","NULL","0","2","prosent","63.2","sysselsatte_kjonn_land","NULL","NULL","1242"
"2013","NULL","0","alle","personer","45","sysselsatte_kjonn_land","NULL","NULL","1242"
"2013","NULL","0","alle","prosent","83.3","sysselsatte_kjonn_land","NULL","NULL","1242"
"2013","NULL","1","1","personer","18","sysselsatte_kjonn_land","NULL","NULL","1242"
"2013","NULL","1","1","prosent","60","sysselsatte_kjonn_land","NULL","NULL","1242"
"2013","NULL","1","2","personer","19","sysselsatte_kjonn_land","NULL","NULL","1242"
"2013","NULL","1","2","prosent","54.3","sysselsatte_kjonn_land","NULL","NULL","1242"
"2013","NULL","1","alle","personer","37","sysselsatte_kjonn_land","NULL","NULL","1242"
"2013","NULL","1","alle","prosent","56.9","sysselsatte_kjonn_land","NULL","NULL","1242"
"2013","NULL","alle","1","personer","51","sysselsatte_kjonn_land","NULL","NULL","1242"
"2013","NULL","alle","1","prosent","78.5","sysselsatte_kjonn_land","NULL","NULL","1242"
"2013","NULL","alle","2","personer","31","sysselsatte_kjonn_land","NULL","NULL","1242"
"2013","NULL","alle","2","prosent","57.4","sysselsatte_kjonn_land","NULL","NULL","1242"
"2013","NULL","alle","alle","personer","82","sysselsatte_kjonn_land","NULL","NULL","1242"
"2013","NULL","alle","alle","prosent","68.9","sysselsatte_kjonn_land","NULL","NULL","1242"
"2013","NULL","0","1","personer","520","sysselsatte_kjonn_land","NULL","NULL","1243"
"2013","NULL","0","1","prosent","81.8","sysselsatte_kjonn_land","NULL","NULL","1243"
"2013","NULL","0","2","personer","98","sysselsatte_kjonn_land","NULL","NULL","1243"
"2013","NULL","0","2","prosent","68.1","sysselsatte_kjonn_land","NULL","NULL","1243"
"2013","NULL","0","alle","personer","618","sysselsatte_kjonn_land","NULL","NULL","1243"
"2013","NULL","0","alle","prosent","79.2","sysselsatte_kjonn_land","NULL","NULL","1243"
"2013","NULL","1","1","personer","251","sysselsatte_kjonn_land","NULL","NULL","1243"
"2013","NULL","1","1","prosent","66.1","sysselsatte_kjonn_land","NULL","NULL","1243"
"2013","NULL","1","2","personer","167","sysselsatte_kjonn_land","NULL","NULL","1243"
"2013","NULL","1","2","prosent","58.8","sysselsatte_kjonn_land","NULL","NULL","1243"
"2013","NULL","1","alle","personer","418","sysselsatte_kjonn_land","NULL","NULL","1243"
"2013","NULL","1","alle","prosent","63","sysselsatte_kjonn_land","NULL","NULL","1243"
"2013","NULL","alle","1","personer","771","sysselsatte_kjonn_land","NULL","NULL","1243"
"2013","NULL","alle","1","prosent","75.9","sysselsatte_kjonn_land","NULL","NULL","1243"
"2013","NULL","alle","2","personer","265","sysselsatte_kjonn_land","NULL","NULL","1243"
"2013","NULL","alle","2","prosent","61.9","sysselsatte_kjonn_land","NULL","NULL","1243"
"2013","NULL","alle","alle","personer","1036","sysselsatte_kjonn_land","NULL","NULL","1243"
"2013","NULL","alle","alle","prosent","71.7","sysselsatte_kjonn_land","NULL","NULL","1243"
"2013","NULL","0","1","personer","190","sysselsatte_kjonn_land","NULL","NULL","1244"
"2013","NULL","0","1","prosent","82.6","sysselsatte_kjonn_land","NULL","NULL","1244"
"2013","NULL","0","2","personer","11","sysselsatte_kjonn_land","NULL","NULL","1244"
"2013","NULL","0","2","prosent","61.1","sysselsatte_kjonn_land","NULL","NULL","1244"
"2013","NULL","0","alle","personer","201","sysselsatte_kjonn_land","NULL","NULL","1244"
"2013","NULL","0","alle","prosent","81","sysselsatte_kjonn_land","NULL","NULL","1244"
"2013","NULL","1","1","personer","111","sysselsatte_kjonn_land","NULL","NULL","1244"
"2013","NULL","1","1","prosent","77.6","sysselsatte_kjonn_land","NULL","NULL","1244"
"2013","NULL","1","2","personer","32","sysselsatte_kjonn_land","NULL","NULL","1244"
"2013","NULL","1","2","prosent","72.7","sysselsatte_kjonn_land","NULL","NULL","1244"
"2013","NULL","1","alle","personer","143","sysselsatte_kjonn_land","NULL","NULL","1244"
"2013","NULL","1","alle","prosent","76.5","sysselsatte_kjonn_land","NULL","NULL","1244"
"2013","NULL","alle","1","personer","301","sysselsatte_kjonn_land","NULL","NULL","1244"
"2013","NULL","alle","1","prosent","80.7","sysselsatte_kjonn_land","NULL","NULL","1244"
"2013","NULL","alle","2","personer","43","sysselsatte_kjonn_land","NULL","NULL","1244"
"2013","NULL","alle","2","prosent","69.4","sysselsatte_kjonn_land","NULL","NULL","1244"
"2013","NULL","alle","alle","personer","344","sysselsatte_kjonn_land","NULL","NULL","1244"
"2013","NULL","alle","alle","prosent","79.1","sysselsatte_kjonn_land","NULL","NULL","1244"
"2013","NULL","0","1","personer","152","sysselsatte_kjonn_land","NULL","NULL","1245"
"2013","NULL","0","1","prosent","80.4","sysselsatte_kjonn_land","NULL","NULL","1245"
"2013","NULL","0","2","personer","53","sysselsatte_kjonn_land","NULL","NULL","1245"
"2013","NULL","0","2","prosent","62.4","sysselsatte_kjonn_land","NULL","NULL","1245"
"2013","NULL","0","alle","personer","205","sysselsatte_kjonn_land","NULL","NULL","1245"
"2013","NULL","0","alle","prosent","74.8","sysselsatte_kjonn_land","NULL","NULL","1245"
"2013","NULL","1","1","personer","95","sysselsatte_kjonn_land","NULL","NULL","1245"
"2013","NULL","1","1","prosent","81.2","sysselsatte_kjonn_land","NULL","NULL","1245"
"2013","NULL","1","2","personer","58","sysselsatte_kjonn_land","NULL","NULL","1245"
"2013","NULL","1","2","prosent","53.2","sysselsatte_kjonn_land","NULL","NULL","1245"
"2013","NULL","1","alle","personer","153","sysselsatte_kjonn_land","NULL","NULL","1245"
"2013","NULL","1","alle","prosent","67.7","sysselsatte_kjonn_land","NULL","NULL","1245"
"2013","NULL","alle","1","personer","247","sysselsatte_kjonn_land","NULL","NULL","1245"
"2013","NULL","alle","1","prosent","80.7","sysselsatte_kjonn_land","NULL","NULL","1245"
"2013","NULL","alle","2","personer","111","sysselsatte_kjonn_land","NULL","NULL","1245"
"2013","NULL","alle","2","prosent","57.2","sysselsatte_kjonn_land","NULL","NULL","1245"
"2013","NULL","alle","alle","personer","358","sysselsatte_kjonn_land","NULL","NULL","1245"
"2013","NULL","alle","alle","prosent","71.6","sysselsatte_kjonn_land","NULL","NULL","1245"
"2013","NULL","0","1","personer","502","sysselsatte_kjonn_land","NULL","NULL","1246"
"2013","NULL","0","1","prosent","83.1","sysselsatte_kjonn_land","NULL","NULL","1246"
"2013","NULL","0","2","personer","159","sysselsatte_kjonn_land","NULL","NULL","1246"
"2013","NULL","0","2","prosent","70.7","sysselsatte_kjonn_land","NULL","NULL","1246"
"2013","NULL","0","alle","personer","661","sysselsatte_kjonn_land","NULL","NULL","1246"
"2013","NULL","0","alle","prosent","79.7","sysselsatte_kjonn_land","NULL","NULL","1246"
"2013","NULL","1","1","personer","255","sysselsatte_kjonn_land","NULL","NULL","1246"
"2013","NULL","1","1","prosent","70.4","sysselsatte_kjonn_land","NULL","NULL","1246"
"2013","NULL","1","2","personer","211","sysselsatte_kjonn_land","NULL","NULL","1246"
"2013","NULL","1","2","prosent","59.3","sysselsatte_kjonn_land","NULL","NULL","1246"
"2013","NULL","1","alle","personer","466","sysselsatte_kjonn_land","NULL","NULL","1246"
"2013","NULL","1","alle","prosent","64.9","sysselsatte_kjonn_land","NULL","NULL","1246"
"2013","NULL","alle","1","personer","757","sysselsatte_kjonn_land","NULL","NULL","1246"
"2013","NULL","alle","1","prosent","78.4","sysselsatte_kjonn_land","NULL","NULL","1246"
"2013","NULL","alle","2","personer","370","sysselsatte_kjonn_land","NULL","NULL","1246"
"2013","NULL","alle","2","prosent","63.7","sysselsatte_kjonn_land","NULL","NULL","1246"
"2013","NULL","alle","alle","personer","1127","sysselsatte_kjonn_land","NULL","NULL","1246"
"2013","NULL","alle","alle","prosent","72.9","sysselsatte_kjonn_land","NULL","NULL","1246"
"2013","NULL","0","1","personer","530","sysselsatte_kjonn_land","NULL","NULL","1247"
"2013","NULL","0","1","prosent","79.9","sysselsatte_kjonn_land","NULL","NULL","1247"
"2013","NULL","0","2","personer","144","sysselsatte_kjonn_land","NULL","NULL","1247"
"2013","NULL","0","2","prosent","63.2","sysselsatte_kjonn_land","NULL","NULL","1247"
"2013","NULL","0","alle","personer","674","sysselsatte_kjonn_land","NULL","NULL","1247"
"2013","NULL","0","alle","prosent","75.6","sysselsatte_kjonn_land","NULL","NULL","1247"
"2013","NULL","1","1","personer","250","sysselsatte_kjonn_land","NULL","NULL","1247"
"2013","NULL","1","1","prosent","70.4","sysselsatte_kjonn_land","NULL","NULL","1247"
"2013","NULL","1","2","personer","221","sysselsatte_kjonn_land","NULL","NULL","1247"
"2013","NULL","1","2","prosent","58.2","sysselsatte_kjonn_land","NULL","NULL","1247"
"2013","NULL","1","alle","personer","471","sysselsatte_kjonn_land","NULL","NULL","1247"
"2013","NULL","1","alle","prosent","64.1","sysselsatte_kjonn_land","NULL","NULL","1247"
"2013","NULL","alle","1","personer","780","sysselsatte_kjonn_land","NULL","NULL","1247"
"2013","NULL","alle","1","prosent","76.6","sysselsatte_kjonn_land","NULL","NULL","1247"
"2013","NULL","alle","2","personer","365","sysselsatte_kjonn_land","NULL","NULL","1247"
"2013","NULL","alle","2","prosent","60","sysselsatte_kjonn_land","NULL","NULL","1247"
"2013","NULL","alle","alle","personer","1145","sysselsatte_kjonn_land","NULL","NULL","1247"
"2013","NULL","alle","alle","prosent","70.4","sysselsatte_kjonn_land","NULL","NULL","1247"
"2013","NULL","0","1","personer","57","sysselsatte_kjonn_land","NULL","NULL","1251"
"2013","NULL","0","1","prosent","78.1","sysselsatte_kjonn_land","NULL","NULL","1251"
"2013","NULL","0","2","personer","16","sysselsatte_kjonn_land","NULL","NULL","1251"
"2013","NULL","0","2","prosent","40","sysselsatte_kjonn_land","NULL","NULL","1251"
"2013","NULL","0","alle","personer","73","sysselsatte_kjonn_land","NULL","NULL","1251"
"2013","NULL","0","alle","prosent","64.6","sysselsatte_kjonn_land","NULL","NULL","1251"
"2013","NULL","1","1","personer","35","sysselsatte_kjonn_land","NULL","NULL","1251"
"2013","NULL","1","1","prosent","71.4","sysselsatte_kjonn_land","NULL","NULL","1251"
"2013","NULL","1","2","personer","35","sysselsatte_kjonn_land","NULL","NULL","1251"
"2013","NULL","1","2","prosent","67.3","sysselsatte_kjonn_land","NULL","NULL","1251"
"2013","NULL","1","alle","personer","70","sysselsatte_kjonn_land","NULL","NULL","1251"
"2013","NULL","1","alle","prosent","69.3","sysselsatte_kjonn_land","NULL","NULL","1251"
"2013","NULL","alle","1","personer","92","sysselsatte_kjonn_land","NULL","NULL","1251"
"2013","NULL","alle","1","prosent","75.4","sysselsatte_kjonn_land","NULL","NULL","1251"
"2013","NULL","alle","2","personer","51","sysselsatte_kjonn_land","NULL","NULL","1251"
"2013","NULL","alle","2","prosent","55.4","sysselsatte_kjonn_land","NULL","NULL","1251"
"2013","NULL","alle","alle","personer","143","sysselsatte_kjonn_land","NULL","NULL","1251"
"2013","NULL","alle","alle","prosent","66.8","sysselsatte_kjonn_land","NULL","NULL","1251"
"2013","NULL","0","1","personer",":","sysselsatte_kjonn_land","NULL","NULL","1252"
"2013","NULL","0","1","prosent",":","sysselsatte_kjonn_land","NULL","NULL","1252"
"2013","NULL","0","2","personer",":","sysselsatte_kjonn_land","NULL","NULL","1252"
"2013","NULL","0","2","prosent",":","sysselsatte_kjonn_land","NULL","NULL","1252"
"2013","NULL","0","alle","personer","6","sysselsatte_kjonn_land","NULL","NULL","1252"
"2013","NULL","0","alle","prosent","75","sysselsatte_kjonn_land","NULL","NULL","1252"
"2013","NULL","1","1","personer",":","sysselsatte_kjonn_land","NULL","NULL","1252"
"2013","NULL","1","1","prosent",":","sysselsatte_kjonn_land","NULL","NULL","1252"
"2013","NULL","1","2","personer",":","sysselsatte_kjonn_land","NULL","NULL","1252"
"2013","NULL","1","2","prosent",":","sysselsatte_kjonn_land","NULL","NULL","1252"
"2013","NULL","1","alle","personer","9","sysselsatte_kjonn_land","NULL","NULL","1252"
"2013","NULL","1","alle","prosent","90","sysselsatte_kjonn_land","NULL","NULL","1252"
"2013","NULL","alle","1","personer","11","sysselsatte_kjonn_land","NULL","NULL","1252"
"2013","NULL","alle","1","prosent","78.6","sysselsatte_kjonn_land","NULL","NULL","1252"
"2013","NULL","alle","2","personer","4","sysselsatte_kjonn_land","NULL","NULL","1252"
"2013","NULL","alle","2","prosent","100","sysselsatte_kjonn_land","NULL","NULL","1252"
"2013","NULL","alle","alle","personer","15","sysselsatte_kjonn_land","NULL","NULL","1252"
"2013","NULL","alle","alle","prosent","83.3","sysselsatte_kjonn_land","NULL","NULL","1252"
"2013","NULL","0","1","personer","190","sysselsatte_kjonn_land","NULL","NULL","1253"
"2013","NULL","0","1","prosent","82.3","sysselsatte_kjonn_land","NULL","NULL","1253"
"2013","NULL","0","2","personer","20","sysselsatte_kjonn_land","NULL","NULL","1253"
"2013","NULL","0","2","prosent","83.3","sysselsatte_kjonn_land","NULL","NULL","1253"
"2013","NULL","0","alle","personer","210","sysselsatte_kjonn_land","NULL","NULL","1253"
"2013","NULL","0","alle","prosent","82.4","sysselsatte_kjonn_land","NULL","NULL","1253"
"2013","NULL","1","1","personer","84","sysselsatte_kjonn_land","NULL","NULL","1253"
"2013","NULL","1","1","prosent","60.9","sysselsatte_kjonn_land","NULL","NULL","1253"
"2013","NULL","1","2","personer","39","sysselsatte_kjonn_land","NULL","NULL","1253"
"2013","NULL","1","2","prosent","54.2","sysselsatte_kjonn_land","NULL","NULL","1253"
"2013","NULL","1","alle","personer","123","sysselsatte_kjonn_land","NULL","NULL","1253"
"2013","NULL","1","alle","prosent","58.6","sysselsatte_kjonn_land","NULL","NULL","1253"
"2013","NULL","alle","1","personer","274","sysselsatte_kjonn_land","NULL","NULL","1253"
"2013","NULL","alle","1","prosent","74.3","sysselsatte_kjonn_land","NULL","NULL","1253"
"2013","NULL","alle","2","personer","59","sysselsatte_kjonn_land","NULL","NULL","1253"
"2013","NULL","alle","2","prosent","61.5","sysselsatte_kjonn_land","NULL","NULL","1253"
"2013","NULL","alle","alle","personer","333","sysselsatte_kjonn_land","NULL","NULL","1253"
"2013","NULL","alle","alle","prosent","71.6","sysselsatte_kjonn_land","NULL","NULL","1253"
"2013","NULL","0","1","personer","152","sysselsatte_kjonn_land","NULL","NULL","1256"
"2013","NULL","0","1","prosent","85.4","sysselsatte_kjonn_land","NULL","NULL","1256"
"2013","NULL","0","2","personer","34","sysselsatte_kjonn_land","NULL","NULL","1256"
"2013","NULL","0","2","prosent","61.8","sysselsatte_kjonn_land","NULL","NULL","1256"
"2013","NULL","0","alle","personer","186","sysselsatte_kjonn_land","NULL","NULL","1256"
"2013","NULL","0","alle","prosent","79.8","sysselsatte_kjonn_land","NULL","NULL","1256"
"2013","NULL","1","1","personer","72","sysselsatte_kjonn_land","NULL","NULL","1256"
"2013","NULL","1","1","prosent","64.3","sysselsatte_kjonn_land","NULL","NULL","1256"
"2013","NULL","1","2","personer","71","sysselsatte_kjonn_land","NULL","NULL","1256"
"2013","NULL","1","2","prosent","68.9","sysselsatte_kjonn_land","NULL","NULL","1256"
"2013","NULL","1","alle","personer","143","sysselsatte_kjonn_land","NULL","NULL","1256"
"2013","NULL","1","alle","prosent","66.5","sysselsatte_kjonn_land","NULL","NULL","1256"
"2013","NULL","alle","1","personer","224","sysselsatte_kjonn_land","NULL","NULL","1256"
"2013","NULL","alle","1","prosent","77.2","sysselsatte_kjonn_land","NULL","NULL","1256"
"2013","NULL","alle","2","personer","105","sysselsatte_kjonn_land","NULL","NULL","1256"
"2013","NULL","alle","2","prosent","66.5","sysselsatte_kjonn_land","NULL","NULL","1256"
"2013","NULL","alle","alle","personer","329","sysselsatte_kjonn_land","NULL","NULL","1256"
"2013","NULL","alle","alle","prosent","73.4","sysselsatte_kjonn_land","NULL","NULL","1256"
"2013","NULL","0","1","personer","105","sysselsatte_kjonn_land","NULL","NULL","1259"
"2013","NULL","0","1","prosent","86.8","sysselsatte_kjonn_land","NULL","NULL","1259"
"2013","NULL","0","2","personer","24","sysselsatte_kjonn_land","NULL","NULL","1259"
"2013","NULL","0","2","prosent","43.6","sysselsatte_kjonn_land","NULL","NULL","1259"
"2013","NULL","0","alle","personer","129","sysselsatte_kjonn_land","NULL","NULL","1259"
"2013","NULL","0","alle","prosent","73.3","sysselsatte_kjonn_land","NULL","NULL","1259"
"2013","NULL","1","1","personer","44","sysselsatte_kjonn_land","NULL","NULL","1259"
"2013","NULL","1","1","prosent","67.7","sysselsatte_kjonn_land","NULL","NULL","1259"
"2013","NULL","1","2","personer","62","sysselsatte_kjonn_land","NULL","NULL","1259"
"2013","NULL","1","2","prosent","62.6","sysselsatte_kjonn_land","NULL","NULL","1259"
"2013","NULL","1","alle","personer","106","sysselsatte_kjonn_land","NULL","NULL","1259"
"2013","NULL","1","alle","prosent","64.6","sysselsatte_kjonn_land","NULL","NULL","1259"
"2013","NULL","alle","1","personer","149","sysselsatte_kjonn_land","NULL","NULL","1259"
"2013","NULL","alle","1","prosent","80.1","sysselsatte_kjonn_land","NULL","NULL","1259"
"2013","NULL","alle","2","personer","86","sysselsatte_kjonn_land","NULL","NULL","1259"
"2013","NULL","alle","2","prosent","55.8","sysselsatte_kjonn_land","NULL","NULL","1259"
"2013","NULL","alle","alle","personer","235","sysselsatte_kjonn_land","NULL","NULL","1259"
"2013","NULL","alle","alle","prosent","69.1","sysselsatte_kjonn_land","NULL","NULL","1259"
"2013","NULL","0","1","personer","164","sysselsatte_kjonn_land","NULL","NULL","1260"
"2013","NULL","0","1","prosent","87.7","sysselsatte_kjonn_land","NULL","NULL","1260"
"2013","NULL","0","2","personer","15","sysselsatte_kjonn_land","NULL","NULL","1260"
"2013","NULL","0","2","prosent","53.6","sysselsatte_kjonn_land","NULL","NULL","1260"
"2013","NULL","0","alle","personer","179","sysselsatte_kjonn_land","NULL","NULL","1260"
"2013","NULL","0","alle","prosent","83.3","sysselsatte_kjonn_land","NULL","NULL","1260"
"2013","NULL","1","1","personer","70","sysselsatte_kjonn_land","NULL","NULL","1260"
"2013","NULL","1","1","prosent","68.6","sysselsatte_kjonn_land","NULL","NULL","1260"
"2013","NULL","1","2","personer","30","sysselsatte_kjonn_land","NULL","NULL","1260"
"2013","NULL","1","2","prosent","52.6","sysselsatte_kjonn_land","NULL","NULL","1260"
"2013","NULL","1","alle","personer","100","sysselsatte_kjonn_land","NULL","NULL","1260"
"2013","NULL","1","alle","prosent","62.9","sysselsatte_kjonn_land","NULL","NULL","1260"
"2013","NULL","alle","1","personer","234","sysselsatte_kjonn_land","NULL","NULL","1260"
"2013","NULL","alle","1","prosent","81","sysselsatte_kjonn_land","NULL","NULL","1260"
"2013","NULL","alle","2","personer","45","sysselsatte_kjonn_land","NULL","NULL","1260"
"2013","NULL","alle","2","prosent","52.9","sysselsatte_kjonn_land","NULL","NULL","1260"
"2013","NULL","alle","alle","personer","279","sysselsatte_kjonn_land","NULL","NULL","1260"
"2013","NULL","alle","alle","prosent","74.6","sysselsatte_kjonn_land","NULL","NULL","1260"
"2013","NULL","0","1","personer","297","sysselsatte_kjonn_land","NULL","NULL","1263"
"2013","NULL","0","1","prosent","81.6","sysselsatte_kjonn_land","NULL","NULL","1263"
"2013","NULL","0","2","personer","57","sysselsatte_kjonn_land","NULL","NULL","1263"
"2013","NULL","0","2","prosent","65.5","sysselsatte_kjonn_land","NULL","NULL","1263"
"2013","NULL","0","alle","personer","354","sysselsatte_kjonn_land","NULL","NULL","1263"
"2013","NULL","0","alle","prosent","78.5","sysselsatte_kjonn_land","NULL","NULL","1263"
"2013","NULL","1","1","personer","156","sysselsatte_kjonn_land","NULL","NULL","1263"
"2013","NULL","1","1","prosent","70.3","sysselsatte_kjonn_land","NULL","NULL","1263"
"2013","NULL","1","2","personer","103","sysselsatte_kjonn_land","NULL","NULL","1263"
"2013","NULL","1","2","prosent","57.2","sysselsatte_kjonn_land","NULL","NULL","1263"
"2013","NULL","1","alle","personer","259","sysselsatte_kjonn_land","NULL","NULL","1263"
"2013","NULL","1","alle","prosent","64.4","sysselsatte_kjonn_land","NULL","NULL","1263"
"2013","NULL","alle","1","personer","453","sysselsatte_kjonn_land","NULL","NULL","1263"
"2013","NULL","alle","1","prosent","77.3","sysselsatte_kjonn_land","NULL","NULL","1263"
"2013","NULL","alle","2","personer","160","sysselsatte_kjonn_land","NULL","NULL","1263"
"2013","NULL","alle","2","prosent","59.9","sysselsatte_kjonn_land","NULL","NULL","1263"
"2013","NULL","alle","alle","personer","613","sysselsatte_kjonn_land","NULL","NULL","1263"
"2013","NULL","alle","alle","prosent","71.9","sysselsatte_kjonn_land","NULL","NULL","1263"
"2013","NULL","0","1","personer","126","sysselsatte_kjonn_land","NULL","NULL","1264"
"2013","NULL","0","1","prosent","80.8","sysselsatte_kjonn_land","NULL","NULL","1264"
"2013","NULL","0","2","personer","16","sysselsatte_kjonn_land","NULL","NULL","1264"
"2013","NULL","0","2","prosent","69.6","sysselsatte_kjonn_land","NULL","NULL","1264"
"2013","NULL","0","alle","personer","142","sysselsatte_kjonn_land","NULL","NULL","1264"
"2013","NULL","0","alle","prosent","79.3","sysselsatte_kjonn_land","NULL","NULL","1264"
"2013","NULL","1","1","personer","40","sysselsatte_kjonn_land","NULL","NULL","1264"
"2013","NULL","1","1","prosent","71.4","sysselsatte_kjonn_land","NULL","NULL","1264"
"2013","NULL","1","2","personer","26","sysselsatte_kjonn_land","NULL","NULL","1264"
"2013","NULL","1","2","prosent","61.9","sysselsatte_kjonn_land","NULL","NULL","1264"
"2013","NULL","1","alle","personer","66","sysselsatte_kjonn_land","NULL","NULL","1264"
"2013","NULL","1","alle","prosent","67.3","sysselsatte_kjonn_land","NULL","NULL","1264"
"2013","NULL","alle","1","personer","166","sysselsatte_kjonn_land","NULL","NULL","1264"
"2013","NULL","alle","1","prosent","78.3","sysselsatte_kjonn_land","NULL","NULL","1264"
"2013","NULL","alle","2","personer","42","sysselsatte_kjonn_land","NULL","NULL","1264"
"2013","NULL","alle","2","prosent","64.6","sysselsatte_kjonn_land","NULL","NULL","1264"
"2013","NULL","alle","alle","personer","208","sysselsatte_kjonn_land","NULL","NULL","1264"
"2013","NULL","alle","alle","prosent","75.1","sysselsatte_kjonn_land","NULL","NULL","1264"
"2013","NULL","0","1","personer",":","sysselsatte_kjonn_land","NULL","NULL","1265"
"2013","NULL","0","1","prosent",":","sysselsatte_kjonn_land","NULL","NULL","1265"
"2013","NULL","0","2","personer",":","sysselsatte_kjonn_land","NULL","NULL","1265"
"2013","NULL","0","2","prosent",":","sysselsatte_kjonn_land","NULL","NULL","1265"
"2013","NULL","0","alle","personer","10","sysselsatte_kjonn_land","NULL","NULL","1265"
"2013","NULL","0","alle","prosent","90.9","sysselsatte_kjonn_land","NULL","NULL","1265"
"2013","NULL","1","1","personer",":","sysselsatte_kjonn_land","NULL","NULL","1265"
"2013","NULL","1","1","prosent",":","sysselsatte_kjonn_land","NULL","NULL","1265"
"2013","NULL","1","2","personer",":","sysselsatte_kjonn_land","NULL","NULL","1265"
"2013","NULL","1","2","prosent",":","sysselsatte_kjonn_land","NULL","NULL","1265"
"2013","NULL","1","alle","personer","8","sysselsatte_kjonn_land","NULL","NULL","1265"
"2013","NULL","1","alle","prosent","72.7","sysselsatte_kjonn_land","NULL","NULL","1265"
"2013","NULL","alle","1","personer",":","sysselsatte_kjonn_land","NULL","NULL","1265"
"2013","NULL","alle","1","prosent",":","sysselsatte_kjonn_land","NULL","NULL","1265"
"2013","NULL","alle","2","personer",":","sysselsatte_kjonn_land","NULL","NULL","1265"
"2013","NULL","alle","2","prosent",":","sysselsatte_kjonn_land","NULL","NULL","1265"
"2013","NULL","alle","alle","personer","18","sysselsatte_kjonn_land","NULL","NULL","1265"
"2013","NULL","alle","alle","prosent","81.8","sysselsatte_kjonn_land","NULL","NULL","1265"
"2013","NULL","0","1","personer",":","sysselsatte_kjonn_land","NULL","NULL","1266"
"2013","NULL","0","1","prosent",":","sysselsatte_kjonn_land","NULL","NULL","1266"
"2013","NULL","0","2","personer",":","sysselsatte_kjonn_land","NULL","NULL","1266"
"2013","NULL","0","2","prosent",":","sysselsatte_kjonn_land","NULL","NULL","1266"
"2013","NULL","0","alle","personer","19","sysselsatte_kjonn_land","NULL","NULL","1266"
"2013","NULL","0","alle","prosent","82.6","sysselsatte_kjonn_land","NULL","NULL","1266"
"2013","NULL","1","1","personer","12","sysselsatte_kjonn_land","NULL","NULL","1266"
"2013","NULL","1","1","prosent","85.7","sysselsatte_kjonn_land","NULL","NULL","1266"
"2013","NULL","1","2","personer","7","sysselsatte_kjonn_land","NULL","NULL","1266"
"2013","NULL","1","2","prosent","63.6","sysselsatte_kjonn_land","NULL","NULL","1266"
"2013","NULL","1","alle","personer","19","sysselsatte_kjonn_land","NULL","NULL","1266"
"2013","NULL","1","alle","prosent","76","sysselsatte_kjonn_land","NULL","NULL","1266"
"2013","NULL","alle","1","personer","29","sysselsatte_kjonn_land","NULL","NULL","1266"
"2013","NULL","alle","1","prosent","82.9","sysselsatte_kjonn_land","NULL","NULL","1266"
"2013","NULL","alle","2","personer","9","sysselsatte_kjonn_land","NULL","NULL","1266"
"2013","NULL","alle","2","prosent","69.2","sysselsatte_kjonn_land","NULL","NULL","1266"
"2013","NULL","alle","alle","personer","38","sysselsatte_kjonn_land","NULL","NULL","1266"
"2013","NULL","alle","alle","prosent","79.2","sysselsatte_kjonn_land","NULL","NULL","1266"
"2013","NULL","0","1","personer","251","sysselsatte_kjonn_land","NULL","NULL","1401"
"2013","NULL","0","1","prosent","83.7","sysselsatte_kjonn_land","NULL","NULL","1401"
"2013","NULL","0","2","personer","138","sysselsatte_kjonn_land","NULL","NULL","1401"
"2013","NULL","0","2","prosent","59.7","sysselsatte_kjonn_land","NULL","NULL","1401"
"2013","NULL","0","alle","personer","389","sysselsatte_kjonn_land","NULL","NULL","1401"
"2013","NULL","0","alle","prosent","73.3","sysselsatte_kjonn_land","NULL","NULL","1401"
"2013","NULL","1","1","personer","128","sysselsatte_kjonn_land","NULL","NULL","1401"
"2013","NULL","1","1","prosent","69.9","sysselsatte_kjonn_land","NULL","NULL","1401"
"2013","NULL","1","2","personer","127","sysselsatte_kjonn_land","NULL","NULL","1401"
"2013","NULL","1","2","prosent","46.5","sysselsatte_kjonn_land","NULL","NULL","1401"
"2013","NULL","1","alle","personer","255","sysselsatte_kjonn_land","NULL","NULL","1401"
"2013","NULL","1","alle","prosent","55.9","sysselsatte_kjonn_land","NULL","NULL","1401"
"2013","NULL","alle","1","personer","379","sysselsatte_kjonn_land","NULL","NULL","1401"
"2013","NULL","alle","1","prosent","78.5","sysselsatte_kjonn_land","NULL","NULL","1401"
"2013","NULL","alle","2","personer","265","sysselsatte_kjonn_land","NULL","NULL","1401"
"2013","NULL","alle","2","prosent","52.6","sysselsatte_kjonn_land","NULL","NULL","1401"
"2013","NULL","alle","alle","personer","644","sysselsatte_kjonn_land","NULL","NULL","1401"
"2013","NULL","alle","alle","prosent","65.2","sysselsatte_kjonn_land","NULL","NULL","1401"
"2013","NULL","0","1","personer","53","sysselsatte_kjonn_land","NULL","NULL","1411"
"2013","NULL","0","1","prosent","89.8","sysselsatte_kjonn_land","NULL","NULL","1411"
"2013","NULL","0","2","personer","6","sysselsatte_kjonn_land","NULL","NULL","1411"
"2013","NULL","0","2","prosent","66.7","sysselsatte_kjonn_land","NULL","NULL","1411"
"2013","NULL","0","alle","personer","59","sysselsatte_kjonn_land","NULL","NULL","1411"
"2013","NULL","0","alle","prosent","86.8","sysselsatte_kjonn_land","NULL","NULL","1411"
"2013","NULL","1","1","personer","41","sysselsatte_kjonn_land","NULL","NULL","1411"
"2013","NULL","1","1","prosent","77.4","sysselsatte_kjonn_land","NULL","NULL","1411"
"2013","NULL","1","2","personer","20","sysselsatte_kjonn_land","NULL","NULL","1411"
"2013","NULL","1","2","prosent","71.4","sysselsatte_kjonn_land","NULL","NULL","1411"
"2013","NULL","1","alle","personer","61","sysselsatte_kjonn_land","NULL","NULL","1411"
"2013","NULL","1","alle","prosent","75.3","sysselsatte_kjonn_land","NULL","NULL","1411"
"2013","NULL","alle","1","personer","94","sysselsatte_kjonn_land","NULL","NULL","1411"
"2013","NULL","alle","1","prosent","83.9","sysselsatte_kjonn_land","NULL","NULL","1411"
"2013","NULL","alle","2","personer","26","sysselsatte_kjonn_land","NULL","NULL","1411"
"2013","NULL","alle","2","prosent","70.3","sysselsatte_kjonn_land","NULL","NULL","1411"
"2013","NULL","alle","alle","personer","120","sysselsatte_kjonn_land","NULL","NULL","1411"
"2013","NULL","alle","alle","prosent","80.5","sysselsatte_kjonn_land","NULL","NULL","1411"
"2013","NULL","0","1","personer","26","sysselsatte_kjonn_land","NULL","NULL","1412"
"2013","NULL","0","1","prosent","76.5","sysselsatte_kjonn_land","NULL","NULL","1412"
"2013","NULL","0","2","personer","4","sysselsatte_kjonn_land","NULL","NULL","1412"
"2013","NULL","0","2","prosent","100","sysselsatte_kjonn_land","NULL","NULL","1412"
"2013","NULL","0","alle","personer","30","sysselsatte_kjonn_land","NULL","NULL","1412"
"2013","NULL","0","alle","prosent","78.9","sysselsatte_kjonn_land","NULL","NULL","1412"
"2013","NULL","1","1","personer","15","sysselsatte_kjonn_land","NULL","NULL","1412"
"2013","NULL","1","1","prosent","75","sysselsatte_kjonn_land","NULL","NULL","1412"
"2013","NULL","1","2","personer","6","sysselsatte_kjonn_land","NULL","NULL","1412"
"2013","NULL","1","2","prosent","85.7","sysselsatte_kjonn_land","NULL","NULL","1412"
"2013","NULL","1","alle","personer","21","sysselsatte_kjonn_land","NULL","NULL","1412"
"2013","NULL","1","alle","prosent","77.8","sysselsatte_kjonn_land","NULL","NULL","1412"
"2013","NULL","alle","1","personer","41","sysselsatte_kjonn_land","NULL","NULL","1412"
"2013","NULL","alle","1","prosent","75.9","sysselsatte_kjonn_land","NULL","NULL","1412"
"2013","NULL","alle","2","personer","10","sysselsatte_kjonn_land","NULL","NULL","1412"
"2013","NULL","alle","2","prosent","90.9","sysselsatte_kjonn_land","NULL","NULL","1412"
"2013","NULL","alle","alle","personer","51","sysselsatte_kjonn_land","NULL","NULL","1412"
"2013","NULL","alle","alle","prosent","78.5","sysselsatte_kjonn_land","NULL","NULL","1412"
"2013","NULL","0","1","personer",":","sysselsatte_kjonn_land","NULL","NULL","1413"
"2013","NULL","0","1","prosent",":","sysselsatte_kjonn_land","NULL","NULL","1413"
"2013","NULL","0","2","personer",":","sysselsatte_kjonn_land","NULL","NULL","1413"
"2013","NULL","0","2","prosent",":","sysselsatte_kjonn_land","NULL","NULL","1413"
"2013","NULL","0","alle","personer","59","sysselsatte_kjonn_land","NULL","NULL","1413"
"2013","NULL","0","alle","prosent","81.9","sysselsatte_kjonn_land","NULL","NULL","1413"
"2013","NULL","1","1","personer","23","sysselsatte_kjonn_land","NULL","NULL","1413"
"2013","NULL","1","1","prosent","82.1","sysselsatte_kjonn_land","NULL","NULL","1413"
"2013","NULL","1","2","personer","5","sysselsatte_kjonn_land","NULL","NULL","1413"
"2013","NULL","1","2","prosent","55.6","sysselsatte_kjonn_land","NULL","NULL","1413"
"2013","NULL","1","alle","personer","28","sysselsatte_kjonn_land","NULL","NULL","1413"
"2013","NULL","1","alle","prosent","75.7","sysselsatte_kjonn_land","NULL","NULL","1413"
"2013","NULL","alle","1","personer","79","sysselsatte_kjonn_land","NULL","NULL","1413"
"2013","NULL","alle","1","prosent","85.9","sysselsatte_kjonn_land","NULL","NULL","1413"
"2013","NULL","alle","2","personer","8","sysselsatte_kjonn_land","NULL","NULL","1413"
"2013","NULL","alle","2","prosent","47.1","sysselsatte_kjonn_land","NULL","NULL","1413"
"2013","NULL","alle","alle","personer","87","sysselsatte_kjonn_land","NULL","NULL","1413"
"2013","NULL","alle","alle","prosent","79.8","sysselsatte_kjonn_land","NULL","NULL","1413"
"2013","NULL","0","1","personer","68","sysselsatte_kjonn_land","NULL","NULL","1416"
"2013","NULL","0","1","prosent","84","sysselsatte_kjonn_land","NULL","NULL","1416"
"2013","NULL","0","2","personer","29","sysselsatte_kjonn_land","NULL","NULL","1416"
"2013","NULL","0","2","prosent","65.9","sysselsatte_kjonn_land","NULL","NULL","1416"
"2013","NULL","0","alle","personer","97","sysselsatte_kjonn_land","NULL","NULL","1416"
"2013","NULL","0","alle","prosent","77.6","sysselsatte_kjonn_land","NULL","NULL","1416"
"2013","NULL","1","1","personer","38","sysselsatte_kjonn_land","NULL","NULL","1416"
"2013","NULL","1","1","prosent","82.6","sysselsatte_kjonn_land","NULL","NULL","1416"
"2013","NULL","1","2","personer","46","sysselsatte_kjonn_land","NULL","NULL","1416"
"2013","NULL","1","2","prosent","64.8","sysselsatte_kjonn_land","NULL","NULL","1416"
"2013","NULL","1","alle","personer","84","sysselsatte_kjonn_land","NULL","NULL","1416"
"2013","NULL","1","alle","prosent","71.8","sysselsatte_kjonn_land","NULL","NULL","1416"
"2013","NULL","alle","1","personer","106","sysselsatte_kjonn_land","NULL","NULL","1416"
"2013","NULL","alle","1","prosent","83.5","sysselsatte_kjonn_land","NULL","NULL","1416"
"2013","NULL","alle","2","personer","75","sysselsatte_kjonn_land","NULL","NULL","1416"
"2013","NULL","alle","2","prosent","65.2","sysselsatte_kjonn_land","NULL","NULL","1416"
"2013","NULL","alle","alle","personer","181","sysselsatte_kjonn_land","NULL","NULL","1416"
"2013","NULL","alle","alle","prosent","74.8","sysselsatte_kjonn_land","NULL","NULL","1416"
"2013","NULL","0","1","personer","66","sysselsatte_kjonn_land","NULL","NULL","1417"
"2013","NULL","0","1","prosent","84.6","sysselsatte_kjonn_land","NULL","NULL","1417"
"2013","NULL","0","2","personer","9","sysselsatte_kjonn_land","NULL","NULL","1417"
"2013","NULL","0","2","prosent","69.2","sysselsatte_kjonn_land","NULL","NULL","1417"
"2013","NULL","0","alle","personer","75","sysselsatte_kjonn_land","NULL","NULL","1417"
"2013","NULL","0","alle","prosent","82.4","sysselsatte_kjonn_land","NULL","NULL","1417"
"2013","NULL","1","1","personer","52","sysselsatte_kjonn_land","NULL","NULL","1417"
"2013","NULL","1","1","prosent","75.4","sysselsatte_kjonn_land","NULL","NULL","1417"
"2013","NULL","1","2","personer","10","sysselsatte_kjonn_land","NULL","NULL","1417"
"2013","NULL","1","2","prosent","66.7","sysselsatte_kjonn_land","NULL","NULL","1417"
"2013","NULL","1","alle","personer","62","sysselsatte_kjonn_land","NULL","NULL","1417"
"2013","NULL","1","alle","prosent","73.8","sysselsatte_kjonn_land","NULL","NULL","1417"
"2013","NULL","alle","1","personer","118","sysselsatte_kjonn_land","NULL","NULL","1417"
"2013","NULL","alle","1","prosent","80.3","sysselsatte_kjonn_land","NULL","NULL","1417"
"2013","NULL","alle","2","personer","19","sysselsatte_kjonn_land","NULL","NULL","1417"
"2013","NULL","alle","2","prosent","67.9","sysselsatte_kjonn_land","NULL","NULL","1417"
"2013","NULL","alle","alle","personer","137","sysselsatte_kjonn_land","NULL","NULL","1417"
"2013","NULL","alle","alle","prosent","78.3","sysselsatte_kjonn_land","NULL","NULL","1417"
"2013","NULL","0","1","personer","44","sysselsatte_kjonn_land","NULL","NULL","1418"
"2013","NULL","0","1","prosent","84.6","sysselsatte_kjonn_land","NULL","NULL","1418"
"2013","NULL","0","2","personer","8","sysselsatte_kjonn_land","NULL","NULL","1418"
"2013","NULL","0","2","prosent","72.7","sysselsatte_kjonn_land","NULL","NULL","1418"
"2013","NULL","0","alle","personer","52","sysselsatte_kjonn_land","NULL","NULL","1418"
"2013","NULL","0","alle","prosent","82.5","sysselsatte_kjonn_land","NULL","NULL","1418"
"2013","NULL","1","1","personer","42","sysselsatte_kjonn_land","NULL","NULL","1418"
"2013","NULL","1","1","prosent","91.3","sysselsatte_kjonn_land","NULL","NULL","1418"
"2013","NULL","1","2","personer","25","sysselsatte_kjonn_land","NULL","NULL","1418"
"2013","NULL","1","2","prosent","75.8","sysselsatte_kjonn_land","NULL","NULL","1418"
"2013","NULL","1","alle","personer","67","sysselsatte_kjonn_land","NULL","NULL","1418"
"2013","NULL","1","alle","prosent","84.8","sysselsatte_kjonn_land","NULL","NULL","1418"
"2013","NULL","alle","1","personer","86","sysselsatte_kjonn_land","NULL","NULL","1418"
"2013","NULL","alle","1","prosent","87.8","sysselsatte_kjonn_land","NULL","NULL","1418"
"2013","NULL","alle","2","personer","33","sysselsatte_kjonn_land","NULL","NULL","1418"
"2013","NULL","alle","2","prosent","75","sysselsatte_kjonn_land","NULL","NULL","1418"
"2013","NULL","alle","alle","personer","119","sysselsatte_kjonn_land","NULL","NULL","1418"
"2013","NULL","alle","alle","prosent","83.8","sysselsatte_kjonn_land","NULL","NULL","1418"
"2013","NULL","0","1","personer","25","sysselsatte_kjonn_land","NULL","NULL","1419"
"2013","NULL","0","1","prosent","83.3","sysselsatte_kjonn_land","NULL","NULL","1419"
"2013","NULL","0","2","personer","5","sysselsatte_kjonn_land","NULL","NULL","1419"
"2013","NULL","0","2","prosent","71.4","sysselsatte_kjonn_land","NULL","NULL","1419"
"2013","NULL","0","alle","personer","30","sysselsatte_kjonn_land","NULL","NULL","1419"
"2013","NULL","0","alle","prosent","81.1","sysselsatte_kjonn_land","NULL","NULL","1419"
"2013","NULL","1","1","personer","29","sysselsatte_kjonn_land","NULL","NULL","1419"
"2013","NULL","1","1","prosent","82.9","sysselsatte_kjonn_land","NULL","NULL","1419"
"2013","NULL","1","2","personer","15","sysselsatte_kjonn_land","NULL","NULL","1419"
"2013","NULL","1","2","prosent","68.2","sysselsatte_kjonn_land","NULL","NULL","1419"
"2013","NULL","1","alle","personer","44","sysselsatte_kjonn_land","NULL","NULL","1419"
"2013","NULL","1","alle","prosent","77.2","sysselsatte_kjonn_land","NULL","NULL","1419"
"2013","NULL","alle","1","personer","54","sysselsatte_kjonn_land","NULL","NULL","1419"
"2013","NULL","alle","1","prosent","83.1","sysselsatte_kjonn_land","NULL","NULL","1419"
"2013","NULL","alle","2","personer","20","sysselsatte_kjonn_land","NULL","NULL","1419"
"2013","NULL","alle","2","prosent","69","sysselsatte_kjonn_land","NULL","NULL","1419"
"2013","NULL","alle","alle","personer","74","sysselsatte_kjonn_land","NULL","NULL","1419"
"2013","NULL","alle","alle","prosent","78.7","sysselsatte_kjonn_land","NULL","NULL","1419"
"2013","NULL","0","1","personer","173","sysselsatte_kjonn_land","NULL","NULL","1420"
"2013","NULL","0","1","prosent","80.5","sysselsatte_kjonn_land","NULL","NULL","1420"
"2013","NULL","0","2","personer","51","sysselsatte_kjonn_land","NULL","NULL","1420"
"2013","NULL","0","2","prosent","47.2","sysselsatte_kjonn_land","NULL","NULL","1420"
"2013","NULL","0","alle","personer","224","sysselsatte_kjonn_land","NULL","NULL","1420"
"2013","NULL","0","alle","prosent","69.3","sysselsatte_kjonn_land","NULL","NULL","1420"
"2013","NULL","1","1","personer","66","sysselsatte_kjonn_land","NULL","NULL","1420"
"2013","NULL","1","1","prosent","71.7","sysselsatte_kjonn_land","NULL","NULL","1420"
"2013","NULL","1","2","personer","54","sysselsatte_kjonn_land","NULL","NULL","1420"
"2013","NULL","1","2","prosent","37.5","sysselsatte_kjonn_land","NULL","NULL","1420"
"2013","NULL","1","alle","personer","120","sysselsatte_kjonn_land","NULL","NULL","1420"
"2013","NULL","1","alle","prosent","50.8","sysselsatte_kjonn_land","NULL","NULL","1420"
"2013","NULL","alle","1","personer","239","sysselsatte_kjonn_land","NULL","NULL","1420"
"2013","NULL","alle","1","prosent","77.9","sysselsatte_kjonn_land","NULL","NULL","1420"
"2013","NULL","alle","2","personer","105","sysselsatte_kjonn_land","NULL","NULL","1420"
"2013","NULL","alle","2","prosent","41.7","sysselsatte_kjonn_land","NULL","NULL","1420"
"2013","NULL","alle","alle","personer","344","sysselsatte_kjonn_land","NULL","NULL","1420"
"2013","NULL","alle","alle","prosent","61.5","sysselsatte_kjonn_land","NULL","NULL","1420"
"2013","NULL","0","1","personer",":","sysselsatte_kjonn_land","NULL","NULL","1421"
"2013","NULL","0","1","prosent",":","sysselsatte_kjonn_land","NULL","NULL","1421"
"2013","NULL","0","2","personer",":","sysselsatte_kjonn_land","NULL","NULL","1421"
"2013","NULL","0","2","prosent",":","sysselsatte_kjonn_land","NULL","NULL","1421"
"2013","NULL","0","alle","personer","46","sysselsatte_kjonn_land","NULL","NULL","1421"
"2013","NULL","0","alle","prosent","76.7","sysselsatte_kjonn_land","NULL","NULL","1421"
"2013","NULL","1","1","personer","39","sysselsatte_kjonn_land","NULL","NULL","1421"
"2013","NULL","1","1","prosent","73.6","sysselsatte_kjonn_land","NULL","NULL","1421"
"2013","NULL","1","2","personer","9","sysselsatte_kjonn_land","NULL","NULL","1421"
"2013","NULL","1","2","prosent","75","sysselsatte_kjonn_land","NULL","NULL","1421"
"2013","NULL","1","alle","personer","48","sysselsatte_kjonn_land","NULL","NULL","1421"
"2013","NULL","1","alle","prosent","73.8","sysselsatte_kjonn_land","NULL","NULL","1421"
"2013","NULL","alle","1","personer","83","sysselsatte_kjonn_land","NULL","NULL","1421"
"2013","NULL","alle","1","prosent","76.9","sysselsatte_kjonn_land","NULL","NULL","1421"
"2013","NULL","alle","2","personer","11","sysselsatte_kjonn_land","NULL","NULL","1421"
"2013","NULL","alle","2","prosent","64.7","sysselsatte_kjonn_land","NULL","NULL","1421"
"2013","NULL","alle","alle","personer","94","sysselsatte_kjonn_land","NULL","NULL","1421"
"2013","NULL","alle","alle","prosent","75.2","sysselsatte_kjonn_land","NULL","NULL","1421"
"2013","NULL","0","1","personer","40","sysselsatte_kjonn_land","NULL","NULL","1422"
"2013","NULL","0","1","prosent","85.1","sysselsatte_kjonn_land","NULL","NULL","1422"
"2013","NULL","0","2","personer","8","sysselsatte_kjonn_land","NULL","NULL","1422"
"2013","NULL","0","2","prosent","72.7","sysselsatte_kjonn_land","NULL","NULL","1422"
"2013","NULL","0","alle","personer","48","sysselsatte_kjonn_land","NULL","NULL","1422"
"2013","NULL","0","alle","prosent","82.8","sysselsatte_kjonn_land","NULL","NULL","1422"
"2013","NULL","1","1","personer","31","sysselsatte_kjonn_land","NULL","NULL","1422"
"2013","NULL","1","1","prosent","77.5","sysselsatte_kjonn_land","NULL","NULL","1422"
"2013","NULL","1","2","personer","13","sysselsatte_kjonn_land","NULL","NULL","1422"
"2013","NULL","1","2","prosent","72.2","sysselsatte_kjonn_land","NULL","NULL","1422"
"2013","NULL","1","alle","personer","44","sysselsatte_kjonn_land","NULL","NULL","1422"
"2013","NULL","1","alle","prosent","75.9","sysselsatte_kjonn_land","NULL","NULL","1422"
"2013","NULL","alle","1","personer","71","sysselsatte_kjonn_land","NULL","NULL","1422"
"2013","NULL","alle","1","prosent","81.6","sysselsatte_kjonn_land","NULL","NULL","1422"
"2013","NULL","alle","2","personer","21","sysselsatte_kjonn_land","NULL","NULL","1422"
"2013","NULL","alle","2","prosent","72.4","sysselsatte_kjonn_land","NULL","NULL","1422"
"2013","NULL","alle","alle","personer","92","sysselsatte_kjonn_land","NULL","NULL","1422"
"2013","NULL","alle","alle","prosent","79.3","sysselsatte_kjonn_land","NULL","NULL","1422"
"2013","NULL","0","1","personer","146","sysselsatte_kjonn_land","NULL","NULL","1424"
"2013","NULL","0","1","prosent","83.9","sysselsatte_kjonn_land","NULL","NULL","1424"
"2013","NULL","0","2","personer","31","sysselsatte_kjonn_land","NULL","NULL","1424"
"2013","NULL","0","2","prosent","40.3","sysselsatte_kjonn_land","NULL","NULL","1424"
"2013","NULL","0","alle","personer","177","sysselsatte_kjonn_land","NULL","NULL","1424"
"2013","NULL","0","alle","prosent","70.5","sysselsatte_kjonn_land","NULL","NULL","1424"
"2013","NULL","1","1","personer","57","sysselsatte_kjonn_land","NULL","NULL","1424"
"2013","NULL","1","1","prosent","68.7","sysselsatte_kjonn_land","NULL","NULL","1424"
"2013","NULL","1","2","personer","41","sysselsatte_kjonn_land","NULL","NULL","1424"
"2013","NULL","1","2","prosent","51.9","sysselsatte_kjonn_land","NULL","NULL","1424"
"2013","NULL","1","alle","personer","98","sysselsatte_kjonn_land","NULL","NULL","1424"
"2013","NULL","1","alle","prosent","60.5","sysselsatte_kjonn_land","NULL","NULL","1424"
"2013","NULL","alle","1","personer","203","sysselsatte_kjonn_land","NULL","NULL","1424"
"2013","NULL","alle","1","prosent","79","sysselsatte_kjonn_land","NULL","NULL","1424"
"2013","NULL","alle","2","personer","72","sysselsatte_kjonn_land","NULL","NULL","1424"
"2013","NULL","alle","2","prosent","46.2","sysselsatte_kjonn_land","NULL","NULL","1424"
"2013","NULL","alle","alle","personer","275","sysselsatte_kjonn_land","NULL","NULL","1424"
"2013","NULL","alle","alle","prosent","66.6","sysselsatte_kjonn_land","NULL","NULL","1424"
"2013","NULL","0","1","personer","88","sysselsatte_kjonn_land","NULL","NULL","1426"
"2013","NULL","0","1","prosent","88","sysselsatte_kjonn_land","NULL","NULL","1426"
"2013","NULL","0","2","personer","15","sysselsatte_kjonn_land","NULL","NULL","1426"
"2013","NULL","0","2","prosent","55.6","sysselsatte_kjonn_land","NULL","NULL","1426"
"2013","NULL","0","alle","personer","103","sysselsatte_kjonn_land","NULL","NULL","1426"
"2013","NULL","0","alle","prosent","81.1","sysselsatte_kjonn_land","NULL","NULL","1426"
"2013","NULL","1","1","personer","61","sysselsatte_kjonn_land","NULL","NULL","1426"
"2013","NULL","1","1","prosent","85.9","sysselsatte_kjonn_land","NULL","NULL","1426"
"2013","NULL","1","2","personer","15","sysselsatte_kjonn_land","NULL","NULL","1426"
"2013","NULL","1","2","prosent","45.5","sysselsatte_kjonn_land","NULL","NULL","1426"
"2013","NULL","1","alle","personer","76","sysselsatte_kjonn_land","NULL","NULL","1426"
"2013","NULL","1","alle","prosent","73.1","sysselsatte_kjonn_land","NULL","NULL","1426"
"2013","NULL","alle","1","personer","149","sysselsatte_kjonn_land","NULL","NULL","1426"
"2013","NULL","alle","1","prosent","87.1","sysselsatte_kjonn_land","NULL","NULL","1426"
"2013","NULL","alle","2","personer","30","sysselsatte_kjonn_land","NULL","NULL","1426"
"2013","NULL","alle","2","prosent","50","sysselsatte_kjonn_land","NULL","NULL","1426"
"2013","NULL","alle","alle","personer","179","sysselsatte_kjonn_land","NULL","NULL","1426"
"2013","NULL","alle","alle","prosent","77.5","sysselsatte_kjonn_land","NULL","NULL","1426"
"2013","NULL","0","1","personer","31","sysselsatte_kjonn_land","NULL","NULL","1428"
"2013","NULL","0","1","prosent","70.5","sysselsatte_kjonn_land","NULL","NULL","1428"
"2013","NULL","0","2","personer","11","sysselsatte_kjonn_land","NULL","NULL","1428"
"2013","NULL","0","2","prosent","84.6","sysselsatte_kjonn_land","NULL","NULL","1428"
"2013","NULL","0","alle","personer","42","sysselsatte_kjonn_land","NULL","NULL","1428"
"2013","NULL","0","alle","prosent","73.7","sysselsatte_kjonn_land","NULL","NULL","1428"
"2013","NULL","1","1","personer","28","sysselsatte_kjonn_land","NULL","NULL","1428"
"2013","NULL","1","1","prosent","70","sysselsatte_kjonn_land","NULL","NULL","1428"
"2013","NULL","1","2","personer","13","sysselsatte_kjonn_land","NULL","NULL","1428"
"2013","NULL","1","2","prosent","56.5","sysselsatte_kjonn_land","NULL","NULL","1428"
"2013","NULL","1","alle","personer","41","sysselsatte_kjonn_land","NULL","NULL","1428"
"2013","NULL","1","alle","prosent","65.1","sysselsatte_kjonn_land","NULL","NULL","1428"
"2013","NULL","alle","1","personer","59","sysselsatte_kjonn_land","NULL","NULL","1428"
"2013","NULL","alle","1","prosent","70.2","sysselsatte_kjonn_land","NULL","NULL","1428"
"2013","NULL","alle","2","personer","24","sysselsatte_kjonn_land","NULL","NULL","1428"
"2013","NULL","alle","2","prosent","66.7","sysselsatte_kjonn_land","NULL","NULL","1428"
"2013","NULL","alle","alle","personer","83","sysselsatte_kjonn_land","NULL","NULL","1428"
"2013","NULL","alle","alle","prosent","69.2","sysselsatte_kjonn_land","NULL","NULL","1428"
"2013","NULL","0","1","personer","39","sysselsatte_kjonn_land","NULL","NULL","1429"
"2013","NULL","0","1","prosent","69.6","sysselsatte_kjonn_land","NULL","NULL","1429"
"2013","NULL","0","2","personer","7","sysselsatte_kjonn_land","NULL","NULL","1429"
"2013","NULL","0","2","prosent","41.2","sysselsatte_kjonn_land","NULL","NULL","1429"
"2013","NULL","0","alle","personer","46","sysselsatte_kjonn_land","NULL","NULL","1429"
"2013","NULL","0","alle","prosent","63","sysselsatte_kjonn_land","NULL","NULL","1429"
"2013","NULL","1","1","personer","34","sysselsatte_kjonn_land","NULL","NULL","1429"
"2013","NULL","1","1","prosent","58.6","sysselsatte_kjonn_land","NULL","NULL","1429"
"2013","NULL","1","2","personer","19","sysselsatte_kjonn_land","NULL","NULL","1429"
"2013","NULL","1","2","prosent","46.3","sysselsatte_kjonn_land","NULL","NULL","1429"
"2013","NULL","1","alle","personer","53","sysselsatte_kjonn_land","NULL","NULL","1429"
"2013","NULL","1","alle","prosent","53.5","sysselsatte_kjonn_land","NULL","NULL","1429"
"2013","NULL","alle","1","personer","73","sysselsatte_kjonn_land","NULL","NULL","1429"
"2013","NULL","alle","1","prosent","64","sysselsatte_kjonn_land","NULL","NULL","1429"
"2013","NULL","alle","2","personer","26","sysselsatte_kjonn_land","NULL","NULL","1429"
"2013","NULL","alle","2","prosent","44.8","sysselsatte_kjonn_land","NULL","NULL","1429"
"2013","NULL","alle","alle","personer","99","sysselsatte_kjonn_land","NULL","NULL","1429"
"2013","NULL","alle","alle","prosent","57.6","sysselsatte_kjonn_land","NULL","NULL","1429"
"2013","NULL","0","1","personer",":","sysselsatte_kjonn_land","NULL","NULL","1430"
"2013","NULL","0","1","prosent",":","sysselsatte_kjonn_land","NULL","NULL","1430"
"2013","NULL","0","2","personer",":","sysselsatte_kjonn_land","NULL","NULL","1430"
"2013","NULL","0","2","prosent",":","sysselsatte_kjonn_land","NULL","NULL","1430"
"2013","NULL","0","alle","personer","69","sysselsatte_kjonn_land","NULL","NULL","1430"
"2013","NULL","0","alle","prosent","83.1","sysselsatte_kjonn_land","NULL","NULL","1430"
"2013","NULL","1","1","personer","40","sysselsatte_kjonn_land","NULL","NULL","1430"
"2013","NULL","1","1","prosent","81.6","sysselsatte_kjonn_land","NULL","NULL","1430"
"2013","NULL","1","2","personer","13","sysselsatte_kjonn_land","NULL","NULL","1430"
"2013","NULL","1","2","prosent","86.7","sysselsatte_kjonn_land","NULL","NULL","1430"
"2013","NULL","1","alle","personer","53","sysselsatte_kjonn_land","NULL","NULL","1430"
"2013","NULL","1","alle","prosent","82.8","sysselsatte_kjonn_land","NULL","NULL","1430"
"2013","NULL","alle","1","personer","108","sysselsatte_kjonn_land","NULL","NULL","1430"
"2013","NULL","alle","1","prosent","82.4","sysselsatte_kjonn_land","NULL","NULL","1430"
"2013","NULL","alle","2","personer","14","sysselsatte_kjonn_land","NULL","NULL","1430"
"2013","NULL","alle","2","prosent","87.5","sysselsatte_kjonn_land","NULL","NULL","1430"
"2013","NULL","alle","alle","personer","122","sysselsatte_kjonn_land","NULL","NULL","1430"
"2013","NULL","alle","alle","prosent","83","sysselsatte_kjonn_land","NULL","NULL","1430"
"2013","NULL","0","1","personer","55","sysselsatte_kjonn_land","NULL","NULL","1431"
"2013","NULL","0","1","prosent","94.8","sysselsatte_kjonn_land","NULL","NULL","1431"
"2013","NULL","0","2","personer","13","sysselsatte_kjonn_land","NULL","NULL","1431"
"2013","NULL","0","2","prosent","22.4","sysselsatte_kjonn_land","NULL","NULL","1431"
"2013","NULL","0","alle","personer","68","sysselsatte_kjonn_land","NULL","NULL","1431"
"2013","NULL","0","alle","prosent","58.6","sysselsatte_kjonn_land","NULL","NULL","1431"
"2013","NULL","1","1","personer","30","sysselsatte_kjonn_land","NULL","NULL","1431"
"2013","NULL","1","1","prosent","81.1","sysselsatte_kjonn_land","NULL","NULL","1431"
"2013","NULL","1","2","personer","18","sysselsatte_kjonn_land","NULL","NULL","1431"
"2013","NULL","1","2","prosent","41.9","sysselsatte_kjonn_land","NULL","NULL","1431"
"2013","NULL","1","alle","personer","48","sysselsatte_kjonn_land","NULL","NULL","1431"
"2013","NULL","1","alle","prosent","60","sysselsatte_kjonn_land","NULL","NULL","1431"
"2013","NULL","alle","1","personer","85","sysselsatte_kjonn_land","NULL","NULL","1431"
"2013","NULL","alle","1","prosent","89.5","sysselsatte_kjonn_land","NULL","NULL","1431"
"2013","NULL","alle","2","personer","31","sysselsatte_kjonn_land","NULL","NULL","1431"
"2013","NULL","alle","2","prosent","30.7","sysselsatte_kjonn_land","NULL","NULL","1431"
"2013","NULL","alle","alle","personer","116","sysselsatte_kjonn_land","NULL","NULL","1431"
"2013","NULL","alle","alle","prosent","59.2","sysselsatte_kjonn_land","NULL","NULL","1431"
"2013","NULL","0","1","personer","232","sysselsatte_kjonn_land","NULL","NULL","1432"
"2013","NULL","0","1","prosent","85.6","sysselsatte_kjonn_land","NULL","NULL","1432"
"2013","NULL","0","2","personer","104","sysselsatte_kjonn_land","NULL","NULL","1432"
"2013","NULL","0","2","prosent","59.1","sysselsatte_kjonn_land","NULL","NULL","1432"
"2013","NULL","0","alle","personer","336","sysselsatte_kjonn_land","NULL","NULL","1432"
"2013","NULL","0","alle","prosent","75.2","sysselsatte_kjonn_land","NULL","NULL","1432"
"2013","NULL","1","1","personer","153","sysselsatte_kjonn_land","NULL","NULL","1432"
"2013","NULL","1","1","prosent","80.1","sysselsatte_kjonn_land","NULL","NULL","1432"
"2013","NULL","1","2","personer","122","sysselsatte_kjonn_land","NULL","NULL","1432"
"2013","NULL","1","2","prosent","59.2","sysselsatte_kjonn_land","NULL","NULL","1432"
"2013","NULL","1","alle","personer","275","sysselsatte_kjonn_land","NULL","NULL","1432"
"2013","NULL","1","alle","prosent","69.3","sysselsatte_kjonn_land","NULL","NULL","1432"
"2013","NULL","alle","1","personer","385","sysselsatte_kjonn_land","NULL","NULL","1432"
"2013","NULL","alle","1","prosent","83.3","sysselsatte_kjonn_land","NULL","NULL","1432"
"2013","NULL","alle","2","personer","226","sysselsatte_kjonn_land","NULL","NULL","1432"
"2013","NULL","alle","2","prosent","59.2","sysselsatte_kjonn_land","NULL","NULL","1432"
"2013","NULL","alle","alle","personer","611","sysselsatte_kjonn_land","NULL","NULL","1432"
"2013","NULL","alle","alle","prosent","72.4","sysselsatte_kjonn_land","NULL","NULL","1432"
"2013","NULL","0","1","personer","43","sysselsatte_kjonn_land","NULL","NULL","1433"
"2013","NULL","0","1","prosent","87.8","sysselsatte_kjonn_land","NULL","NULL","1433"
"2013","NULL","0","2","personer","4","sysselsatte_kjonn_land","NULL","NULL","1433"
"2013","NULL","0","2","prosent","66.7","sysselsatte_kjonn_land","NULL","NULL","1433"
"2013","NULL","0","alle","personer","47","sysselsatte_kjonn_land","NULL","NULL","1433"
"2013","NULL","0","alle","prosent","85.5","sysselsatte_kjonn_land","NULL","NULL","1433"
"2013","NULL","1","1","personer","28","sysselsatte_kjonn_land","NULL","NULL","1433"
"2013","NULL","1","1","prosent","84.8","sysselsatte_kjonn_land","NULL","NULL","1433"
"2013","NULL","1","2","personer","18","sysselsatte_kjonn_land","NULL","NULL","1433"
"2013","NULL","1","2","prosent","75","sysselsatte_kjonn_land","NULL","NULL","1433"
"2013","NULL","1","alle","personer","46","sysselsatte_kjonn_land","NULL","NULL","1433"
"2013","NULL","1","alle","prosent","80.7","sysselsatte_kjonn_land","NULL","NULL","1433"
"2013","NULL","alle","1","personer","71","sysselsatte_kjonn_land","NULL","NULL","1433"
"2013","NULL","alle","1","prosent","86.6","sysselsatte_kjonn_land","NULL","NULL","1433"
"2013","NULL","alle","2","personer","22","sysselsatte_kjonn_land","NULL","NULL","1433"
"2013","NULL","alle","2","prosent","73.3","sysselsatte_kjonn_land","NULL","NULL","1433"
"2013","NULL","alle","alle","personer","93","sysselsatte_kjonn_land","NULL","NULL","1433"
"2013","NULL","alle","alle","prosent","83","sysselsatte_kjonn_land","NULL","NULL","1433"
"2013","NULL","0","1","personer","120","sysselsatte_kjonn_land","NULL","NULL","1438"
"2013","NULL","0","1","prosent","82.2","sysselsatte_kjonn_land","NULL","NULL","1438"
"2013","NULL","0","2","personer","20","sysselsatte_kjonn_land","NULL","NULL","1438"
"2013","NULL","0","2","prosent","33.3","sysselsatte_kjonn_land","NULL","NULL","1438"
"2013","NULL","0","alle","personer","140","sysselsatte_kjonn_land","NULL","NULL","1438"
"2013","NULL","0","alle","prosent","68","sysselsatte_kjonn_land","NULL","NULL","1438"
"2013","NULL","1","1","personer","65","sysselsatte_kjonn_land","NULL","NULL","1438"
"2013","NULL","1","1","prosent","72.2","sysselsatte_kjonn_land","NULL","NULL","1438"
"2013","NULL","1","2","personer","60","sysselsatte_kjonn_land","NULL","NULL","1438"
"2013","NULL","1","2","prosent","60.6","sysselsatte_kjonn_land","NULL","NULL","1438"
"2013","NULL","1","alle","personer","125","sysselsatte_kjonn_land","NULL","NULL","1438"
"2013","NULL","1","alle","prosent","66.1","sysselsatte_kjonn_land","NULL","NULL","1438"
"2013","NULL","alle","1","personer","185","sysselsatte_kjonn_land","NULL","NULL","1438"
"2013","NULL","alle","1","prosent","78.4","sysselsatte_kjonn_land","NULL","NULL","1438"
"2013","NULL","alle","2","personer","80","sysselsatte_kjonn_land","NULL","NULL","1438"
"2013","NULL","alle","2","prosent","50.3","sysselsatte_kjonn_land","NULL","NULL","1438"
"2013","NULL","alle","alle","personer","265","sysselsatte_kjonn_land","NULL","NULL","1438"
"2013","NULL","alle","alle","prosent","67.1","sysselsatte_kjonn_land","NULL","NULL","1438"
"2013","NULL","0","1","personer","200","sysselsatte_kjonn_land","NULL","NULL","1439"
"2013","NULL","0","1","prosent","78.7","sysselsatte_kjonn_land","NULL","NULL","1439"
"2013","NULL","0","2","personer","30","sysselsatte_kjonn_land","NULL","NULL","1439"
"2013","NULL","0","2","prosent","81.1","sysselsatte_kjonn_land","NULL","NULL","1439"
"2013","NULL","0","alle","personer","230","sysselsatte_kjonn_land","NULL","NULL","1439"
"2013","NULL","0","alle","prosent","79","sysselsatte_kjonn_land","NULL","NULL","1439"
"2013","NULL","1","1","personer","69","sysselsatte_kjonn_land","NULL","NULL","1439"
"2013","NULL","1","1","prosent","58.5","sysselsatte_kjonn_land","NULL","NULL","1439"
"2013","NULL","1","2","personer","62","sysselsatte_kjonn_land","NULL","NULL","1439"
"2013","NULL","1","2","prosent","66","sysselsatte_kjonn_land","NULL","NULL","1439"
"2013","NULL","1","alle","personer","131","sysselsatte_kjonn_land","NULL","NULL","1439"
"2013","NULL","1","alle","prosent","61.8","sysselsatte_kjonn_land","NULL","NULL","1439"
"2013","NULL","alle","1","personer","269","sysselsatte_kjonn_land","NULL","NULL","1439"
"2013","NULL","alle","1","prosent","72.3","sysselsatte_kjonn_land","NULL","NULL","1439"
"2013","NULL","alle","2","personer","92","sysselsatte_kjonn_land","NULL","NULL","1439"
"2013","NULL","alle","2","prosent","70.2","sysselsatte_kjonn_land","NULL","NULL","1439"
"2013","NULL","alle","alle","personer","361","sysselsatte_kjonn_land","NULL","NULL","1439"
"2013","NULL","alle","alle","prosent","71.8","sysselsatte_kjonn_land","NULL","NULL","1439"
"2013","NULL","0","1","personer","44","sysselsatte_kjonn_land","NULL","NULL","1441"
"2013","NULL","0","1","prosent","84.6","sysselsatte_kjonn_land","NULL","NULL","1441"
"2013","NULL","0","2","personer","7","sysselsatte_kjonn_land","NULL","NULL","1441"
"2013","NULL","0","2","prosent","87.5","sysselsatte_kjonn_land","NULL","NULL","1441"
"2013","NULL","0","alle","personer","51","sysselsatte_kjonn_land","NULL","NULL","1441"
"2013","NULL","0","alle","prosent","85","sysselsatte_kjonn_land","NULL","NULL","1441"
"2013","NULL","1","1","personer","28","sysselsatte_kjonn_land","NULL","NULL","1441"
"2013","NULL","1","1","prosent","82.4","sysselsatte_kjonn_land","NULL","NULL","1441"
"2013","NULL","1","2","personer","23","sysselsatte_kjonn_land","NULL","NULL","1441"
"2013","NULL","1","2","prosent","59","sysselsatte_kjonn_land","NULL","NULL","1441"
"2013","NULL","1","alle","personer","51","sysselsatte_kjonn_land","NULL","NULL","1441"
"2013","NULL","1","alle","prosent","69.9","sysselsatte_kjonn_land","NULL","NULL","1441"
"2013","NULL","alle","1","personer","72","sysselsatte_kjonn_land","NULL","NULL","1441"
"2013","NULL","alle","1","prosent","83.7","sysselsatte_kjonn_land","NULL","NULL","1441"
"2013","NULL","alle","2","personer","30","sysselsatte_kjonn_land","NULL","NULL","1441"
"2013","NULL","alle","2","prosent","63.8","sysselsatte_kjonn_land","NULL","NULL","1441"
"2013","NULL","alle","alle","personer","102","sysselsatte_kjonn_land","NULL","NULL","1441"
"2013","NULL","alle","alle","prosent","76.7","sysselsatte_kjonn_land","NULL","NULL","1441"
"2013","NULL","0","1","personer","98","sysselsatte_kjonn_land","NULL","NULL","1443"
"2013","NULL","0","1","prosent","83.8","sysselsatte_kjonn_land","NULL","NULL","1443"
"2013","NULL","0","2","personer","24","sysselsatte_kjonn_land","NULL","NULL","1443"
"2013","NULL","0","2","prosent","61.5","sysselsatte_kjonn_land","NULL","NULL","1443"
"2013","NULL","0","alle","personer","122","sysselsatte_kjonn_land","NULL","NULL","1443"
"2013","NULL","0","alle","prosent","78.2","sysselsatte_kjonn_land","NULL","NULL","1443"
"2013","NULL","1","1","personer","54","sysselsatte_kjonn_land","NULL","NULL","1443"
"2013","NULL","1","1","prosent","65.1","sysselsatte_kjonn_land","NULL","NULL","1443"
"2013","NULL","1","2","personer","43","sysselsatte_kjonn_land","NULL","NULL","1443"
"2013","NULL","1","2","prosent","59.7","sysselsatte_kjonn_land","NULL","NULL","1443"
"2013","NULL","1","alle","personer","97","sysselsatte_kjonn_land","NULL","NULL","1443"
"2013","NULL","1","alle","prosent","62.6","sysselsatte_kjonn_land","NULL","NULL","1443"
"2013","NULL","alle","1","personer","152","sysselsatte_kjonn_land","NULL","NULL","1443"
"2013","NULL","alle","1","prosent","76","sysselsatte_kjonn_land","NULL","NULL","1443"
"2013","NULL","alle","2","personer","67","sysselsatte_kjonn_land","NULL","NULL","1443"
"2013","NULL","alle","2","prosent","60.4","sysselsatte_kjonn_land","NULL","NULL","1443"
"2013","NULL","alle","alle","personer","219","sysselsatte_kjonn_land","NULL","NULL","1443"
"2013","NULL","alle","alle","prosent","70.4","sysselsatte_kjonn_land","NULL","NULL","1443"
"2013","NULL","0","1","personer","22","sysselsatte_kjonn_land","NULL","NULL","1444"
"2013","NULL","0","1","prosent","100","sysselsatte_kjonn_land","NULL","NULL","1444"
"2013","NULL","0","2","personer","5","sysselsatte_kjonn_land","NULL","NULL","1444"
"2013","NULL","0","2","prosent","83.3","sysselsatte_kjonn_land","NULL","NULL","1444"
"2013","NULL","0","alle","personer","27","sysselsatte_kjonn_land","NULL","NULL","1444"
"2013","NULL","0","alle","prosent","96.4","sysselsatte_kjonn_land","NULL","NULL","1444"
"2013","NULL","1","1","personer","22","sysselsatte_kjonn_land","NULL","NULL","1444"
"2013","NULL","1","1","prosent","78.6","sysselsatte_kjonn_land","NULL","NULL","1444"
"2013","NULL","1","2","personer","4","sysselsatte_kjonn_land","NULL","NULL","1444"
"2013","NULL","1","2","prosent","80","sysselsatte_kjonn_land","NULL","NULL","1444"
"2013","NULL","1","alle","personer","26","sysselsatte_kjonn_land","NULL","NULL","1444"
"2013","NULL","1","alle","prosent","78.8","sysselsatte_kjonn_land","NULL","NULL","1444"
"2013","NULL","alle","1","personer","44","sysselsatte_kjonn_land","NULL","NULL","1444"
"2013","NULL","alle","1","prosent","88","sysselsatte_kjonn_land","NULL","NULL","1444"
"2013","NULL","alle","2","personer","9","sysselsatte_kjonn_land","NULL","NULL","1444"
"2013","NULL","alle","2","prosent","81.8","sysselsatte_kjonn_land","NULL","NULL","1444"
"2013","NULL","alle","alle","personer","53","sysselsatte_kjonn_land","NULL","NULL","1444"
"2013","NULL","alle","alle","prosent","86.9","sysselsatte_kjonn_land","NULL","NULL","1444"
"2013","NULL","0","1","personer","78","sysselsatte_kjonn_land","NULL","NULL","1445"
"2013","NULL","0","1","prosent","89.7","sysselsatte_kjonn_land","NULL","NULL","1445"
"2013","NULL","0","2","personer","40","sysselsatte_kjonn_land","NULL","NULL","1445"
"2013","NULL","0","2","prosent","85.1","sysselsatte_kjonn_land","NULL","NULL","1445"
"2013","NULL","0","alle","personer","118","sysselsatte_kjonn_land","NULL","NULL","1445"
"2013","NULL","0","alle","prosent","88.1","sysselsatte_kjonn_land","NULL","NULL","1445"
"2013","NULL","1","1","personer","45","sysselsatte_kjonn_land","NULL","NULL","1445"
"2013","NULL","1","1","prosent","75","sysselsatte_kjonn_land","NULL","NULL","1445"
"2013","NULL","1","2","personer","44","sysselsatte_kjonn_land","NULL","NULL","1445"
"2013","NULL","1","2","prosent","66.7","sysselsatte_kjonn_land","NULL","NULL","1445"
"2013","NULL","1","alle","personer","89","sysselsatte_kjonn_land","NULL","NULL","1445"
"2013","NULL","1","alle","prosent","70.6","sysselsatte_kjonn_land","NULL","NULL","1445"
"2013","NULL","alle","1","personer","123","sysselsatte_kjonn_land","NULL","NULL","1445"
"2013","NULL","alle","1","prosent","83.7","sysselsatte_kjonn_land","NULL","NULL","1445"
"2013","NULL","alle","2","personer","84","sysselsatte_kjonn_land","NULL","NULL","1445"
"2013","NULL","alle","2","prosent","74.3","sysselsatte_kjonn_land","NULL","NULL","1445"
"2013","NULL","alle","alle","personer","207","sysselsatte_kjonn_land","NULL","NULL","1445"
"2013","NULL","alle","alle","prosent","79.6","sysselsatte_kjonn_land","NULL","NULL","1445"
"2013","NULL","0","1","personer","362","sysselsatte_kjonn_land","NULL","NULL","1449"
"2013","NULL","0","1","prosent","83.2","sysselsatte_kjonn_land","NULL","NULL","1449"
"2013","NULL","0","2","personer","34","sysselsatte_kjonn_land","NULL","NULL","1449"
"2013","NULL","0","2","prosent","54","sysselsatte_kjonn_land","NULL","NULL","1449"
"2013","NULL","0","alle","personer","396","sysselsatte_kjonn_land","NULL","NULL","1449"
"2013","NULL","0","alle","prosent","79.5","sysselsatte_kjonn_land","NULL","NULL","1449"
"2013","NULL","1","1","personer","156","sysselsatte_kjonn_land","NULL","NULL","1449"
"2013","NULL","1","1","prosent","71.6","sysselsatte_kjonn_land","NULL","NULL","1449"
"2013","NULL","1","2","personer","45","sysselsatte_kjonn_land","NULL","NULL","1449"
"2013","NULL","1","2","prosent","48.9","sysselsatte_kjonn_land","NULL","NULL","1449"
"2013","NULL","1","alle","personer","201","sysselsatte_kjonn_land","NULL","NULL","1449"
"2013","NULL","1","alle","prosent","64.8","sysselsatte_kjonn_land","NULL","NULL","1449"
"2013","NULL","alle","1","personer","518","sysselsatte_kjonn_land","NULL","NULL","1449"
"2013","NULL","alle","1","prosent","79.3","sysselsatte_kjonn_land","NULL","NULL","1449"
"2013","NULL","alle","2","personer","79","sysselsatte_kjonn_land","NULL","NULL","1449"
"2013","NULL","alle","2","prosent","51","sysselsatte_kjonn_land","NULL","NULL","1449"
"2013","NULL","alle","alle","personer","597","sysselsatte_kjonn_land","NULL","NULL","1449"
"2013","NULL","alle","alle","prosent","73.9","sysselsatte_kjonn_land","NULL","NULL","1449"
"2013","NULL","0","1","personer","546","sysselsatte_kjonn_land","NULL","NULL","1502"
"2013","NULL","0","1","prosent","79","sysselsatte_kjonn_land","NULL","NULL","1502"
"2013","NULL","0","2","personer","251","sysselsatte_kjonn_land","NULL","NULL","1502"
"2013","NULL","0","2","prosent","64.7","sysselsatte_kjonn_land","NULL","NULL","1502"
"2013","NULL","0","alle","personer","797","sysselsatte_kjonn_land","NULL","NULL","1502"
"2013","NULL","0","alle","prosent","73.9","sysselsatte_kjonn_land","NULL","NULL","1502"
"2013","NULL","1","1","personer","312","sysselsatte_kjonn_land","NULL","NULL","1502"
"2013","NULL","1","1","prosent","75.4","sysselsatte_kjonn_land","NULL","NULL","1502"
"2013","NULL","1","2","personer","283","sysselsatte_kjonn_land","NULL","NULL","1502"
"2013","NULL","1","2","prosent","56.4","sysselsatte_kjonn_land","NULL","NULL","1502"
"2013","NULL","1","alle","personer","595","sysselsatte_kjonn_land","NULL","NULL","1502"
"2013","NULL","1","alle","prosent","65","sysselsatte_kjonn_land","NULL","NULL","1502"
"2013","NULL","alle","1","personer","858","sysselsatte_kjonn_land","NULL","NULL","1502"
"2013","NULL","alle","1","prosent","77.6","sysselsatte_kjonn_land","NULL","NULL","1502"
"2013","NULL","alle","2","personer","534","sysselsatte_kjonn_land","NULL","NULL","1502"
"2013","NULL","alle","2","prosent","60","sysselsatte_kjonn_land","NULL","NULL","1502"
"2013","NULL","alle","alle","personer","1392","sysselsatte_kjonn_land","NULL","NULL","1502"
"2013","NULL","alle","alle","prosent","69.8","sysselsatte_kjonn_land","NULL","NULL","1502"
"2013","NULL","0","1","personer","1352","sysselsatte_kjonn_land","NULL","NULL","1504"
"2013","NULL","0","1","prosent","78.2","sysselsatte_kjonn_land","NULL","NULL","1504"
"2013","NULL","0","2","personer","463","sysselsatte_kjonn_land","NULL","NULL","1504"
"2013","NULL","0","2","prosent","67.5","sysselsatte_kjonn_land","NULL","NULL","1504"
"2013","NULL","0","alle","personer","1815","sysselsatte_kjonn_land","NULL","NULL","1504"
"2013","NULL","0","alle","prosent","75.2","sysselsatte_kjonn_land","NULL","NULL","1504"
"2013","NULL","1","1","personer","665","sysselsatte_kjonn_land","NULL","NULL","1504"
"2013","NULL","1","1","prosent","73.4","sysselsatte_kjonn_land","NULL","NULL","1504"
"2013","NULL","1","2","personer","566","sysselsatte_kjonn_land","NULL","NULL","1504"
"2013","NULL","1","2","prosent","60.4","sysselsatte_kjonn_land","NULL","NULL","1504"
"2013","NULL","1","alle","personer","1231","sysselsatte_kjonn_land","NULL","NULL","1504"
"2013","NULL","1","alle","prosent","66.8","sysselsatte_kjonn_land","NULL","NULL","1504"
"2013","NULL","alle","1","personer","2017","sysselsatte_kjonn_land","NULL","NULL","1504"
"2013","NULL","alle","1","prosent","76.6","sysselsatte_kjonn_land","NULL","NULL","1504"
"2013","NULL","alle","2","personer","1029","sysselsatte_kjonn_land","NULL","NULL","1504"
"2013","NULL","alle","2","prosent","63.4","sysselsatte_kjonn_land","NULL","NULL","1504"
"2013","NULL","alle","alle","personer","3046","sysselsatte_kjonn_land","NULL","NULL","1504"
"2013","NULL","alle","alle","prosent","71.6","sysselsatte_kjonn_land","NULL","NULL","1504"
"2013","NULL","0","1","personer","584","sysselsatte_kjonn_land","NULL","NULL","1505"
"2013","NULL","0","1","prosent","80.9","sysselsatte_kjonn_land","NULL","NULL","1505"
"2013","NULL","0","2","personer","236","sysselsatte_kjonn_land","NULL","NULL","1505"
"2013","NULL","0","2","prosent","64.1","sysselsatte_kjonn_land","NULL","NULL","1505"
"2013","NULL","0","alle","personer","820","sysselsatte_kjonn_land","NULL","NULL","1505"
"2013","NULL","0","alle","prosent","75.2","sysselsatte_kjonn_land","NULL","NULL","1505"
"2013","NULL","1","1","personer","269","sysselsatte_kjonn_land","NULL","NULL","1505"
"2013","NULL","1","1","prosent","67.4","sysselsatte_kjonn_land","NULL","NULL","1505"
"2013","NULL","1","2","personer","249","sysselsatte_kjonn_land","NULL","NULL","1505"
"2013","NULL","1","2","prosent","50.6","sysselsatte_kjonn_land","NULL","NULL","1505"
"2013","NULL","1","alle","personer","518","sysselsatte_kjonn_land","NULL","NULL","1505"
"2013","NULL","1","alle","prosent","58.1","sysselsatte_kjonn_land","NULL","NULL","1505"
"2013","NULL","alle","1","personer","853","sysselsatte_kjonn_land","NULL","NULL","1505"
"2013","NULL","alle","1","prosent","76.1","sysselsatte_kjonn_land","NULL","NULL","1505"
"2013","NULL","alle","2","personer","485","sysselsatte_kjonn_land","NULL","NULL","1505"
"2013","NULL","alle","2","prosent","56.4","sysselsatte_kjonn_land","NULL","NULL","1505"
"2013","NULL","alle","alle","personer","1338","sysselsatte_kjonn_land","NULL","NULL","1505"
"2013","NULL","alle","alle","prosent","67.5","sysselsatte_kjonn_land","NULL","NULL","1505"
"2013","NULL","0","1","personer",":","sysselsatte_kjonn_land","NULL","NULL","1511"
"2013","NULL","0","1","prosent",":","sysselsatte_kjonn_land","NULL","NULL","1511"
"2013","NULL","0","2","personer",":","sysselsatte_kjonn_land","NULL","NULL","1511"
"2013","NULL","0","2","prosent",":","sysselsatte_kjonn_land","NULL","NULL","1511"
"2013","NULL","0","alle","personer","49","sysselsatte_kjonn_land","NULL","NULL","1511"
"2013","NULL","0","alle","prosent","80.3","sysselsatte_kjonn_land","NULL","NULL","1511"
"2013","NULL","1","1","personer","28","sysselsatte_kjonn_land","NULL","NULL","1511"
"2013","NULL","1","1","prosent","71.8","sysselsatte_kjonn_land","NULL","NULL","1511"
"2013","NULL","1","2","personer","26","sysselsatte_kjonn_land","NULL","NULL","1511"
"2013","NULL","1","2","prosent","65","sysselsatte_kjonn_land","NULL","NULL","1511"
"2013","NULL","1","alle","personer","54","sysselsatte_kjonn_land","NULL","NULL","1511"
"2013","NULL","1","alle","prosent","68.4","sysselsatte_kjonn_land","NULL","NULL","1511"
"2013","NULL","alle","1","personer","75","sysselsatte_kjonn_land","NULL","NULL","1511"
"2013","NULL","alle","1","prosent","76.5","sysselsatte_kjonn_land","NULL","NULL","1511"
"2013","NULL","alle","2","personer","28","sysselsatte_kjonn_land","NULL","NULL","1511"
"2013","NULL","alle","2","prosent","66.7","sysselsatte_kjonn_land","NULL","NULL","1511"
"2013","NULL","alle","alle","personer","103","sysselsatte_kjonn_land","NULL","NULL","1511"
"2013","NULL","alle","alle","prosent","73.6","sysselsatte_kjonn_land","NULL","NULL","1511"
"2013","NULL","0","1","personer","189","sysselsatte_kjonn_land","NULL","NULL","1514"
"2013","NULL","0","1","prosent","88.7","sysselsatte_kjonn_land","NULL","NULL","1514"
"2013","NULL","0","2","personer","4","sysselsatte_kjonn_land","NULL","NULL","1514"
"2013","NULL","0","2","prosent","57.1","sysselsatte_kjonn_land","NULL","NULL","1514"
"2013","NULL","0","alle","personer","193","sysselsatte_kjonn_land","NULL","NULL","1514"
"2013","NULL","0","alle","prosent","87.7","sysselsatte_kjonn_land","NULL","NULL","1514"
"2013","NULL","1","1","personer","58","sysselsatte_kjonn_land","NULL","NULL","1514"
"2013","NULL","1","1","prosent","71.6","sysselsatte_kjonn_land","NULL","NULL","1514"
"2013","NULL","1","2","personer","18","sysselsatte_kjonn_land","NULL","NULL","1514"
"2013","NULL","1","2","prosent","66.7","sysselsatte_kjonn_land","NULL","NULL","1514"
"2013","NULL","1","alle","personer","76","sysselsatte_kjonn_land","NULL","NULL","1514"
"2013","NULL","1","alle","prosent","70.4","sysselsatte_kjonn_land","NULL","NULL","1514"
"2013","NULL","alle","1","personer","247","sysselsatte_kjonn_land","NULL","NULL","1514"
"2013","NULL","alle","1","prosent","84","sysselsatte_kjonn_land","NULL","NULL","1514"
"2013","NULL","alle","2","personer","22","sysselsatte_kjonn_land","NULL","NULL","1514"
"2013","NULL","alle","2","prosent","64.7","sysselsatte_kjonn_land","NULL","NULL","1514"
"2013","NULL","alle","alle","personer","269","sysselsatte_kjonn_land","NULL","NULL","1514"
"2013","NULL","alle","alle","prosent","82","sysselsatte_kjonn_land","NULL","NULL","1514"
"2013","NULL","0","1","personer","241","sysselsatte_kjonn_land","NULL","NULL","1515"
"2013","NULL","0","1","prosent","84","sysselsatte_kjonn_land","NULL","NULL","1515"
"2013","NULL","0","2","personer","35","sysselsatte_kjonn_land","NULL","NULL","1515"
"2013","NULL","0","2","prosent","62.5","sysselsatte_kjonn_land","NULL","NULL","1515"
"2013","NULL","0","alle","personer","276","sysselsatte_kjonn_land","NULL","NULL","1515"
"2013","NULL","0","alle","prosent","80.5","sysselsatte_kjonn_land","NULL","NULL","1515"
"2013","NULL","1","1","personer","170","sysselsatte_kjonn_land","NULL","NULL","1515"
"2013","NULL","1","1","prosent","80.2","sysselsatte_kjonn_land","NULL","NULL","1515"
"2013","NULL","1","2","personer","98","sysselsatte_kjonn_land","NULL","NULL","1515"
"2013","NULL","1","2","prosent","62.4","sysselsatte_kjonn_land","NULL","NULL","1515"
"2013","NULL","1","alle","personer","268","sysselsatte_kjonn_land","NULL","NULL","1515"
"2013","NULL","1","alle","prosent","72.6","sysselsatte_kjonn_land","NULL","NULL","1515"
"2013","NULL","alle","1","personer","411","sysselsatte_kjonn_land","NULL","NULL","1515"
"2013","NULL","alle","1","prosent","82.4","sysselsatte_kjonn_land","NULL","NULL","1515"
"2013","NULL","alle","2","personer","133","sysselsatte_kjonn_land","NULL","NULL","1515"
"2013","NULL","alle","2","prosent","62.4","sysselsatte_kjonn_land","NULL","NULL","1515"
"2013","NULL","alle","alle","personer","544","sysselsatte_kjonn_land","NULL","NULL","1515"
"2013","NULL","alle","alle","prosent","76.4","sysselsatte_kjonn_land","NULL","NULL","1515"
"2013","NULL","0","1","personer","470","sysselsatte_kjonn_land","NULL","NULL","1516"
"2013","NULL","0","1","prosent","89.4","sysselsatte_kjonn_land","NULL","NULL","1516"
"2013","NULL","0","2","personer","64","sysselsatte_kjonn_land","NULL","NULL","1516"
"2013","NULL","0","2","prosent","58.7","sysselsatte_kjonn_land","NULL","NULL","1516"
"2013","NULL","0","alle","personer","534","sysselsatte_kjonn_land","NULL","NULL","1516"
"2013","NULL","0","alle","prosent","84.1","sysselsatte_kjonn_land","NULL","NULL","1516"
"2013","NULL","1","1","personer","100","sysselsatte_kjonn_land","NULL","NULL","1516"
"2013","NULL","1","1","prosent","74.6","sysselsatte_kjonn_land","NULL","NULL","1516"
"2013","NULL","1","2","personer","120","sysselsatte_kjonn_land","NULL","NULL","1516"
"2013","NULL","1","2","prosent","51.7","sysselsatte_kjonn_land","NULL","NULL","1516"
"2013","NULL","1","alle","personer","220","sysselsatte_kjonn_land","NULL","NULL","1516"
"2013","NULL","1","alle","prosent","60.1","sysselsatte_kjonn_land","NULL","NULL","1516"
"2013","NULL","alle","1","personer","570","sysselsatte_kjonn_land","NULL","NULL","1516"
"2013","NULL","alle","1","prosent","86.4","sysselsatte_kjonn_land","NULL","NULL","1516"
"2013","NULL","alle","2","personer","184","sysselsatte_kjonn_land","NULL","NULL","1516"
"2013","NULL","alle","2","prosent","54","sysselsatte_kjonn_land","NULL","NULL","1516"
"2013","NULL","alle","alle","personer","754","sysselsatte_kjonn_land","NULL","NULL","1516"
"2013","NULL","alle","alle","prosent","75.3","sysselsatte_kjonn_land","NULL","NULL","1516"
"2013","NULL","0","1","personer","175","sysselsatte_kjonn_land","NULL","NULL","1517"
"2013","NULL","0","1","prosent","77.4","sysselsatte_kjonn_land","NULL","NULL","1517"
"2013","NULL","0","2","personer","71","sysselsatte_kjonn_land","NULL","NULL","1517"
"2013","NULL","0","2","prosent","86.6","sysselsatte_kjonn_land","NULL","NULL","1517"
"2013","NULL","0","alle","personer","246","sysselsatte_kjonn_land","NULL","NULL","1517"
"2013","NULL","0","alle","prosent","79.9","sysselsatte_kjonn_land","NULL","NULL","1517"
"2013","NULL","1","1","personer","90","sysselsatte_kjonn_land","NULL","NULL","1517"
"2013","NULL","1","1","prosent","70.9","sysselsatte_kjonn_land","NULL","NULL","1517"
"2013","NULL","1","2","personer","80","sysselsatte_kjonn_land","NULL","NULL","1517"
"2013","NULL","1","2","prosent","65.6","sysselsatte_kjonn_land","NULL","NULL","1517"
"2013","NULL","1","alle","personer","170","sysselsatte_kjonn_land","NULL","NULL","1517"
"2013","NULL","1","alle","prosent","68.3","sysselsatte_kjonn_land","NULL","NULL","1517"
"2013","NULL","alle","1","personer","265","sysselsatte_kjonn_land","NULL","NULL","1517"
"2013","NULL","alle","1","prosent","75.1","sysselsatte_kjonn_land","NULL","NULL","1517"
"2013","NULL","alle","2","personer","151","sysselsatte_kjonn_land","NULL","NULL","1517"
"2013","NULL","alle","2","prosent","74","sysselsatte_kjonn_land","NULL","NULL","1517"
"2013","NULL","alle","alle","personer","416","sysselsatte_kjonn_land","NULL","NULL","1517"
"2013","NULL","alle","alle","prosent","74.7","sysselsatte_kjonn_land","NULL","NULL","1517"
"2013","NULL","0","1","personer","111","sysselsatte_kjonn_land","NULL","NULL","1519"
"2013","NULL","0","1","prosent","72.1","sysselsatte_kjonn_land","NULL","NULL","1519"
"2013","NULL","0","2","personer","61","sysselsatte_kjonn_land","NULL","NULL","1519"
"2013","NULL","0","2","prosent","39.6","sysselsatte_kjonn_land","NULL","NULL","1519"
"2013","NULL","0","alle","personer","172","sysselsatte_kjonn_land","NULL","NULL","1519"
"2013","NULL","0","alle","prosent","55.8","sysselsatte_kjonn_land","NULL","NULL","1519"
"2013","NULL","1","1","personer","74","sysselsatte_kjonn_land","NULL","NULL","1519"
"2013","NULL","1","1","prosent","69.8","sysselsatte_kjonn_land","NULL","NULL","1519"
"2013","NULL","1","2","personer","91","sysselsatte_kjonn_land","NULL","NULL","1519"
"2013","NULL","1","2","prosent","54.5","sysselsatte_kjonn_land","NULL","NULL","1519"
"2013","NULL","1","alle","personer","165","sysselsatte_kjonn_land","NULL","NULL","1519"
"2013","NULL","1","alle","prosent","60.4","sysselsatte_kjonn_land","NULL","NULL","1519"
"2013","NULL","alle","1","personer","185","sysselsatte_kjonn_land","NULL","NULL","1519"
"2013","NULL","alle","1","prosent","71.2","sysselsatte_kjonn_land","NULL","NULL","1519"
"2013","NULL","alle","2","personer","152","sysselsatte_kjonn_land","NULL","NULL","1519"
"2013","NULL","alle","2","prosent","47.4","sysselsatte_kjonn_land","NULL","NULL","1519"
"2013","NULL","alle","alle","personer","337","sysselsatte_kjonn_land","NULL","NULL","1519"
"2013","NULL","alle","alle","prosent","58","sysselsatte_kjonn_land","NULL","NULL","1519"
"2013","NULL","0","1","personer","176","sysselsatte_kjonn_land","NULL","NULL","1520"
"2013","NULL","0","1","prosent","85.9","sysselsatte_kjonn_land","NULL","NULL","1520"
"2013","NULL","0","2","personer","46","sysselsatte_kjonn_land","NULL","NULL","1520"
"2013","NULL","0","2","prosent","58.2","sysselsatte_kjonn_land","NULL","NULL","1520"
"2013","NULL","0","alle","personer","222","sysselsatte_kjonn_land","NULL","NULL","1520"
"2013","NULL","0","alle","prosent","78.2","sysselsatte_kjonn_land","NULL","NULL","1520"
"2013","NULL","1","1","personer","76","sysselsatte_kjonn_land","NULL","NULL","1520"
"2013","NULL","1","1","prosent","71","sysselsatte_kjonn_land","NULL","NULL","1520"
"2013","NULL","1","2","personer","92","sysselsatte_kjonn_land","NULL","NULL","1520"
"2013","NULL","1","2","prosent","57.9","sysselsatte_kjonn_land","NULL","NULL","1520"
"2013","NULL","1","alle","personer","168","sysselsatte_kjonn_land","NULL","NULL","1520"
"2013","NULL","1","alle","prosent","63.2","sysselsatte_kjonn_land","NULL","NULL","1520"
"2013","NULL","alle","1","personer","252","sysselsatte_kjonn_land","NULL","NULL","1520"
"2013","NULL","alle","1","prosent","80.8","sysselsatte_kjonn_land","NULL","NULL","1520"
"2013","NULL","alle","2","personer","138","sysselsatte_kjonn_land","NULL","NULL","1520"
"2013","NULL","alle","2","prosent","58","sysselsatte_kjonn_land","NULL","NULL","1520"
"2013","NULL","alle","alle","personer","390","sysselsatte_kjonn_land","NULL","NULL","1520"
"2013","NULL","alle","alle","prosent","70.9","sysselsatte_kjonn_land","NULL","NULL","1520"
"2013","NULL","0","1","personer","74","sysselsatte_kjonn_land","NULL","NULL","1523"
"2013","NULL","0","1","prosent","69.8","sysselsatte_kjonn_land","NULL","NULL","1523"
"2013","NULL","0","2","personer","13","sysselsatte_kjonn_land","NULL","NULL","1523"
"2013","NULL","0","2","prosent","59.1","sysselsatte_kjonn_land","NULL","NULL","1523"
"2013","NULL","0","alle","personer","87","sysselsatte_kjonn_land","NULL","NULL","1523"
"2013","NULL","0","alle","prosent","68","sysselsatte_kjonn_land","NULL","NULL","1523"
"2013","NULL","1","1","personer","44","sysselsatte_kjonn_land","NULL","NULL","1523"
"2013","NULL","1","1","prosent","64.7","sysselsatte_kjonn_land","NULL","NULL","1523"
"2013","NULL","1","2","personer","33","sysselsatte_kjonn_land","NULL","NULL","1523"
"2013","NULL","1","2","prosent","71.7","sysselsatte_kjonn_land","NULL","NULL","1523"
"2013","NULL","1","alle","personer","77","sysselsatte_kjonn_land","NULL","NULL","1523"
"2013","NULL","1","alle","prosent","67.5","sysselsatte_kjonn_land","NULL","NULL","1523"
"2013","NULL","alle","1","personer","118","sysselsatte_kjonn_land","NULL","NULL","1523"
"2013","NULL","alle","1","prosent","67.8","sysselsatte_kjonn_land","NULL","NULL","1523"
"2013","NULL","alle","2","personer","46","sysselsatte_kjonn_land","NULL","NULL","1523"
"2013","NULL","alle","2","prosent","67.6","sysselsatte_kjonn_land","NULL","NULL","1523"
"2013","NULL","alle","alle","personer","164","sysselsatte_kjonn_land","NULL","NULL","1523"
"2013","NULL","alle","alle","prosent","67.8","sysselsatte_kjonn_land","NULL","NULL","1523"
"2013","NULL","0","1","personer","38","sysselsatte_kjonn_land","NULL","NULL","1524"
"2013","NULL","0","1","prosent","88.4","sysselsatte_kjonn_land","NULL","NULL","1524"
"2013","NULL","0","2","personer","6","sysselsatte_kjonn_land","NULL","NULL","1524"
"2013","NULL","0","2","prosent","85.7","sysselsatte_kjonn_land","NULL","NULL","1524"
"2013","NULL","0","alle","personer","44","sysselsatte_kjonn_land","NULL","NULL","1524"
"2013","NULL","0","alle","prosent","88","sysselsatte_kjonn_land","NULL","NULL","1524"
"2013","NULL","1","1","personer","42","sysselsatte_kjonn_land","NULL","NULL","1524"
"2013","NULL","1","1","prosent","89.4","sysselsatte_kjonn_land","NULL","NULL","1524"
"2013","NULL","1","2","personer","7","sysselsatte_kjonn_land","NULL","NULL","1524"
"2013","NULL","1","2","prosent","70","sysselsatte_kjonn_land","NULL","NULL","1524"
"2013","NULL","1","alle","personer","49","sysselsatte_kjonn_land","NULL","NULL","1524"
"2013","NULL","1","alle","prosent","86","sysselsatte_kjonn_land","NULL","NULL","1524"
"2013","NULL","alle","1","personer","80","sysselsatte_kjonn_land","NULL","NULL","1524"
"2013","NULL","alle","1","prosent","88.9","sysselsatte_kjonn_land","NULL","NULL","1524"
"2013","NULL","alle","2","personer","13","sysselsatte_kjonn_land","NULL","NULL","1524"
"2013","NULL","alle","2","prosent","76.5","sysselsatte_kjonn_land","NULL","NULL","1524"
"2013","NULL","alle","alle","personer","93","sysselsatte_kjonn_land","NULL","NULL","1524"
"2013","NULL","alle","alle","prosent","86.9","sysselsatte_kjonn_land","NULL","NULL","1524"
"2013","NULL","0","1","personer","224","sysselsatte_kjonn_land","NULL","NULL","1525"
"2013","NULL","0","1","prosent","86.2","sysselsatte_kjonn_land","NULL","NULL","1525"
"2013","NULL","0","2","personer","29","sysselsatte_kjonn_land","NULL","NULL","1525"
"2013","NULL","0","2","prosent","90.6","sysselsatte_kjonn_land","NULL","NULL","1525"
"2013","NULL","0","alle","personer","253","sysselsatte_kjonn_land","NULL","NULL","1525"
"2013","NULL","0","alle","prosent","86.6","sysselsatte_kjonn_land","NULL","NULL","1525"
"2013","NULL","1","1","personer","140","sysselsatte_kjonn_land","NULL","NULL","1525"
"2013","NULL","1","1","prosent","77.3","sysselsatte_kjonn_land","NULL","NULL","1525"
"2013","NULL","1","2","personer","38","sysselsatte_kjonn_land","NULL","NULL","1525"
"2013","NULL","1","2","prosent","86.4","sysselsatte_kjonn_land","NULL","NULL","1525"
"2013","NULL","1","alle","personer","178","sysselsatte_kjonn_land","NULL","NULL","1525"
"2013","NULL","1","alle","prosent","79.1","sysselsatte_kjonn_land","NULL","NULL","1525"
"2013","NULL","alle","1","personer","364","sysselsatte_kjonn_land","NULL","NULL","1525"
"2013","NULL","alle","1","prosent","82.5","sysselsatte_kjonn_land","NULL","NULL","1525"
"2013","NULL","alle","2","personer","67","sysselsatte_kjonn_land","NULL","NULL","1525"
"2013","NULL","alle","2","prosent","88.2","sysselsatte_kjonn_land","NULL","NULL","1525"
"2013","NULL","alle","alle","personer","431","sysselsatte_kjonn_land","NULL","NULL","1525"
"2013","NULL","alle","alle","prosent","83.4","sysselsatte_kjonn_land","NULL","NULL","1525"
"2013","NULL","0","1","personer",":","sysselsatte_kjonn_land","NULL","NULL","1526"
"2013","NULL","0","1","prosent",":","sysselsatte_kjonn_land","NULL","NULL","1526"
"2013","NULL","0","2","personer",":","sysselsatte_kjonn_land","NULL","NULL","1526"
"2013","NULL","0","2","prosent",":","sysselsatte_kjonn_land","NULL","NULL","1526"
"2013","NULL","0","alle","personer","48","sysselsatte_kjonn_land","NULL","NULL","1526"
"2013","NULL","0","alle","prosent","76.2","sysselsatte_kjonn_land","NULL","NULL","1526"
"2013","NULL","1","1","personer","32","sysselsatte_kjonn_land","NULL","NULL","1526"
"2013","NULL","1","1","prosent","74.4","sysselsatte_kjonn_land","NULL","NULL","1526"
"2013","NULL","1","2","personer","7","sysselsatte_kjonn_land","NULL","NULL","1526"
"2013","NULL","1","2","prosent","70","sysselsatte_kjonn_land","NULL","NULL","1526"
"2013","NULL","1","alle","personer","39","sysselsatte_kjonn_land","NULL","NULL","1526"
"2013","NULL","1","alle","prosent","73.6","sysselsatte_kjonn_land","NULL","NULL","1526"
"2013","NULL","alle","1","personer","77","sysselsatte_kjonn_land","NULL","NULL","1526"
"2013","NULL","alle","1","prosent","77.8","sysselsatte_kjonn_land","NULL","NULL","1526"
"2013","NULL","alle","2","personer","10","sysselsatte_kjonn_land","NULL","NULL","1526"
"2013","NULL","alle","2","prosent","58.8","sysselsatte_kjonn_land","NULL","NULL","1526"
"2013","NULL","alle","alle","personer","87","sysselsatte_kjonn_land","NULL","NULL","1526"
"2013","NULL","alle","alle","prosent","75","sysselsatte_kjonn_land","NULL","NULL","1526"
"2013","NULL","0","1","personer","209","sysselsatte_kjonn_land","NULL","NULL","1528"
"2013","NULL","0","1","prosent","84.3","sysselsatte_kjonn_land","NULL","NULL","1528"
"2013","NULL","0","2","personer","70","sysselsatte_kjonn_land","NULL","NULL","1528"
"2013","NULL","0","2","prosent","68","sysselsatte_kjonn_land","NULL","NULL","1528"
"2013","NULL","0","alle","personer","279","sysselsatte_kjonn_land","NULL","NULL","1528"
"2013","NULL","0","alle","prosent","79.5","sysselsatte_kjonn_land","NULL","NULL","1528"
"2013","NULL","1","1","personer","129","sysselsatte_kjonn_land","NULL","NULL","1528"
"2013","NULL","1","1","prosent","72.9","sysselsatte_kjonn_land","NULL","NULL","1528"
"2013","NULL","1","2","personer","87","sysselsatte_kjonn_land","NULL","NULL","1528"
"2013","NULL","1","2","prosent","57.2","sysselsatte_kjonn_land","NULL","NULL","1528"
"2013","NULL","1","alle","personer","216","sysselsatte_kjonn_land","NULL","NULL","1528"
"2013","NULL","1","alle","prosent","65.7","sysselsatte_kjonn_land","NULL","NULL","1528"
"2013","NULL","alle","1","personer","338","sysselsatte_kjonn_land","NULL","NULL","1528"
"2013","NULL","alle","1","prosent","79.5","sysselsatte_kjonn_land","NULL","NULL","1528"
"2013","NULL","alle","2","personer","157","sysselsatte_kjonn_land","NULL","NULL","1528"
"2013","NULL","alle","2","prosent","61.6","sysselsatte_kjonn_land","NULL","NULL","1528"
"2013","NULL","alle","alle","personer","495","sysselsatte_kjonn_land","NULL","NULL","1528"
"2013","NULL","alle","alle","prosent","72.8","sysselsatte_kjonn_land","NULL","NULL","1528"
"2013","NULL","0","1","personer","107","sysselsatte_kjonn_land","NULL","NULL","1529"
"2013","NULL","0","1","prosent","78.7","sysselsatte_kjonn_land","NULL","NULL","1529"
"2013","NULL","0","2","personer","12","sysselsatte_kjonn_land","NULL","NULL","1529"
"2013","NULL","0","2","prosent","75","sysselsatte_kjonn_land","NULL","NULL","1529"
"2013","NULL","0","alle","personer","119","sysselsatte_kjonn_land","NULL","NULL","1529"
"2013","NULL","0","alle","prosent","78.3","sysselsatte_kjonn_land","NULL","NULL","1529"
"2013","NULL","1","1","personer","59","sysselsatte_kjonn_land","NULL","NULL","1529"
"2013","NULL","1","1","prosent","71.1","sysselsatte_kjonn_land","NULL","NULL","1529"
"2013","NULL","1","2","personer","34","sysselsatte_kjonn_land","NULL","NULL","1529"
"2013","NULL","1","2","prosent","60.7","sysselsatte_kjonn_land","NULL","NULL","1529"
"2013","NULL","1","alle","personer","93","sysselsatte_kjonn_land","NULL","NULL","1529"
"2013","NULL","1","alle","prosent","66.9","sysselsatte_kjonn_land","NULL","NULL","1529"
"2013","NULL","alle","1","personer","166","sysselsatte_kjonn_land","NULL","NULL","1529"
"2013","NULL","alle","1","prosent","75.8","sysselsatte_kjonn_land","NULL","NULL","1529"
"2013","NULL","alle","2","personer","46","sysselsatte_kjonn_land","NULL","NULL","1529"
"2013","NULL","alle","2","prosent","63.9","sysselsatte_kjonn_land","NULL","NULL","1529"
"2013","NULL","alle","alle","personer","212","sysselsatte_kjonn_land","NULL","NULL","1529"
"2013","NULL","alle","alle","prosent","72.9","sysselsatte_kjonn_land","NULL","NULL","1529"
"2013","NULL","0","1","personer","271","sysselsatte_kjonn_land","NULL","NULL","1531"
"2013","NULL","0","1","prosent","84.2","sysselsatte_kjonn_land","NULL","NULL","1531"
"2013","NULL","0","2","personer","39","sysselsatte_kjonn_land","NULL","NULL","1531"
"2013","NULL","0","2","prosent","76.5","sysselsatte_kjonn_land","NULL","NULL","1531"
"2013","NULL","0","alle","personer","310","sysselsatte_kjonn_land","NULL","NULL","1531"
"2013","NULL","0","alle","prosent","83.1","sysselsatte_kjonn_land","NULL","NULL","1531"
"2013","NULL","1","1","personer","110","sysselsatte_kjonn_land","NULL","NULL","1531"
"2013","NULL","1","1","prosent","74.8","sysselsatte_kjonn_land","NULL","NULL","1531"
"2013","NULL","1","2","personer","89","sysselsatte_kjonn_land","NULL","NULL","1531"
"2013","NULL","1","2","prosent","67.9","sysselsatte_kjonn_land","NULL","NULL","1531"
"2013","NULL","1","alle","personer","199","sysselsatte_kjonn_land","NULL","NULL","1531"
"2013","NULL","1","alle","prosent","71.6","sysselsatte_kjonn_land","NULL","NULL","1531"
"2013","NULL","alle","1","personer","381","sysselsatte_kjonn_land","NULL","NULL","1531"
"2013","NULL","alle","1","prosent","81.2","sysselsatte_kjonn_land","NULL","NULL","1531"
"2013","NULL","alle","2","personer","128","sysselsatte_kjonn_land","NULL","NULL","1531"
"2013","NULL","alle","2","prosent","70.3","sysselsatte_kjonn_land","NULL","NULL","1531"
"2013","NULL","alle","alle","personer","509","sysselsatte_kjonn_land","NULL","NULL","1531"
"2013","NULL","alle","alle","prosent","78.2","sysselsatte_kjonn_land","NULL","NULL","1531"
"2013","NULL","0","1","personer","195","sysselsatte_kjonn_land","NULL","NULL","1532"
"2013","NULL","0","1","prosent","77.1","sysselsatte_kjonn_land","NULL","NULL","1532"
"2013","NULL","0","2","personer","37","sysselsatte_kjonn_land","NULL","NULL","1532"
"2013","NULL","0","2","prosent","74","sysselsatte_kjonn_land","NULL","NULL","1532"
"2013","NULL","0","alle","personer","232","sysselsatte_kjonn_land","NULL","NULL","1532"
"2013","NULL","0","alle","prosent","76.6","sysselsatte_kjonn_land","NULL","NULL","1532"
"2013","NULL","1","1","personer","107","sysselsatte_kjonn_land","NULL","NULL","1532"
"2013","NULL","1","1","prosent","71.3","sysselsatte_kjonn_land","NULL","NULL","1532"
"2013","NULL","1","2","personer","74","sysselsatte_kjonn_land","NULL","NULL","1532"
"2013","NULL","1","2","prosent","66.7","sysselsatte_kjonn_land","NULL","NULL","1532"
"2013","NULL","1","alle","personer","181","sysselsatte_kjonn_land","NULL","NULL","1532"
"2013","NULL","1","alle","prosent","69.3","sysselsatte_kjonn_land","NULL","NULL","1532"
"2013","NULL","alle","1","personer","302","sysselsatte_kjonn_land","NULL","NULL","1532"
"2013","NULL","alle","1","prosent","74.9","sysselsatte_kjonn_land","NULL","NULL","1532"
"2013","NULL","alle","2","personer","111","sysselsatte_kjonn_land","NULL","NULL","1532"
"2013","NULL","alle","2","prosent","68.9","sysselsatte_kjonn_land","NULL","NULL","1532"
"2013","NULL","alle","alle","personer","413","sysselsatte_kjonn_land","NULL","NULL","1532"
"2013","NULL","alle","alle","prosent","73.2","sysselsatte_kjonn_land","NULL","NULL","1532"
"2013","NULL","0","1","personer","315","sysselsatte_kjonn_land","NULL","NULL","1534"
"2013","NULL","0","1","prosent","85.4","sysselsatte_kjonn_land","NULL","NULL","1534"
"2013","NULL","0","2","personer","84","sysselsatte_kjonn_land","NULL","NULL","1534"
"2013","NULL","0","2","prosent","75","sysselsatte_kjonn_land","NULL","NULL","1534"
"2013","NULL","0","alle","personer","399","sysselsatte_kjonn_land","NULL","NULL","1534"
"2013","NULL","0","alle","prosent","83","sysselsatte_kjonn_land","NULL","NULL","1534"
"2013","NULL","1","1","personer","142","sysselsatte_kjonn_land","NULL","NULL","1534"
"2013","NULL","1","1","prosent","67","sysselsatte_kjonn_land","NULL","NULL","1534"
"2013","NULL","1","2","personer","138","sysselsatte_kjonn_land","NULL","NULL","1534"
"2013","NULL","1","2","prosent","61.9","sysselsatte_kjonn_land","NULL","NULL","1534"
"2013","NULL","1","alle","personer","280","sysselsatte_kjonn_land","NULL","NULL","1534"
"2013","NULL","1","alle","prosent","64.4","sysselsatte_kjonn_land","NULL","NULL","1534"
"2013","NULL","alle","1","personer","457","sysselsatte_kjonn_land","NULL","NULL","1534"
"2013","NULL","alle","1","prosent","78.7","sysselsatte_kjonn_land","NULL","NULL","1534"
"2013","NULL","alle","2","personer","222","sysselsatte_kjonn_land","NULL","NULL","1534"
"2013","NULL","alle","2","prosent","66.3","sysselsatte_kjonn_land","NULL","NULL","1534"
"2013","NULL","alle","alle","personer","679","sysselsatte_kjonn_land","NULL","NULL","1534"
"2013","NULL","alle","alle","prosent","74.1","sysselsatte_kjonn_land","NULL","NULL","1534"
"2013","NULL","0","1","personer","224","sysselsatte_kjonn_land","NULL","NULL","1535"
"2013","NULL","0","1","prosent","86.2","sysselsatte_kjonn_land","NULL","NULL","1535"
"2013","NULL","0","2","personer","27","sysselsatte_kjonn_land","NULL","NULL","1535"
"2013","NULL","0","2","prosent","42.9","sysselsatte_kjonn_land","NULL","NULL","1535"
"2013","NULL","0","alle","personer","251","sysselsatte_kjonn_land","NULL","NULL","1535"
"2013","NULL","0","alle","prosent","77.7","sysselsatte_kjonn_land","NULL","NULL","1535"
"2013","NULL","1","1","personer","82","sysselsatte_kjonn_land","NULL","NULL","1535"
"2013","NULL","1","1","prosent","74.5","sysselsatte_kjonn_land","NULL","NULL","1535"
"2013","NULL","1","2","personer","85","sysselsatte_kjonn_land","NULL","NULL","1535"
"2013","NULL","1","2","prosent","66.9","sysselsatte_kjonn_land","NULL","NULL","1535"
"2013","NULL","1","alle","personer","167","sysselsatte_kjonn_land","NULL","NULL","1535"
"2013","NULL","1","alle","prosent","70.5","sysselsatte_kjonn_land","NULL","NULL","1535"
"2013","NULL","alle","1","personer","306","sysselsatte_kjonn_land","NULL","NULL","1535"
"2013","NULL","alle","1","prosent","82.7","sysselsatte_kjonn_land","NULL","NULL","1535"
"2013","NULL","alle","2","personer","112","sysselsatte_kjonn_land","NULL","NULL","1535"
"2013","NULL","alle","2","prosent","58.9","sysselsatte_kjonn_land","NULL","NULL","1535"
"2013","NULL","alle","alle","personer","418","sysselsatte_kjonn_land","NULL","NULL","1535"
"2013","NULL","alle","alle","prosent","74.6","sysselsatte_kjonn_land","NULL","NULL","1535"
"2013","NULL","0","1","personer","163","sysselsatte_kjonn_land","NULL","NULL","1539"
"2013","NULL","0","1","prosent","89.1","sysselsatte_kjonn_land","NULL","NULL","1539"
"2013","NULL","0","2","personer","15","sysselsatte_kjonn_land","NULL","NULL","1539"
"2013","NULL","0","2","prosent","93.8","sysselsatte_kjonn_land","NULL","NULL","1539"
"2013","NULL","0","alle","personer","178","sysselsatte_kjonn_land","NULL","NULL","1539"
"2013","NULL","0","alle","prosent","89.4","sysselsatte_kjonn_land","NULL","NULL","1539"
"2013","NULL","1","1","personer","94","sysselsatte_kjonn_land","NULL","NULL","1539"
"2013","NULL","1","1","prosent","79","sysselsatte_kjonn_land","NULL","NULL","1539"
"2013","NULL","1","2","personer","59","sysselsatte_kjonn_land","NULL","NULL","1539"
"2013","NULL","1","2","prosent","72.8","sysselsatte_kjonn_land","NULL","NULL","1539"
"2013","NULL","1","alle","personer","153","sysselsatte_kjonn_land","NULL","NULL","1539"
"2013","NULL","1","alle","prosent","76.5","sysselsatte_kjonn_land","NULL","NULL","1539"
"2013","NULL","alle","1","personer","257","sysselsatte_kjonn_land","NULL","NULL","1539"
"2013","NULL","alle","1","prosent","85.1","sysselsatte_kjonn_land","NULL","NULL","1539"
"2013","NULL","alle","2","personer","74","sysselsatte_kjonn_land","NULL","NULL","1539"
"2013","NULL","alle","2","prosent","76.3","sysselsatte_kjonn_land","NULL","NULL","1539"
"2013","NULL","alle","alle","personer","331","sysselsatte_kjonn_land","NULL","NULL","1539"
"2013","NULL","alle","alle","prosent","83","sysselsatte_kjonn_land","NULL","NULL","1539"
"2013","NULL","0","1","personer",":","sysselsatte_kjonn_land","NULL","NULL","1543"
"2013","NULL","0","1","prosent",":","sysselsatte_kjonn_land","NULL","NULL","1543"
"2013","NULL","0","2","personer",":","sysselsatte_kjonn_land","NULL","NULL","1543"
"2013","NULL","0","2","prosent",":","sysselsatte_kjonn_land","NULL","NULL","1543"
"2013","NULL","0","alle","personer","44","sysselsatte_kjonn_land","NULL","NULL","1543"
"2013","NULL","0","alle","prosent","78.6","sysselsatte_kjonn_land","NULL","NULL","1543"
"2013","NULL","1","1","personer","22","sysselsatte_kjonn_land","NULL","NULL","1543"
"2013","NULL","1","1","prosent","71","sysselsatte_kjonn_land","NULL","NULL","1543"
"2013","NULL","1","2","personer","26","sysselsatte_kjonn_land","NULL","NULL","1543"
"2013","NULL","1","2","prosent","74.3","sysselsatte_kjonn_land","NULL","NULL","1543"
"2013","NULL","1","alle","personer","48","sysselsatte_kjonn_land","NULL","NULL","1543"
"2013","NULL","1","alle","prosent","72.7","sysselsatte_kjonn_land","NULL","NULL","1543"
"2013","NULL","alle","1","personer","64","sysselsatte_kjonn_land","NULL","NULL","1543"
"2013","NULL","alle","1","prosent","77.1","sysselsatte_kjonn_land","NULL","NULL","1543"
"2013","NULL","alle","2","personer","28","sysselsatte_kjonn_land","NULL","NULL","1543"
"2013","NULL","alle","2","prosent","71.8","sysselsatte_kjonn_land","NULL","NULL","1543"
"2013","NULL","alle","alle","personer","92","sysselsatte_kjonn_land","NULL","NULL","1543"
"2013","NULL","alle","alle","prosent","75.4","sysselsatte_kjonn_land","NULL","NULL","1543"
"2013","NULL","0","1","personer","69","sysselsatte_kjonn_land","NULL","NULL","1545"
"2013","NULL","0","1","prosent","92","sysselsatte_kjonn_land","NULL","NULL","1545"
"2013","NULL","0","2","personer","6","sysselsatte_kjonn_land","NULL","NULL","1545"
"2013","NULL","0","2","prosent","100","sysselsatte_kjonn_land","NULL","NULL","1545"
"2013","NULL","0","alle","personer","75","sysselsatte_kjonn_land","NULL","NULL","1545"
"2013","NULL","0","alle","prosent","92.6","sysselsatte_kjonn_land","NULL","NULL","1545"
"2013","NULL","1","1","personer","40","sysselsatte_kjonn_land","NULL","NULL","1545"
"2013","NULL","1","1","prosent","80","sysselsatte_kjonn_land","NULL","NULL","1545"
"2013","NULL","1","2","personer","30","sysselsatte_kjonn_land","NULL","NULL","1545"
"2013","NULL","1","2","prosent","68.2","sysselsatte_kjonn_land","NULL","NULL","1545"
"2013","NULL","1","alle","personer","70","sysselsatte_kjonn_land","NULL","NULL","1545"
"2013","NULL","1","alle","prosent","74.5","sysselsatte_kjonn_land","NULL","NULL","1545"
"2013","NULL","alle","1","personer","109","sysselsatte_kjonn_land","NULL","NULL","1545"
"2013","NULL","alle","1","prosent","87.2","sysselsatte_kjonn_land","NULL","NULL","1545"
"2013","NULL","alle","2","personer","36","sysselsatte_kjonn_land","NULL","NULL","1545"
"2013","NULL","alle","2","prosent","72","sysselsatte_kjonn_land","NULL","NULL","1545"
"2013","NULL","alle","alle","personer","145","sysselsatte_kjonn_land","NULL","NULL","1545"
"2013","NULL","alle","alle","prosent","82.9","sysselsatte_kjonn_land","NULL","NULL","1545"
"2013","NULL","0","1","personer","50","sysselsatte_kjonn_land","NULL","NULL","1546"
"2013","NULL","0","1","prosent","89.3","sysselsatte_kjonn_land","NULL","NULL","1546"
"2013","NULL","0","2","personer","6","sysselsatte_kjonn_land","NULL","NULL","1546"
"2013","NULL","0","2","prosent","100","sysselsatte_kjonn_land","NULL","NULL","1546"
"2013","NULL","0","alle","personer","56","sysselsatte_kjonn_land","NULL","NULL","1546"
"2013","NULL","0","alle","prosent","90.3","sysselsatte_kjonn_land","NULL","NULL","1546"
"2013","NULL","1","1","personer","32","sysselsatte_kjonn_land","NULL","NULL","1546"
"2013","NULL","1","1","prosent","68.1","sysselsatte_kjonn_land","NULL","NULL","1546"
"2013","NULL","1","2","personer","11","sysselsatte_kjonn_land","NULL","NULL","1546"
"2013","NULL","1","2","prosent","73.3","sysselsatte_kjonn_land","NULL","NULL","1546"
"2013","NULL","1","alle","personer","43","sysselsatte_kjonn_land","NULL","NULL","1546"
"2013","NULL","1","alle","prosent","69.4","sysselsatte_kjonn_land","NULL","NULL","1546"
"2013","NULL","alle","1","personer","82","sysselsatte_kjonn_land","NULL","NULL","1546"
"2013","NULL","alle","1","prosent","79.6","sysselsatte_kjonn_land","NULL","NULL","1546"
"2013","NULL","alle","2","personer","17","sysselsatte_kjonn_land","NULL","NULL","1546"
"2013","NULL","alle","2","prosent","81","sysselsatte_kjonn_land","NULL","NULL","1546"
"2013","NULL","alle","alle","personer","99","sysselsatte_kjonn_land","NULL","NULL","1546"
"2013","NULL","alle","alle","prosent","79.8","sysselsatte_kjonn_land","NULL","NULL","1546"
"2013","NULL","0","1","personer","93","sysselsatte_kjonn_land","NULL","NULL","1547"
"2013","NULL","0","1","prosent","84.5","sysselsatte_kjonn_land","NULL","NULL","1547"
"2013","NULL","0","2","personer","14","sysselsatte_kjonn_land","NULL","NULL","1547"
"2013","NULL","0","2","prosent","60.9","sysselsatte_kjonn_land","NULL","NULL","1547"
"2013","NULL","0","alle","personer","107","sysselsatte_kjonn_land","NULL","NULL","1547"
"2013","NULL","0","alle","prosent","80.5","sysselsatte_kjonn_land","NULL","NULL","1547"
"2013","NULL","1","1","personer","60","sysselsatte_kjonn_land","NULL","NULL","1547"
"2013","NULL","1","1","prosent","84.5","sysselsatte_kjonn_land","NULL","NULL","1547"
"2013","NULL","1","2","personer","31","sysselsatte_kjonn_land","NULL","NULL","1547"
"2013","NULL","1","2","prosent","66","sysselsatte_kjonn_land","NULL","NULL","1547"
"2013","NULL","1","alle","personer","91","sysselsatte_kjonn_land","NULL","NULL","1547"
"2013","NULL","1","alle","prosent","77.1","sysselsatte_kjonn_land","NULL","NULL","1547"
"2013","NULL","alle","1","personer","153","sysselsatte_kjonn_land","NULL","NULL","1547"
"2013","NULL","alle","1","prosent","84.5","sysselsatte_kjonn_land","NULL","NULL","1547"
"2013","NULL","alle","2","personer","45","sysselsatte_kjonn_land","NULL","NULL","1547"
"2013","NULL","alle","2","prosent","64.3","sysselsatte_kjonn_land","NULL","NULL","1547"
"2013","NULL","alle","alle","personer","198","sysselsatte_kjonn_land","NULL","NULL","1547"
"2013","NULL","alle","alle","prosent","78.9","sysselsatte_kjonn_land","NULL","NULL","1547"
"2013","NULL","0","1","personer","200","sysselsatte_kjonn_land","NULL","NULL","1548"
"2013","NULL","0","1","prosent","78.4","sysselsatte_kjonn_land","NULL","NULL","1548"
"2013","NULL","0","2","personer","25","sysselsatte_kjonn_land","NULL","NULL","1548"
"2013","NULL","0","2","prosent","58.1","sysselsatte_kjonn_land","NULL","NULL","1548"
"2013","NULL","0","alle","personer","225","sysselsatte_kjonn_land","NULL","NULL","1548"
"2013","NULL","0","alle","prosent","75.5","sysselsatte_kjonn_land","NULL","NULL","1548"
"2013","NULL","1","1","personer","96","sysselsatte_kjonn_land","NULL","NULL","1548"
"2013","NULL","1","1","prosent","61.9","sysselsatte_kjonn_land","NULL","NULL","1548"
"2013","NULL","1","2","personer","78","sysselsatte_kjonn_land","NULL","NULL","1548"
"2013","NULL","1","2","prosent","58.6","sysselsatte_kjonn_land","NULL","NULL","1548"
"2013","NULL","1","alle","personer","174","sysselsatte_kjonn_land","NULL","NULL","1548"
"2013","NULL","1","alle","prosent","60.4","sysselsatte_kjonn_land","NULL","NULL","1548"
"2013","NULL","alle","1","personer","296","sysselsatte_kjonn_land","NULL","NULL","1548"
"2013","NULL","alle","1","prosent","72.2","sysselsatte_kjonn_land","NULL","NULL","1548"
"2013","NULL","alle","2","personer","103","sysselsatte_kjonn_land","NULL","NULL","1548"
"2013","NULL","alle","2","prosent","58.5","sysselsatte_kjonn_land","NULL","NULL","1548"
"2013","NULL","alle","alle","personer","399","sysselsatte_kjonn_land","NULL","NULL","1548"
"2013","NULL","alle","alle","prosent","68.1","sysselsatte_kjonn_land","NULL","NULL","1548"
"2013","NULL","0","1","personer","51","sysselsatte_kjonn_land","NULL","NULL","1551"
"2013","NULL","0","1","prosent","70.8","sysselsatte_kjonn_land","NULL","NULL","1551"
"2013","NULL","0","2","personer","12","sysselsatte_kjonn_land","NULL","NULL","1551"
"2013","NULL","0","2","prosent","60","sysselsatte_kjonn_land","NULL","NULL","1551"
"2013","NULL","0","alle","personer","63","sysselsatte_kjonn_land","NULL","NULL","1551"
"2013","NULL","0","alle","prosent","68.5","sysselsatte_kjonn_land","NULL","NULL","1551"
"2013","NULL","1","1","personer","29","sysselsatte_kjonn_land","NULL","NULL","1551"
"2013","NULL","1","1","prosent","74.4","sysselsatte_kjonn_land","NULL","NULL","1551"
"2013","NULL","1","2","personer","31","sysselsatte_kjonn_land","NULL","NULL","1551"
"2013","NULL","1","2","prosent","62","sysselsatte_kjonn_land","NULL","NULL","1551"
"2013","NULL","1","alle","personer","60","sysselsatte_kjonn_land","NULL","NULL","1551"
"2013","NULL","1","alle","prosent","67.4","sysselsatte_kjonn_land","NULL","NULL","1551"
"2013","NULL","alle","1","personer","80","sysselsatte_kjonn_land","NULL","NULL","1551"
"2013","NULL","alle","1","prosent","72.1","sysselsatte_kjonn_land","NULL","NULL","1551"
"2013","NULL","alle","2","personer","43","sysselsatte_kjonn_land","NULL","NULL","1551"
"2013","NULL","alle","2","prosent","61.4","sysselsatte_kjonn_land","NULL","NULL","1551"
"2013","NULL","alle","alle","personer","123","sysselsatte_kjonn_land","NULL","NULL","1551"
"2013","NULL","alle","alle","prosent","68","sysselsatte_kjonn_land","NULL","NULL","1551"
"2013","NULL","0","1","personer","153","sysselsatte_kjonn_land","NULL","NULL","1554"
"2013","NULL","0","1","prosent","91.1","sysselsatte_kjonn_land","NULL","NULL","1554"
"2013","NULL","0","2","personer","15","sysselsatte_kjonn_land","NULL","NULL","1554"
"2013","NULL","0","2","prosent","83.3","sysselsatte_kjonn_land","NULL","NULL","1554"
"2013","NULL","0","alle","personer","168","sysselsatte_kjonn_land","NULL","NULL","1554"
"2013","NULL","0","alle","prosent","90.3","sysselsatte_kjonn_land","NULL","NULL","1554"
"2013","NULL","1","1","personer","74","sysselsatte_kjonn_land","NULL","NULL","1554"
"2013","NULL","1","1","prosent","74.7","sysselsatte_kjonn_land","NULL","NULL","1554"
"2013","NULL","1","2","personer","47","sysselsatte_kjonn_land","NULL","NULL","1554"
"2013","NULL","1","2","prosent","63.5","sysselsatte_kjonn_land","NULL","NULL","1554"
"2013","NULL","1","alle","personer","121","sysselsatte_kjonn_land","NULL","NULL","1554"
"2013","NULL","1","alle","prosent","69.9","sysselsatte_kjonn_land","NULL","NULL","1554"
"2013","NULL","alle","1","personer","227","sysselsatte_kjonn_land","NULL","NULL","1554"
"2013","NULL","alle","1","prosent","85","sysselsatte_kjonn_land","NULL","NULL","1554"
"2013","NULL","alle","2","personer","62","sysselsatte_kjonn_land","NULL","NULL","1554"
"2013","NULL","alle","2","prosent","67.4","sysselsatte_kjonn_land","NULL","NULL","1554"
"2013","NULL","alle","alle","personer","289","sysselsatte_kjonn_land","NULL","NULL","1554"
"2013","NULL","alle","alle","prosent","80.5","sysselsatte_kjonn_land","NULL","NULL","1554"
"2013","NULL","0","1","personer","41","sysselsatte_kjonn_land","NULL","NULL","1557"
"2013","NULL","0","1","prosent","77.4","sysselsatte_kjonn_land","NULL","NULL","1557"
"2013","NULL","0","2","personer","9","sysselsatte_kjonn_land","NULL","NULL","1557"
"2013","NULL","0","2","prosent","47.4","sysselsatte_kjonn_land","NULL","NULL","1557"
"2013","NULL","0","alle","personer","50","sysselsatte_kjonn_land","NULL","NULL","1557"
"2013","NULL","0","alle","prosent","69.4","sysselsatte_kjonn_land","NULL","NULL","1557"
"2013","NULL","1","1","personer","29","sysselsatte_kjonn_land","NULL","NULL","1557"
"2013","NULL","1","1","prosent","80.6","sysselsatte_kjonn_land","NULL","NULL","1557"
"2013","NULL","1","2","personer","17","sysselsatte_kjonn_land","NULL","NULL","1557"
"2013","NULL","1","2","prosent","58.6","sysselsatte_kjonn_land","NULL","NULL","1557"
"2013","NULL","1","alle","personer","46","sysselsatte_kjonn_land","NULL","NULL","1557"
"2013","NULL","1","alle","prosent","70.8","sysselsatte_kjonn_land","NULL","NULL","1557"
"2013","NULL","alle","1","personer","70","sysselsatte_kjonn_land","NULL","NULL","1557"
"2013","NULL","alle","1","prosent","78.7","sysselsatte_kjonn_land","NULL","NULL","1557"
"2013","NULL","alle","2","personer","26","sysselsatte_kjonn_land","NULL","NULL","1557"
"2013","NULL","alle","2","prosent","54.2","sysselsatte_kjonn_land","NULL","NULL","1557"
"2013","NULL","alle","alle","personer","96","sysselsatte_kjonn_land","NULL","NULL","1557"
"2013","NULL","alle","alle","prosent","70.1","sysselsatte_kjonn_land","NULL","NULL","1557"
"2013","NULL","0","1","personer","52","sysselsatte_kjonn_land","NULL","NULL","1560"
"2013","NULL","0","1","prosent","81.3","sysselsatte_kjonn_land","NULL","NULL","1560"
"2013","NULL","0","2","personer","18","sysselsatte_kjonn_land","NULL","NULL","1560"
"2013","NULL","0","2","prosent","51.4","sysselsatte_kjonn_land","NULL","NULL","1560"
"2013","NULL","0","alle","personer","70","sysselsatte_kjonn_land","NULL","NULL","1560"
"2013","NULL","0","alle","prosent","70.7","sysselsatte_kjonn_land","NULL","NULL","1560"
"2013","NULL","1","1","personer","42","sysselsatte_kjonn_land","NULL","NULL","1560"
"2013","NULL","1","1","prosent","82.4","sysselsatte_kjonn_land","NULL","NULL","1560"
"2013","NULL","1","2","personer","22","sysselsatte_kjonn_land","NULL","NULL","1560"
"2013","NULL","1","2","prosent","47.8","sysselsatte_kjonn_land","NULL","NULL","1560"
"2013","NULL","1","alle","personer","64","sysselsatte_kjonn_land","NULL","NULL","1560"
"2013","NULL","1","alle","prosent","66","sysselsatte_kjonn_land","NULL","NULL","1560"
"2013","NULL","alle","1","personer","94","sysselsatte_kjonn_land","NULL","NULL","1560"
"2013","NULL","alle","1","prosent","81.7","sysselsatte_kjonn_land","NULL","NULL","1560"
"2013","NULL","alle","2","personer","40","sysselsatte_kjonn_land","NULL","NULL","1560"
"2013","NULL","alle","2","prosent","49.4","sysselsatte_kjonn_land","NULL","NULL","1560"
"2013","NULL","alle","alle","personer","134","sysselsatte_kjonn_land","NULL","NULL","1560"
"2013","NULL","alle","alle","prosent","68.4","sysselsatte_kjonn_land","NULL","NULL","1560"
"2013","NULL","0","1","personer","51","sysselsatte_kjonn_land","NULL","NULL","1563"
"2013","NULL","0","1","prosent","82.3","sysselsatte_kjonn_land","NULL","NULL","1563"
"2013","NULL","0","2","personer","55","sysselsatte_kjonn_land","NULL","NULL","1563"
"2013","NULL","0","2","prosent","38.2","sysselsatte_kjonn_land","NULL","NULL","1563"
"2013","NULL","0","alle","personer","106","sysselsatte_kjonn_land","NULL","NULL","1563"
"2013","NULL","0","alle","prosent","51.5","sysselsatte_kjonn_land","NULL","NULL","1563"
"2013","NULL","1","1","personer","29","sysselsatte_kjonn_land","NULL","NULL","1563"
"2013","NULL","1","1","prosent","67.4","sysselsatte_kjonn_land","NULL","NULL","1563"
"2013","NULL","1","2","personer","71","sysselsatte_kjonn_land","NULL","NULL","1563"
"2013","NULL","1","2","prosent","44.4","sysselsatte_kjonn_land","NULL","NULL","1563"
"2013","NULL","1","alle","personer","100","sysselsatte_kjonn_land","NULL","NULL","1563"
"2013","NULL","1","alle","prosent","49.3","sysselsatte_kjonn_land","NULL","NULL","1563"
"2013","NULL","alle","1","personer","80","sysselsatte_kjonn_land","NULL","NULL","1563"
"2013","NULL","alle","1","prosent","76.2","sysselsatte_kjonn_land","NULL","NULL","1563"
"2013","NULL","alle","2","personer","126","sysselsatte_kjonn_land","NULL","NULL","1563"
"2013","NULL","alle","2","prosent","41.4","sysselsatte_kjonn_land","NULL","NULL","1563"
"2013","NULL","alle","alle","personer","206","sysselsatte_kjonn_land","NULL","NULL","1563"
"2013","NULL","alle","alle","prosent","50.4","sysselsatte_kjonn_land","NULL","NULL","1563"
"2013","NULL","0","1","personer","53","sysselsatte_kjonn_land","NULL","NULL","1566"
"2013","NULL","0","1","prosent","84.1","sysselsatte_kjonn_land","NULL","NULL","1566"
"2013","NULL","0","2","personer","9","sysselsatte_kjonn_land","NULL","NULL","1566"
"2013","NULL","0","2","prosent","37.5","sysselsatte_kjonn_land","NULL","NULL","1566"
"2013","NULL","0","alle","personer","62","sysselsatte_kjonn_land","NULL","NULL","1566"
"2013","NULL","0","alle","prosent","71.3","sysselsatte_kjonn_land","NULL","NULL","1566"
"2013","NULL","1","1","personer","33","sysselsatte_kjonn_land","NULL","NULL","1566"
"2013","NULL","1","1","prosent","62.3","sysselsatte_kjonn_land","NULL","NULL","1566"
"2013","NULL","1","2","personer","30","sysselsatte_kjonn_land","NULL","NULL","1566"
"2013","NULL","1","2","prosent","63.8","sysselsatte_kjonn_land","NULL","NULL","1566"
"2013","NULL","1","alle","personer","63","sysselsatte_kjonn_land","NULL","NULL","1566"
"2013","NULL","1","alle","prosent","63","sysselsatte_kjonn_land","NULL","NULL","1566"
"2013","NULL","alle","1","personer","86","sysselsatte_kjonn_land","NULL","NULL","1566"
"2013","NULL","alle","1","prosent","74.1","sysselsatte_kjonn_land","NULL","NULL","1566"
"2013","NULL","alle","2","personer","39","sysselsatte_kjonn_land","NULL","NULL","1566"
"2013","NULL","alle","2","prosent","54.9","sysselsatte_kjonn_land","NULL","NULL","1566"
"2013","NULL","alle","alle","personer","125","sysselsatte_kjonn_land","NULL","NULL","1566"
"2013","NULL","alle","alle","prosent","66.8","sysselsatte_kjonn_land","NULL","NULL","1566"
"2013","NULL","0","1","personer","9","sysselsatte_kjonn_land","NULL","NULL","1567"
"2013","NULL","0","1","prosent","100","sysselsatte_kjonn_land","NULL","NULL","1567"
"2013","NULL","0","2","personer","0","sysselsatte_kjonn_land","NULL","NULL","1567"
"2013","NULL","0","2","prosent","0","sysselsatte_kjonn_land","NULL","NULL","1567"
"2013","NULL","0","alle","personer","9","sysselsatte_kjonn_land","NULL","NULL","1567"
"2013","NULL","0","alle","prosent","100","sysselsatte_kjonn_land","NULL","NULL","1567"
"2013","NULL","1","1","personer",":","sysselsatte_kjonn_land","NULL","NULL","1567"
"2013","NULL","1","1","prosent",":","sysselsatte_kjonn_land","NULL","NULL","1567"
"2013","NULL","1","2","personer",":","sysselsatte_kjonn_land","NULL","NULL","1567"
"2013","NULL","1","2","prosent",":","sysselsatte_kjonn_land","NULL","NULL","1567"
"2013","NULL","1","alle","personer","9","sysselsatte_kjonn_land","NULL","NULL","1567"
"2013","NULL","1","alle","prosent","69.2","sysselsatte_kjonn_land","NULL","NULL","1567"
"2013","NULL","alle","1","personer",":","sysselsatte_kjonn_land","NULL","NULL","1567"
"2013","NULL","alle","1","prosent",":","sysselsatte_kjonn_land","NULL","NULL","1567"
"2013","NULL","alle","2","personer",":","sysselsatte_kjonn_land","NULL","NULL","1567"
"2013","NULL","alle","2","prosent",":","sysselsatte_kjonn_land","NULL","NULL","1567"
"2013","NULL","alle","alle","personer","18","sysselsatte_kjonn_land","NULL","NULL","1567"
"2013","NULL","alle","alle","prosent","81.8","sysselsatte_kjonn_land","NULL","NULL","1567"
"2013","NULL","0","1","personer","20","sysselsatte_kjonn_land","NULL","NULL","1571"
"2013","NULL","0","1","prosent","87","sysselsatte_kjonn_land","NULL","NULL","1571"
"2013","NULL","0","2","personer","4","sysselsatte_kjonn_land","NULL","NULL","1571"
"2013","NULL","0","2","prosent","100","sysselsatte_kjonn_land","NULL","NULL","1571"
"2013","NULL","0","alle","personer","24","sysselsatte_kjonn_land","NULL","NULL","1571"
"2013","NULL","0","alle","prosent","88.9","sysselsatte_kjonn_land","NULL","NULL","1571"
"2013","NULL","1","1","personer","12","sysselsatte_kjonn_land","NULL","NULL","1571"
"2013","NULL","1","1","prosent","70.6","sysselsatte_kjonn_land","NULL","NULL","1571"
"2013","NULL","1","2","personer","5","sysselsatte_kjonn_land","NULL","NULL","1571"
"2013","NULL","1","2","prosent","33.3","sysselsatte_kjonn_land","NULL","NULL","1571"
"2013","NULL","1","alle","personer","17","sysselsatte_kjonn_land","NULL","NULL","1571"
"2013","NULL","1","alle","prosent","53.1","sysselsatte_kjonn_land","NULL","NULL","1571"
"2013","NULL","alle","1","personer","32","sysselsatte_kjonn_land","NULL","NULL","1571"
"2013","NULL","alle","1","prosent","80","sysselsatte_kjonn_land","NULL","NULL","1571"
"2013","NULL","alle","2","personer","9","sysselsatte_kjonn_land","NULL","NULL","1571"
"2013","NULL","alle","2","prosent","47.4","sysselsatte_kjonn_land","NULL","NULL","1571"
"2013","NULL","alle","alle","personer","41","sysselsatte_kjonn_land","NULL","NULL","1571"
"2013","NULL","alle","alle","prosent","69.5","sysselsatte_kjonn_land","NULL","NULL","1571"
"2013","NULL","0","1","personer",":","sysselsatte_kjonn_land","NULL","NULL","1573"
"2013","NULL","0","1","prosent",":","sysselsatte_kjonn_land","NULL","NULL","1573"
"2013","NULL","0","2","personer",":","sysselsatte_kjonn_land","NULL","NULL","1573"
"2013","NULL","0","2","prosent",":","sysselsatte_kjonn_land","NULL","NULL","1573"
"2013","NULL","0","alle","personer","57","sysselsatte_kjonn_land","NULL","NULL","1573"
"2013","NULL","0","alle","prosent","83.8","sysselsatte_kjonn_land","NULL","NULL","1573"
"2013","NULL","1","1","personer","35","sysselsatte_kjonn_land","NULL","NULL","1573"
"2013","NULL","1","1","prosent","76.1","sysselsatte_kjonn_land","NULL","NULL","1573"
"2013","NULL","1","2","personer","11","sysselsatte_kjonn_land","NULL","NULL","1573"
"2013","NULL","1","2","prosent","61.1","sysselsatte_kjonn_land","NULL","NULL","1573"
"2013","NULL","1","alle","personer","46","sysselsatte_kjonn_land","NULL","NULL","1573"
"2013","NULL","1","alle","prosent","71.9","sysselsatte_kjonn_land","NULL","NULL","1573"
"2013","NULL","alle","1","personer","91","sysselsatte_kjonn_land","NULL","NULL","1573"
"2013","NULL","alle","1","prosent","80.5","sysselsatte_kjonn_land","NULL","NULL","1573"
"2013","NULL","alle","2","personer","12","sysselsatte_kjonn_land","NULL","NULL","1573"
"2013","NULL","alle","2","prosent","63.2","sysselsatte_kjonn_land","NULL","NULL","1573"
"2013","NULL","alle","alle","personer","103","sysselsatte_kjonn_land","NULL","NULL","1573"
"2013","NULL","alle","alle","prosent","78","sysselsatte_kjonn_land","NULL","NULL","1573"
"2013","NULL","0","1","personer","94","sysselsatte_kjonn_land","NULL","NULL","1576"
"2013","NULL","0","1","prosent","91.3","sysselsatte_kjonn_land","NULL","NULL","1576"
"2013","NULL","0","2","personer","10","sysselsatte_kjonn_land","NULL","NULL","1576"
"2013","NULL","0","2","prosent","35.7","sysselsatte_kjonn_land","NULL","NULL","1576"
"2013","NULL","0","alle","personer","104","sysselsatte_kjonn_land","NULL","NULL","1576"
"2013","NULL","0","alle","prosent","79.4","sysselsatte_kjonn_land","NULL","NULL","1576"
"2013","NULL","1","1","personer","46","sysselsatte_kjonn_land","NULL","NULL","1576"
"2013","NULL","1","1","prosent","74.2","sysselsatte_kjonn_land","NULL","NULL","1576"
"2013","NULL","1","2","personer","27","sysselsatte_kjonn_land","NULL","NULL","1576"
"2013","NULL","1","2","prosent","54","sysselsatte_kjonn_land","NULL","NULL","1576"
"2013","NULL","1","alle","personer","73","sysselsatte_kjonn_land","NULL","NULL","1576"
"2013","NULL","1","alle","prosent","65.2","sysselsatte_kjonn_land","NULL","NULL","1576"
"2013","NULL","alle","1","personer","140","sysselsatte_kjonn_land","NULL","NULL","1576"
"2013","NULL","alle","1","prosent","84.8","sysselsatte_kjonn_land","NULL","NULL","1576"
"2013","NULL","alle","2","personer","37","sysselsatte_kjonn_land","NULL","NULL","1576"
"2013","NULL","alle","2","prosent","47.4","sysselsatte_kjonn_land","NULL","NULL","1576"
"2013","NULL","alle","alle","personer","177","sysselsatte_kjonn_land","NULL","NULL","1576"
"2013","NULL","alle","alle","prosent","72.8","sysselsatte_kjonn_land","NULL","NULL","1576"
"2013","NULL","0","1","personer","3565","sysselsatte_kjonn_land","NULL","NULL","1601"
"2013","NULL","0","1","prosent","75.8","sysselsatte_kjonn_land","NULL","NULL","1601"
"2013","NULL","0","2","personer","2981","sysselsatte_kjonn_land","NULL","NULL","1601"
"2013","NULL","0","2","prosent","62.1","sysselsatte_kjonn_land","NULL","NULL","1601"
"2013","NULL","0","alle","personer","6546","sysselsatte_kjonn_land","NULL","NULL","1601"
"2013","NULL","0","alle","prosent","68.9","sysselsatte_kjonn_land","NULL","NULL","1601"
"2013","NULL","1","1","personer","2066","sysselsatte_kjonn_land","NULL","NULL","1601"
"2013","NULL","1","1","prosent","71","sysselsatte_kjonn_land","NULL","NULL","1601"
"2013","NULL","1","2","personer","2612","sysselsatte_kjonn_land","NULL","NULL","1601"
"2013","NULL","1","2","prosent","52.4","sysselsatte_kjonn_land","NULL","NULL","1601"
"2013","NULL","1","alle","personer","4678","sysselsatte_kjonn_land","NULL","NULL","1601"
"2013","NULL","1","alle","prosent","59.3","sysselsatte_kjonn_land","NULL","NULL","1601"
"2013","NULL","alle","1","personer","5631","sysselsatte_kjonn_land","NULL","NULL","1601"
"2013","NULL","alle","1","prosent","74","sysselsatte_kjonn_land","NULL","NULL","1601"
"2013","NULL","alle","2","personer","5593","sysselsatte_kjonn_land","NULL","NULL","1601"
"2013","NULL","alle","2","prosent","57.2","sysselsatte_kjonn_land","NULL","NULL","1601"
"2013","NULL","alle","alle","personer","11224","sysselsatte_kjonn_land","NULL","NULL","1601"
"2013","NULL","alle","alle","prosent","64.5","sysselsatte_kjonn_land","NULL","NULL","1601"
"2013","NULL","0","1","personer","36","sysselsatte_kjonn_land","NULL","NULL","1612"
"2013","NULL","0","1","prosent","85.7","sysselsatte_kjonn_land","NULL","NULL","1612"
"2013","NULL","0","2","personer","20","sysselsatte_kjonn_land","NULL","NULL","1612"
"2013","NULL","0","2","prosent","40.8","sysselsatte_kjonn_land","NULL","NULL","1612"
"2013","NULL","0","alle","personer","56","sysselsatte_kjonn_land","NULL","NULL","1612"
"2013","NULL","0","alle","prosent","61.5","sysselsatte_kjonn_land","NULL","NULL","1612"
"2013","NULL","1","1","personer","18","sysselsatte_kjonn_land","NULL","NULL","1612"
"2013","NULL","1","1","prosent","72","sysselsatte_kjonn_land","NULL","NULL","1612"
"2013","NULL","1","2","personer","35","sysselsatte_kjonn_land","NULL","NULL","1612"
"2013","NULL","1","2","prosent","53","sysselsatte_kjonn_land","NULL","NULL","1612"
"2013","NULL","1","alle","personer","53","sysselsatte_kjonn_land","NULL","NULL","1612"
"2013","NULL","1","alle","prosent","58.2","sysselsatte_kjonn_land","NULL","NULL","1612"
"2013","NULL","alle","1","personer","54","sysselsatte_kjonn_land","NULL","NULL","1612"
"2013","NULL","alle","1","prosent","80.6","sysselsatte_kjonn_land","NULL","NULL","1612"
"2013","NULL","alle","2","personer","55","sysselsatte_kjonn_land","NULL","NULL","1612"
"2013","NULL","alle","2","prosent","47.8","sysselsatte_kjonn_land","NULL","NULL","1612"
"2013","NULL","alle","alle","personer","109","sysselsatte_kjonn_land","NULL","NULL","1612"
"2013","NULL","alle","alle","prosent","59.9","sysselsatte_kjonn_land","NULL","NULL","1612"
"2013","NULL","0","1","personer",":","sysselsatte_kjonn_land","NULL","NULL","1613"
"2013","NULL","0","1","prosent",":","sysselsatte_kjonn_land","NULL","NULL","1613"
"2013","NULL","0","2","personer",":","sysselsatte_kjonn_land","NULL","NULL","1613"
"2013","NULL","0","2","prosent",":","sysselsatte_kjonn_land","NULL","NULL","1613"
"2013","NULL","0","alle","personer","13","sysselsatte_kjonn_land","NULL","NULL","1613"
"2013","NULL","0","alle","prosent","72.2","sysselsatte_kjonn_land","NULL","NULL","1613"
"2013","NULL","1","1","personer","9","sysselsatte_kjonn_land","NULL","NULL","1613"
"2013","NULL","1","1","prosent","100","sysselsatte_kjonn_land","NULL","NULL","1613"
"2013","NULL","1","2","personer","4","sysselsatte_kjonn_land","NULL","NULL","1613"
"2013","NULL","1","2","prosent","66.7","sysselsatte_kjonn_land","NULL","NULL","1613"
"2013","NULL","1","alle","personer","13","sysselsatte_kjonn_land","NULL","NULL","1613"
"2013","NULL","1","alle","prosent","86.7","sysselsatte_kjonn_land","NULL","NULL","1613"
"2013","NULL","alle","1","personer","20","sysselsatte_kjonn_land","NULL","NULL","1613"
"2013","NULL","alle","1","prosent","80","sysselsatte_kjonn_land","NULL","NULL","1613"
"2013","NULL","alle","2","personer","6","sysselsatte_kjonn_land","NULL","NULL","1613"
"2013","NULL","alle","2","prosent","75","sysselsatte_kjonn_land","NULL","NULL","1613"
"2013","NULL","alle","alle","personer","26","sysselsatte_kjonn_land","NULL","NULL","1613"
"2013","NULL","alle","alle","prosent","78.8","sysselsatte_kjonn_land","NULL","NULL","1613"
"2013","NULL","0","1","personer","273","sysselsatte_kjonn_land","NULL","NULL","1617"
"2013","NULL","0","1","prosent","85.6","sysselsatte_kjonn_land","NULL","NULL","1617"
"2013","NULL","0","2","personer","29","sysselsatte_kjonn_land","NULL","NULL","1617"
"2013","NULL","0","2","prosent","42.6","sysselsatte_kjonn_land","NULL","NULL","1617"
"2013","NULL","0","alle","personer","302","sysselsatte_kjonn_land","NULL","NULL","1617"
"2013","NULL","0","alle","prosent","78","sysselsatte_kjonn_land","NULL","NULL","1617"
"2013","NULL","1","1","personer","147","sysselsatte_kjonn_land","NULL","NULL","1617"
"2013","NULL","1","1","prosent","81.2","sysselsatte_kjonn_land","NULL","NULL","1617"
"2013","NULL","1","2","personer","57","sysselsatte_kjonn_land","NULL","NULL","1617"
"2013","NULL","1","2","prosent","62.6","sysselsatte_kjonn_land","NULL","NULL","1617"
"2013","NULL","1","alle","personer","204","sysselsatte_kjonn_land","NULL","NULL","1617"
"2013","NULL","1","alle","prosent","75","sysselsatte_kjonn_land","NULL","NULL","1617"
"2013","NULL","alle","1","personer","420","sysselsatte_kjonn_land","NULL","NULL","1617"
"2013","NULL","alle","1","prosent","84","sysselsatte_kjonn_land","NULL","NULL","1617"
"2013","NULL","alle","2","personer","86","sysselsatte_kjonn_land","NULL","NULL","1617"
"2013","NULL","alle","2","prosent","54.1","sysselsatte_kjonn_land","NULL","NULL","1617"
"2013","NULL","alle","alle","personer","506","sysselsatte_kjonn_land","NULL","NULL","1617"
"2013","NULL","alle","alle","prosent","76.8","sysselsatte_kjonn_land","NULL","NULL","1617"
"2013","NULL","0","1","personer","297","sysselsatte_kjonn_land","NULL","NULL","1620"
"2013","NULL","0","1","prosent","86.8","sysselsatte_kjonn_land","NULL","NULL","1620"
"2013","NULL","0","2","personer","16","sysselsatte_kjonn_land","NULL","NULL","1620"
"2013","NULL","0","2","prosent","80","sysselsatte_kjonn_land","NULL","NULL","1620"
"2013","NULL","0","alle","personer","313","sysselsatte_kjonn_land","NULL","NULL","1620"
"2013","NULL","0","alle","prosent","86.5","sysselsatte_kjonn_land","NULL","NULL","1620"
"2013","NULL","1","1","personer","180","sysselsatte_kjonn_land","NULL","NULL","1620"
"2013","NULL","1","1","prosent","82.6","sysselsatte_kjonn_land","NULL","NULL","1620"
"2013","NULL","1","2","personer","60","sysselsatte_kjonn_land","NULL","NULL","1620"
"2013","NULL","1","2","prosent","82.2","sysselsatte_kjonn_land","NULL","NULL","1620"
"2013","NULL","1","alle","personer","240","sysselsatte_kjonn_land","NULL","NULL","1620"
"2013","NULL","1","alle","prosent","82.5","sysselsatte_kjonn_land","NULL","NULL","1620"
"2013","NULL","alle","1","personer","477","sysselsatte_kjonn_land","NULL","NULL","1620"
"2013","NULL","alle","1","prosent","85.2","sysselsatte_kjonn_land","NULL","NULL","1620"
"2013","NULL","alle","2","personer","76","sysselsatte_kjonn_land","NULL","NULL","1620"
"2013","NULL","alle","2","prosent","81.7","sysselsatte_kjonn_land","NULL","NULL","1620"
"2013","NULL","alle","alle","personer","553","sysselsatte_kjonn_land","NULL","NULL","1620"
"2013","NULL","alle","alle","prosent","84.7","sysselsatte_kjonn_land","NULL","NULL","1620"
"2013","NULL","0","1","personer","55","sysselsatte_kjonn_land","NULL","NULL","1621"
"2013","NULL","0","1","prosent","68.8","sysselsatte_kjonn_land","NULL","NULL","1621"
"2013","NULL","0","2","personer","11","sysselsatte_kjonn_land","NULL","NULL","1621"
"2013","NULL","0","2","prosent","78.6","sysselsatte_kjonn_land","NULL","NULL","1621"
"2013","NULL","0","alle","personer","66","sysselsatte_kjonn_land","NULL","NULL","1621"
"2013","NULL","0","alle","prosent","70.2","sysselsatte_kjonn_land","NULL","NULL","1621"
"2013","NULL","1","1","personer","35","sysselsatte_kjonn_land","NULL","NULL","1621"
"2013","NULL","1","1","prosent","83.3","sysselsatte_kjonn_land","NULL","NULL","1621"
"2013","NULL","1","2","personer","43","sysselsatte_kjonn_land","NULL","NULL","1621"
"2013","NULL","1","2","prosent","62.3","sysselsatte_kjonn_land","NULL","NULL","1621"
"2013","NULL","1","alle","personer","78","sysselsatte_kjonn_land","NULL","NULL","1621"
"2013","NULL","1","alle","prosent","70.3","sysselsatte_kjonn_land","NULL","NULL","1621"
"2013","NULL","alle","1","personer","90","sysselsatte_kjonn_land","NULL","NULL","1621"
"2013","NULL","alle","1","prosent","73.8","sysselsatte_kjonn_land","NULL","NULL","1621"
"2013","NULL","alle","2","personer","54","sysselsatte_kjonn_land","NULL","NULL","1621"
"2013","NULL","alle","2","prosent","65.1","sysselsatte_kjonn_land","NULL","NULL","1621"
"2013","NULL","alle","alle","personer","144","sysselsatte_kjonn_land","NULL","NULL","1621"
"2013","NULL","alle","alle","prosent","70.2","sysselsatte_kjonn_land","NULL","NULL","1621"
"2013","NULL","0","1","personer","28","sysselsatte_kjonn_land","NULL","NULL","1622"
"2013","NULL","0","1","prosent","84.8","sysselsatte_kjonn_land","NULL","NULL","1622"
"2013","NULL","0","2","personer","6","sysselsatte_kjonn_land","NULL","NULL","1622"
"2013","NULL","0","2","prosent","66.7","sysselsatte_kjonn_land","NULL","NULL","1622"
"2013","NULL","0","alle","personer","34","sysselsatte_kjonn_land","NULL","NULL","1622"
"2013","NULL","0","alle","prosent","81","sysselsatte_kjonn_land","NULL","NULL","1622"
"2013","NULL","1","1","personer","16","sysselsatte_kjonn_land","NULL","NULL","1622"
"2013","NULL","1","1","prosent","59.3","sysselsatte_kjonn_land","NULL","NULL","1622"
"2013","NULL","1","2","personer","14","sysselsatte_kjonn_land","NULL","NULL","1622"
"2013","NULL","1","2","prosent","63.6","sysselsatte_kjonn_land","NULL","NULL","1622"
"2013","NULL","1","alle","personer","30","sysselsatte_kjonn_land","NULL","NULL","1622"
"2013","NULL","1","alle","prosent","61.2","sysselsatte_kjonn_land","NULL","NULL","1622"
"2013","NULL","alle","1","personer","44","sysselsatte_kjonn_land","NULL","NULL","1622"
"2013","NULL","alle","1","prosent","73.3","sysselsatte_kjonn_land","NULL","NULL","1622"
"2013","NULL","alle","2","personer","20","sysselsatte_kjonn_land","NULL","NULL","1622"
"2013","NULL","alle","2","prosent","64.5","sysselsatte_kjonn_land","NULL","NULL","1622"
"2013","NULL","alle","alle","personer","64","sysselsatte_kjonn_land","NULL","NULL","1622"
"2013","NULL","alle","alle","prosent","70.3","sysselsatte_kjonn_land","NULL","NULL","1622"
"2013","NULL","0","1","personer","167","sysselsatte_kjonn_land","NULL","NULL","1624"
"2013","NULL","0","1","prosent","67.3","sysselsatte_kjonn_land","NULL","NULL","1624"
"2013","NULL","0","2","personer","15","sysselsatte_kjonn_land","NULL","NULL","1624"
"2013","NULL","0","2","prosent","55.6","sysselsatte_kjonn_land","NULL","NULL","1624"
"2013","NULL","0","alle","personer","182","sysselsatte_kjonn_land","NULL","NULL","1624"
"2013","NULL","0","alle","prosent","66.2","sysselsatte_kjonn_land","NULL","NULL","1624"
"2013","NULL","1","1","personer","63","sysselsatte_kjonn_land","NULL","NULL","1624"
"2013","NULL","1","1","prosent","70","sysselsatte_kjonn_land","NULL","NULL","1624"
"2013","NULL","1","2","personer","30","sysselsatte_kjonn_land","NULL","NULL","1624"
"2013","NULL","1","2","prosent","55.6","sysselsatte_kjonn_land","NULL","NULL","1624"
"2013","NULL","1","alle","personer","93","sysselsatte_kjonn_land","NULL","NULL","1624"
"2013","NULL","1","alle","prosent","64.6","sysselsatte_kjonn_land","NULL","NULL","1624"
"2013","NULL","alle","1","personer","230","sysselsatte_kjonn_land","NULL","NULL","1624"
"2013","NULL","alle","1","prosent","68","sysselsatte_kjonn_land","NULL","NULL","1624"
"2013","NULL","alle","2","personer","45","sysselsatte_kjonn_land","NULL","NULL","1624"
"2013","NULL","alle","2","prosent","55.6","sysselsatte_kjonn_land","NULL","NULL","1624"
"2013","NULL","alle","alle","personer","275","sysselsatte_kjonn_land","NULL","NULL","1624"
"2013","NULL","alle","alle","prosent","65.6","sysselsatte_kjonn_land","NULL","NULL","1624"
"2013","NULL","0","1","personer","62","sysselsatte_kjonn_land","NULL","NULL","1627"
"2013","NULL","0","1","prosent","81.6","sysselsatte_kjonn_land","NULL","NULL","1627"
"2013","NULL","0","2","personer","8","sysselsatte_kjonn_land","NULL","NULL","1627"
"2013","NULL","0","2","prosent","72.7","sysselsatte_kjonn_land","NULL","NULL","1627"
"2013","NULL","0","alle","personer","70","sysselsatte_kjonn_land","NULL","NULL","1627"
"2013","NULL","0","alle","prosent","80.5","sysselsatte_kjonn_land","NULL","NULL","1627"
"2013","NULL","1","1","personer","39","sysselsatte_kjonn_land","NULL","NULL","1627"
"2013","NULL","1","1","prosent","83","sysselsatte_kjonn_land","NULL","NULL","1627"
"2013","NULL","1","2","personer","28","sysselsatte_kjonn_land","NULL","NULL","1627"
"2013","NULL","1","2","prosent","57.1","sysselsatte_kjonn_land","NULL","NULL","1627"
"2013","NULL","1","alle","personer","67","sysselsatte_kjonn_land","NULL","NULL","1627"
"2013","NULL","1","alle","prosent","69.8","sysselsatte_kjonn_land","NULL","NULL","1627"
"2013","NULL","alle","1","personer","101","sysselsatte_kjonn_land","NULL","NULL","1627"
"2013","NULL","alle","1","prosent","82.1","sysselsatte_kjonn_land","NULL","NULL","1627"
"2013","NULL","alle","2","personer","36","sysselsatte_kjonn_land","NULL","NULL","1627"
"2013","NULL","alle","2","prosent","60","sysselsatte_kjonn_land","NULL","NULL","1627"
"2013","NULL","alle","alle","personer","137","sysselsatte_kjonn_land","NULL","NULL","1627"
"2013","NULL","alle","alle","prosent","74.9","sysselsatte_kjonn_land","NULL","NULL","1627"
"2013","NULL","0","1","personer","26","sysselsatte_kjonn_land","NULL","NULL","1630"
"2013","NULL","0","1","prosent","92.9","sysselsatte_kjonn_land","NULL","NULL","1630"
"2013","NULL","0","2","personer","4","sysselsatte_kjonn_land","NULL","NULL","1630"
"2013","NULL","0","2","prosent","66.7","sysselsatte_kjonn_land","NULL","NULL","1630"
"2013","NULL","0","alle","personer","30","sysselsatte_kjonn_land","NULL","NULL","1630"
"2013","NULL","0","alle","prosent","88.2","sysselsatte_kjonn_land","NULL","NULL","1630"
"2013","NULL","1","1","personer","16","sysselsatte_kjonn_land","NULL","NULL","1630"
"2013","NULL","1","1","prosent","80","sysselsatte_kjonn_land","NULL","NULL","1630"
"2013","NULL","1","2","personer","12","sysselsatte_kjonn_land","NULL","NULL","1630"
"2013","NULL","1","2","prosent","66.7","sysselsatte_kjonn_land","NULL","NULL","1630"
"2013","NULL","1","alle","personer","28","sysselsatte_kjonn_land","NULL","NULL","1630"
"2013","NULL","1","alle","prosent","73.7","sysselsatte_kjonn_land","NULL","NULL","1630"
"2013","NULL","alle","1","personer","42","sysselsatte_kjonn_land","NULL","NULL","1630"
"2013","NULL","alle","1","prosent","87.5","sysselsatte_kjonn_land","NULL","NULL","1630"
"2013","NULL","alle","2","personer","16","sysselsatte_kjonn_land","NULL","NULL","1630"
"2013","NULL","alle","2","prosent","66.7","sysselsatte_kjonn_land","NULL","NULL","1630"
"2013","NULL","alle","alle","personer","58","sysselsatte_kjonn_land","NULL","NULL","1630"
"2013","NULL","alle","alle","prosent","80.6","sysselsatte_kjonn_land","NULL","NULL","1630"
"2013","NULL","0","1","personer","24","sysselsatte_kjonn_land","NULL","NULL","1632"
"2013","NULL","0","1","prosent","88.9","sysselsatte_kjonn_land","NULL","NULL","1632"
"2013","NULL","0","2","personer","0","sysselsatte_kjonn_land","NULL","NULL","1632"
"2013","NULL","0","2","prosent","0","sysselsatte_kjonn_land","NULL","NULL","1632"
"2013","NULL","0","alle","personer","24","sysselsatte_kjonn_land","NULL","NULL","1632"
"2013","NULL","0","alle","prosent","88.9","sysselsatte_kjonn_land","NULL","NULL","1632"
"2013","NULL","1","1","personer","13","sysselsatte_kjonn_land","NULL","NULL","1632"
"2013","NULL","1","1","prosent","92.9","sysselsatte_kjonn_land","NULL","NULL","1632"
"2013","NULL","1","2","personer","4","sysselsatte_kjonn_land","NULL","NULL","1632"
"2013","NULL","1","2","prosent","50","sysselsatte_kjonn_land","NULL","NULL","1632"
"2013","NULL","1","alle","personer","17","sysselsatte_kjonn_land","NULL","NULL","1632"
"2013","NULL","1","alle","prosent","77.3","sysselsatte_kjonn_land","NULL","NULL","1632"
"2013","NULL","alle","1","personer","37","sysselsatte_kjonn_land","NULL","NULL","1632"
"2013","NULL","alle","1","prosent","90.2","sysselsatte_kjonn_land","NULL","NULL","1632"
"2013","NULL","alle","2","personer","4","sysselsatte_kjonn_land","NULL","NULL","1632"
"2013","NULL","alle","2","prosent","50","sysselsatte_kjonn_land","NULL","NULL","1632"
"2013","NULL","alle","alle","personer","41","sysselsatte_kjonn_land","NULL","NULL","1632"
"2013","NULL","alle","alle","prosent","83.7","sysselsatte_kjonn_land","NULL","NULL","1632"
"2013","NULL","0","1","personer",":","sysselsatte_kjonn_land","NULL","NULL","1633"
"2013","NULL","0","1","prosent",":","sysselsatte_kjonn_land","NULL","NULL","1633"
"2013","NULL","0","2","personer",":","sysselsatte_kjonn_land","NULL","NULL","1633"
"2013","NULL","0","2","prosent",":","sysselsatte_kjonn_land","NULL","NULL","1633"
"2013","NULL","0","alle","personer","10","sysselsatte_kjonn_land","NULL","NULL","1633"
"2013","NULL","0","alle","prosent","71.4","sysselsatte_kjonn_land","NULL","NULL","1633"
"2013","NULL","1","1","personer","9","sysselsatte_kjonn_land","NULL","NULL","1633"
"2013","NULL","1","1","prosent","90","sysselsatte_kjonn_land","NULL","NULL","1633"
"2013","NULL","1","2","personer","0","sysselsatte_kjonn_land","NULL","NULL","1633"
"2013","NULL","1","2","prosent","0","sysselsatte_kjonn_land","NULL","NULL","1633"
"2013","NULL","1","alle","personer","9","sysselsatte_kjonn_land","NULL","NULL","1633"
"2013","NULL","1","alle","prosent","81.8","sysselsatte_kjonn_land","NULL","NULL","1633"
"2013","NULL","alle","1","personer",":","sysselsatte_kjonn_land","NULL","NULL","1633"
"2013","NULL","alle","1","prosent",":","sysselsatte_kjonn_land","NULL","NULL","1633"
"2013","NULL","alle","2","personer",":","sysselsatte_kjonn_land","NULL","NULL","1633"
"2013","NULL","alle","2","prosent",":","sysselsatte_kjonn_land","NULL","NULL","1633"
"2013","NULL","alle","alle","personer","19","sysselsatte_kjonn_land","NULL","NULL","1633"
"2013","NULL","alle","alle","prosent","76","sysselsatte_kjonn_land","NULL","NULL","1633"
"2013","NULL","0","1","personer","122","sysselsatte_kjonn_land","NULL","NULL","1634"
"2013","NULL","0","1","prosent","79.2","sysselsatte_kjonn_land","NULL","NULL","1634"
"2013","NULL","0","2","personer","31","sysselsatte_kjonn_land","NULL","NULL","1634"
"2013","NULL","0","2","prosent","58.5","sysselsatte_kjonn_land","NULL","NULL","1634"
"2013","NULL","0","alle","personer","153","sysselsatte_kjonn_land","NULL","NULL","1634"
"2013","NULL","0","alle","prosent","73.9","sysselsatte_kjonn_land","NULL","NULL","1634"
"2013","NULL","1","1","personer","71","sysselsatte_kjonn_land","NULL","NULL","1634"
"2013","NULL","1","1","prosent","73.2","sysselsatte_kjonn_land","NULL","NULL","1634"
"2013","NULL","1","2","personer","36","sysselsatte_kjonn_land","NULL","NULL","1634"
"2013","NULL","1","2","prosent","44.4","sysselsatte_kjonn_land","NULL","NULL","1634"
"2013","NULL","1","alle","personer","107","sysselsatte_kjonn_land","NULL","NULL","1634"
"2013","NULL","1","alle","prosent","60.1","sysselsatte_kjonn_land","NULL","NULL","1634"
"2013","NULL","alle","1","personer","193","sysselsatte_kjonn_land","NULL","NULL","1634"
"2013","NULL","alle","1","prosent","76.9","sysselsatte_kjonn_land","NULL","NULL","1634"
"2013","NULL","alle","2","personer","67","sysselsatte_kjonn_land","NULL","NULL","1634"
"2013","NULL","alle","2","prosent","50","sysselsatte_kjonn_land","NULL","NULL","1634"
"2013","NULL","alle","alle","personer","260","sysselsatte_kjonn_land","NULL","NULL","1634"
"2013","NULL","alle","alle","prosent","67.5","sysselsatte_kjonn_land","NULL","NULL","1634"
"2013","NULL","0","1","personer",":","sysselsatte_kjonn_land","NULL","NULL","1635"
"2013","NULL","0","1","prosent",":","sysselsatte_kjonn_land","NULL","NULL","1635"
"2013","NULL","0","2","personer",":","sysselsatte_kjonn_land","NULL","NULL","1635"
"2013","NULL","0","2","prosent",":","sysselsatte_kjonn_land","NULL","NULL","1635"
"2013","NULL","0","alle","personer","30","sysselsatte_kjonn_land","NULL","NULL","1635"
"2013","NULL","0","alle","prosent","76.9","sysselsatte_kjonn_land","NULL","NULL","1635"
"2013","NULL","1","1","personer","17","sysselsatte_kjonn_land","NULL","NULL","1635"
"2013","NULL","1","1","prosent","73.9","sysselsatte_kjonn_land","NULL","NULL","1635"
"2013","NULL","1","2","personer","8","sysselsatte_kjonn_land","NULL","NULL","1635"
"2013","NULL","1","2","prosent","66.7","sysselsatte_kjonn_land","NULL","NULL","1635"
"2013","NULL","1","alle","personer","25","sysselsatte_kjonn_land","NULL","NULL","1635"
"2013","NULL","1","alle","prosent","71.4","sysselsatte_kjonn_land","NULL","NULL","1635"
"2013","NULL","alle","1","personer","44","sysselsatte_kjonn_land","NULL","NULL","1635"
"2013","NULL","alle","1","prosent","80","sysselsatte_kjonn_land","NULL","NULL","1635"
"2013","NULL","alle","2","personer","11","sysselsatte_kjonn_land","NULL","NULL","1635"
"2013","NULL","alle","2","prosent","57.9","sysselsatte_kjonn_land","NULL","NULL","1635"
"2013","NULL","alle","alle","personer","55","sysselsatte_kjonn_land","NULL","NULL","1635"
"2013","NULL","alle","alle","prosent","74.3","sysselsatte_kjonn_land","NULL","NULL","1635"
"2013","NULL","0","1","personer",":","sysselsatte_kjonn_land","NULL","NULL","1636"
"2013","NULL","0","1","prosent",":","sysselsatte_kjonn_land","NULL","NULL","1636"
"2013","NULL","0","2","personer",":","sysselsatte_kjonn_land","NULL","NULL","1636"
"2013","NULL","0","2","prosent",":","sysselsatte_kjonn_land","NULL","NULL","1636"
"2013","NULL","0","alle","personer","67","sysselsatte_kjonn_land","NULL","NULL","1636"
"2013","NULL","0","alle","prosent","76.1","sysselsatte_kjonn_land","NULL","NULL","1636"
"2013","NULL","1","1","personer","22","sysselsatte_kjonn_land","NULL","NULL","1636"
"2013","NULL","1","1","prosent","61.1","sysselsatte_kjonn_land","NULL","NULL","1636"
"2013","NULL","1","2","personer","19","sysselsatte_kjonn_land","NULL","NULL","1636"
"2013","NULL","1","2","prosent","61.3","sysselsatte_kjonn_land","NULL","NULL","1636"
"2013","NULL","1","alle","personer","41","sysselsatte_kjonn_land","NULL","NULL","1636"
"2013","NULL","1","alle","prosent","61.2","sysselsatte_kjonn_land","NULL","NULL","1636"
"2013","NULL","alle","1","personer","86","sysselsatte_kjonn_land","NULL","NULL","1636"
"2013","NULL","alle","1","prosent","71.7","sysselsatte_kjonn_land","NULL","NULL","1636"
"2013","NULL","alle","2","personer","22","sysselsatte_kjonn_land","NULL","NULL","1636"
"2013","NULL","alle","2","prosent","62.9","sysselsatte_kjonn_land","NULL","NULL","1636"
"2013","NULL","alle","alle","personer","108","sysselsatte_kjonn_land","NULL","NULL","1636"
"2013","NULL","alle","alle","prosent","69.7","sysselsatte_kjonn_land","NULL","NULL","1636"
"2013","NULL","0","1","personer","110","sysselsatte_kjonn_land","NULL","NULL","1638"
"2013","NULL","0","1","prosent","73.8","sysselsatte_kjonn_land","NULL","NULL","1638"
"2013","NULL","0","2","personer","72","sysselsatte_kjonn_land","NULL","NULL","1638"
"2013","NULL","0","2","prosent","60","sysselsatte_kjonn_land","NULL","NULL","1638"
"2013","NULL","0","alle","personer","182","sysselsatte_kjonn_land","NULL","NULL","1638"
"2013","NULL","0","alle","prosent","67.7","sysselsatte_kjonn_land","NULL","NULL","1638"
"2013","NULL","1","1","personer","64","sysselsatte_kjonn_land","NULL","NULL","1638"
"2013","NULL","1","1","prosent","69.6","sysselsatte_kjonn_land","NULL","NULL","1638"
"2013","NULL","1","2","personer","109","sysselsatte_kjonn_land","NULL","NULL","1638"
"2013","NULL","1","2","prosent","55.3","sysselsatte_kjonn_land","NULL","NULL","1638"
"2013","NULL","1","alle","personer","173","sysselsatte_kjonn_land","NULL","NULL","1638"
"2013","NULL","1","alle","prosent","59.9","sysselsatte_kjonn_land","NULL","NULL","1638"
"2013","NULL","alle","1","personer","174","sysselsatte_kjonn_land","NULL","NULL","1638"
"2013","NULL","alle","1","prosent","72.2","sysselsatte_kjonn_land","NULL","NULL","1638"
"2013","NULL","alle","2","personer","181","sysselsatte_kjonn_land","NULL","NULL","1638"
"2013","NULL","alle","2","prosent","57.1","sysselsatte_kjonn_land","NULL","NULL","1638"
"2013","NULL","alle","alle","personer","355","sysselsatte_kjonn_land","NULL","NULL","1638"
"2013","NULL","alle","alle","prosent","63.6","sysselsatte_kjonn_land","NULL","NULL","1638"
"2013","NULL","0","1","personer","82","sysselsatte_kjonn_land","NULL","NULL","1640"
"2013","NULL","0","1","prosent","86.3","sysselsatte_kjonn_land","NULL","NULL","1640"
"2013","NULL","0","2","personer","25","sysselsatte_kjonn_land","NULL","NULL","1640"
"2013","NULL","0","2","prosent","59.5","sysselsatte_kjonn_land","NULL","NULL","1640"
"2013","NULL","0","alle","personer","107","sysselsatte_kjonn_land","NULL","NULL","1640"
"2013","NULL","0","alle","prosent","78.1","sysselsatte_kjonn_land","NULL","NULL","1640"
"2013","NULL","1","1","personer","74","sysselsatte_kjonn_land","NULL","NULL","1640"
"2013","NULL","1","1","prosent","82.2","sysselsatte_kjonn_land","NULL","NULL","1640"
"2013","NULL","1","2","personer","36","sysselsatte_kjonn_land","NULL","NULL","1640"
"2013","NULL","1","2","prosent","65.5","sysselsatte_kjonn_land","NULL","NULL","1640"
"2013","NULL","1","alle","personer","110","sysselsatte_kjonn_land","NULL","NULL","1640"
"2013","NULL","1","alle","prosent","75.9","sysselsatte_kjonn_land","NULL","NULL","1640"
"2013","NULL","alle","1","personer","156","sysselsatte_kjonn_land","NULL","NULL","1640"
"2013","NULL","alle","1","prosent","84.3","sysselsatte_kjonn_land","NULL","NULL","1640"
"2013","NULL","alle","2","personer","61","sysselsatte_kjonn_land","NULL","NULL","1640"
"2013","NULL","alle","2","prosent","62.9","sysselsatte_kjonn_land","NULL","NULL","1640"
"2013","NULL","alle","alle","personer","217","sysselsatte_kjonn_land","NULL","NULL","1640"
"2013","NULL","alle","alle","prosent","77","sysselsatte_kjonn_land","NULL","NULL","1640"
"2013","NULL","0","1","personer","19","sysselsatte_kjonn_land","NULL","NULL","1644"
"2013","NULL","0","1","prosent","79.2","sysselsatte_kjonn_land","NULL","NULL","1644"
"2013","NULL","0","2","personer","4","sysselsatte_kjonn_land","NULL","NULL","1644"
"2013","NULL","0","2","prosent","66.7","sysselsatte_kjonn_land","NULL","NULL","1644"
"2013","NULL","0","alle","personer","23","sysselsatte_kjonn_land","NULL","NULL","1644"
"2013","NULL","0","alle","prosent","76.7","sysselsatte_kjonn_land","NULL","NULL","1644"
"2013","NULL","1","1","personer","20","sysselsatte_kjonn_land","NULL","NULL","1644"
"2013","NULL","1","1","prosent","83.3","sysselsatte_kjonn_land","NULL","NULL","1644"
"2013","NULL","1","2","personer","6","sysselsatte_kjonn_land","NULL","NULL","1644"
"2013","NULL","1","2","prosent","46.2","sysselsatte_kjonn_land","NULL","NULL","1644"
"2013","NULL","1","alle","personer","26","sysselsatte_kjonn_land","NULL","NULL","1644"
"2013","NULL","1","alle","prosent","70.3","sysselsatte_kjonn_land","NULL","NULL","1644"
"2013","NULL","alle","1","personer","39","sysselsatte_kjonn_land","NULL","NULL","1644"
"2013","NULL","alle","1","prosent","81.3","sysselsatte_kjonn_land","NULL","NULL","1644"
"2013","NULL","alle","2","personer","10","sysselsatte_kjonn_land","NULL","NULL","1644"
"2013","NULL","alle","2","prosent","52.6","sysselsatte_kjonn_land","NULL","NULL","1644"
"2013","NULL","alle","alle","personer","49","sysselsatte_kjonn_land","NULL","NULL","1644"
"2013","NULL","alle","alle","prosent","73.1","sysselsatte_kjonn_land","NULL","NULL","1644"
"2013","NULL","0","1","personer","221","sysselsatte_kjonn_land","NULL","NULL","1648"
"2013","NULL","0","1","prosent","82.5","sysselsatte_kjonn_land","NULL","NULL","1648"
"2013","NULL","0","2","personer","26","sysselsatte_kjonn_land","NULL","NULL","1648"
"2013","NULL","0","2","prosent","57.8","sysselsatte_kjonn_land","NULL","NULL","1648"
"2013","NULL","0","alle","personer","247","sysselsatte_kjonn_land","NULL","NULL","1648"
"2013","NULL","0","alle","prosent","78.9","sysselsatte_kjonn_land","NULL","NULL","1648"
"2013","NULL","1","1","personer","233","sysselsatte_kjonn_land","NULL","NULL","1648"
"2013","NULL","1","1","prosent","85.7","sysselsatte_kjonn_land","NULL","NULL","1648"
"2013","NULL","1","2","personer","26","sysselsatte_kjonn_land","NULL","NULL","1648"
"2013","NULL","1","2","prosent","53.1","sysselsatte_kjonn_land","NULL","NULL","1648"
"2013","NULL","1","alle","personer","259","sysselsatte_kjonn_land","NULL","NULL","1648"
"2013","NULL","1","alle","prosent","80.7","sysselsatte_kjonn_land","NULL","NULL","1648"
"2013","NULL","alle","1","personer","454","sysselsatte_kjonn_land","NULL","NULL","1648"
"2013","NULL","alle","1","prosent","84.1","sysselsatte_kjonn_land","NULL","NULL","1648"
"2013","NULL","alle","2","personer","52","sysselsatte_kjonn_land","NULL","NULL","1648"
"2013","NULL","alle","2","prosent","55.3","sysselsatte_kjonn_land","NULL","NULL","1648"
"2013","NULL","alle","alle","personer","506","sysselsatte_kjonn_land","NULL","NULL","1648"
"2013","NULL","alle","alle","prosent","79.8","sysselsatte_kjonn_land","NULL","NULL","1648"
"2013","NULL","0","1","personer","225","sysselsatte_kjonn_land","NULL","NULL","1653"
"2013","NULL","0","1","prosent","77.1","sysselsatte_kjonn_land","NULL","NULL","1653"
"2013","NULL","0","2","personer","64","sysselsatte_kjonn_land","NULL","NULL","1653"
"2013","NULL","0","2","prosent","52.9","sysselsatte_kjonn_land","NULL","NULL","1653"
"2013","NULL","0","alle","personer","289","sysselsatte_kjonn_land","NULL","NULL","1653"
"2013","NULL","0","alle","prosent","70","sysselsatte_kjonn_land","NULL","NULL","1653"
"2013","NULL","1","1","personer","102","sysselsatte_kjonn_land","NULL","NULL","1653"
"2013","NULL","1","1","prosent","72.3","sysselsatte_kjonn_land","NULL","NULL","1653"
"2013","NULL","1","2","personer","100","sysselsatte_kjonn_land","NULL","NULL","1653"
"2013","NULL","1","2","prosent","55.2","sysselsatte_kjonn_land","NULL","NULL","1653"
"2013","NULL","1","alle","personer","202","sysselsatte_kjonn_land","NULL","NULL","1653"
"2013","NULL","1","alle","prosent","62.7","sysselsatte_kjonn_land","NULL","NULL","1653"
"2013","NULL","alle","1","personer","327","sysselsatte_kjonn_land","NULL","NULL","1653"
"2013","NULL","alle","1","prosent","75.5","sysselsatte_kjonn_land","NULL","NULL","1653"
"2013","NULL","alle","2","personer","164","sysselsatte_kjonn_land","NULL","NULL","1653"
"2013","NULL","alle","2","prosent","54.3","sysselsatte_kjonn_land","NULL","NULL","1653"
"2013","NULL","alle","alle","personer","491","sysselsatte_kjonn_land","NULL","NULL","1653"
"2013","NULL","alle","alle","prosent","66.8","sysselsatte_kjonn_land","NULL","NULL","1653"
"2013","NULL","0","1","personer","87","sysselsatte_kjonn_land","NULL","NULL","1657"
"2013","NULL","0","1","prosent","87.9","sysselsatte_kjonn_land","NULL","NULL","1657"
"2013","NULL","0","2","personer","20","sysselsatte_kjonn_land","NULL","NULL","1657"
"2013","NULL","0","2","prosent","57.1","sysselsatte_kjonn_land","NULL","NULL","1657"
"2013","NULL","0","alle","personer","107","sysselsatte_kjonn_land","NULL","NULL","1657"
"2013","NULL","0","alle","prosent","79.9","sysselsatte_kjonn_land","NULL","NULL","1657"
"2013","NULL","1","1","personer","36","sysselsatte_kjonn_land","NULL","NULL","1657"
"2013","NULL","1","1","prosent","66.7","sysselsatte_kjonn_land","NULL","NULL","1657"
"2013","NULL","1","2","personer","40","sysselsatte_kjonn_land","NULL","NULL","1657"
"2013","NULL","1","2","prosent","61.5","sysselsatte_kjonn_land","NULL","NULL","1657"
"2013","NULL","1","alle","personer","76","sysselsatte_kjonn_land","NULL","NULL","1657"
"2013","NULL","1","alle","prosent","63.9","sysselsatte_kjonn_land","NULL","NULL","1657"
"2013","NULL","alle","1","personer","123","sysselsatte_kjonn_land","NULL","NULL","1657"
"2013","NULL","alle","1","prosent","80.4","sysselsatte_kjonn_land","NULL","NULL","1657"
"2013","NULL","alle","2","personer","60","sysselsatte_kjonn_land","NULL","NULL","1657"
"2013","NULL","alle","2","prosent","60","sysselsatte_kjonn_land","NULL","NULL","1657"
"2013","NULL","alle","alle","personer","183","sysselsatte_kjonn_land","NULL","NULL","1657"
"2013","NULL","alle","alle","prosent","72.3","sysselsatte_kjonn_land","NULL","NULL","1657"
"2013","NULL","0","1","personer","111","sysselsatte_kjonn_land","NULL","NULL","1662"
"2013","NULL","0","1","prosent","81.6","sysselsatte_kjonn_land","NULL","NULL","1662"
"2013","NULL","0","2","personer","24","sysselsatte_kjonn_land","NULL","NULL","1662"
"2013","NULL","0","2","prosent","68.6","sysselsatte_kjonn_land","NULL","NULL","1662"
"2013","NULL","0","alle","personer","135","sysselsatte_kjonn_land","NULL","NULL","1662"
"2013","NULL","0","alle","prosent","78.9","sysselsatte_kjonn_land","NULL","NULL","1662"
"2013","NULL","1","1","personer","52","sysselsatte_kjonn_land","NULL","NULL","1662"
"2013","NULL","1","1","prosent","69.3","sysselsatte_kjonn_land","NULL","NULL","1662"
"2013","NULL","1","2","personer","34","sysselsatte_kjonn_land","NULL","NULL","1662"
"2013","NULL","1","2","prosent","54","sysselsatte_kjonn_land","NULL","NULL","1662"
"2013","NULL","1","alle","personer","86","sysselsatte_kjonn_land","NULL","NULL","1662"
"2013","NULL","1","alle","prosent","62.3","sysselsatte_kjonn_land","NULL","NULL","1662"
"2013","NULL","alle","1","personer","163","sysselsatte_kjonn_land","NULL","NULL","1662"
"2013","NULL","alle","1","prosent","77.3","sysselsatte_kjonn_land","NULL","NULL","1662"
"2013","NULL","alle","2","personer","58","sysselsatte_kjonn_land","NULL","NULL","1662"
"2013","NULL","alle","2","prosent","59.2","sysselsatte_kjonn_land","NULL","NULL","1662"
"2013","NULL","alle","alle","personer","221","sysselsatte_kjonn_land","NULL","NULL","1662"
"2013","NULL","alle","alle","prosent","71.5","sysselsatte_kjonn_land","NULL","NULL","1662"
"2013","NULL","0","1","personer","285","sysselsatte_kjonn_land","NULL","NULL","1663"
"2013","NULL","0","1","prosent","82.1","sysselsatte_kjonn_land","NULL","NULL","1663"
"2013","NULL","0","2","personer","61","sysselsatte_kjonn_land","NULL","NULL","1663"
"2013","NULL","0","2","prosent","63.5","sysselsatte_kjonn_land","NULL","NULL","1663"
"2013","NULL","0","alle","personer","346","sysselsatte_kjonn_land","NULL","NULL","1663"
"2013","NULL","0","alle","prosent","78.1","sysselsatte_kjonn_land","NULL","NULL","1663"
"2013","NULL","1","1","personer","131","sysselsatte_kjonn_land","NULL","NULL","1663"
"2013","NULL","1","1","prosent","70.1","sysselsatte_kjonn_land","NULL","NULL","1663"
"2013","NULL","1","2","personer","98","sysselsatte_kjonn_land","NULL","NULL","1663"
"2013","NULL","1","2","prosent","63.2","sysselsatte_kjonn_land","NULL","NULL","1663"
"2013","NULL","1","alle","personer","229","sysselsatte_kjonn_land","NULL","NULL","1663"
"2013","NULL","1","alle","prosent","67","sysselsatte_kjonn_land","NULL","NULL","1663"
"2013","NULL","alle","1","personer","416","sysselsatte_kjonn_land","NULL","NULL","1663"
"2013","NULL","alle","1","prosent","77.9","sysselsatte_kjonn_land","NULL","NULL","1663"
"2013","NULL","alle","2","personer","159","sysselsatte_kjonn_land","NULL","NULL","1663"
"2013","NULL","alle","2","prosent","63.3","sysselsatte_kjonn_land","NULL","NULL","1663"
"2013","NULL","alle","alle","personer","575","sysselsatte_kjonn_land","NULL","NULL","1663"
"2013","NULL","alle","alle","prosent","73.2","sysselsatte_kjonn_land","NULL","NULL","1663"
"2013","NULL","0","1","personer","48","sysselsatte_kjonn_land","NULL","NULL","1664"
"2013","NULL","0","1","prosent","71.6","sysselsatte_kjonn_land","NULL","NULL","1664"
"2013","NULL","0","2","personer","8","sysselsatte_kjonn_land","NULL","NULL","1664"
"2013","NULL","0","2","prosent","72.7","sysselsatte_kjonn_land","NULL","NULL","1664"
"2013","NULL","0","alle","personer","56","sysselsatte_kjonn_land","NULL","NULL","1664"
"2013","NULL","0","alle","prosent","71.8","sysselsatte_kjonn_land","NULL","NULL","1664"
"2013","NULL","1","1","personer","22","sysselsatte_kjonn_land","NULL","NULL","1664"
"2013","NULL","1","1","prosent","51.2","sysselsatte_kjonn_land","NULL","NULL","1664"
"2013","NULL","1","2","personer","20","sysselsatte_kjonn_land","NULL","NULL","1664"
"2013","NULL","1","2","prosent","76.9","sysselsatte_kjonn_land","NULL","NULL","1664"
"2013","NULL","1","alle","personer","42","sysselsatte_kjonn_land","NULL","NULL","1664"
"2013","NULL","1","alle","prosent","60.9","sysselsatte_kjonn_land","NULL","NULL","1664"
"2013","NULL","alle","1","personer","70","sysselsatte_kjonn_land","NULL","NULL","1664"
"2013","NULL","alle","1","prosent","63.6","sysselsatte_kjonn_land","NULL","NULL","1664"
"2013","NULL","alle","2","personer","28","sysselsatte_kjonn_land","NULL","NULL","1664"
"2013","NULL","alle","2","prosent","75.7","sysselsatte_kjonn_land","NULL","NULL","1664"
"2013","NULL","alle","alle","personer","98","sysselsatte_kjonn_land","NULL","NULL","1664"
"2013","NULL","alle","alle","prosent","66.7","sysselsatte_kjonn_land","NULL","NULL","1664"
"2013","NULL","0","1","personer",":","sysselsatte_kjonn_land","NULL","NULL","1665"
"2013","NULL","0","1","prosent",":","sysselsatte_kjonn_land","NULL","NULL","1665"
"2013","NULL","0","2","personer",":","sysselsatte_kjonn_land","NULL","NULL","1665"
"2013","NULL","0","2","prosent",":","sysselsatte_kjonn_land","NULL","NULL","1665"
"2013","NULL","0","alle","personer","9","sysselsatte_kjonn_land","NULL","NULL","1665"
"2013","NULL","0","alle","prosent","81.8","sysselsatte_kjonn_land","NULL","NULL","1665"
"2013","NULL","1","1","personer",":","sysselsatte_kjonn_land","NULL","NULL","1665"
"2013","NULL","1","1","prosent",":","sysselsatte_kjonn_land","NULL","NULL","1665"
"2013","NULL","1","2","personer",":","sysselsatte_kjonn_land","NULL","NULL","1665"
"2013","NULL","1","2","prosent",":","sysselsatte_kjonn_land","NULL","NULL","1665"
"2013","NULL","1","alle","personer","13","sysselsatte_kjonn_land","NULL","NULL","1665"
"2013","NULL","1","alle","prosent","92.9","sysselsatte_kjonn_land","NULL","NULL","1665"
"2013","NULL","alle","1","personer","18","sysselsatte_kjonn_land","NULL","NULL","1665"
"2013","NULL","alle","1","prosent","90","sysselsatte_kjonn_land","NULL","NULL","1665"
"2013","NULL","alle","2","personer","4","sysselsatte_kjonn_land","NULL","NULL","1665"
"2013","NULL","alle","2","prosent","80","sysselsatte_kjonn_land","NULL","NULL","1665"
"2013","NULL","alle","alle","personer","22","sysselsatte_kjonn_land","NULL","NULL","1665"
"2013","NULL","alle","alle","prosent","88","sysselsatte_kjonn_land","NULL","NULL","1665"
"2013","NULL","0","1","personer","217","sysselsatte_kjonn_land","NULL","NULL","1702"
"2013","NULL","0","1","prosent","75.9","sysselsatte_kjonn_land","NULL","NULL","1702"
"2013","NULL","0","2","personer","117","sysselsatte_kjonn_land","NULL","NULL","1702"
"2013","NULL","0","2","prosent","43.7","sysselsatte_kjonn_land","NULL","NULL","1702"
"2013","NULL","0","alle","personer","334","sysselsatte_kjonn_land","NULL","NULL","1702"
"2013","NULL","0","alle","prosent","60.3","sysselsatte_kjonn_land","NULL","NULL","1702"
"2013","NULL","1","1","personer","104","sysselsatte_kjonn_land","NULL","NULL","1702"
"2013","NULL","1","1","prosent","63.4","sysselsatte_kjonn_land","NULL","NULL","1702"
"2013","NULL","1","2","personer","129","sysselsatte_kjonn_land","NULL","NULL","1702"
"2013","NULL","1","2","prosent","46.7","sysselsatte_kjonn_land","NULL","NULL","1702"
"2013","NULL","1","alle","personer","233","sysselsatte_kjonn_land","NULL","NULL","1702"
"2013","NULL","1","alle","prosent","53","sysselsatte_kjonn_land","NULL","NULL","1702"
"2013","NULL","alle","1","personer","321","sysselsatte_kjonn_land","NULL","NULL","1702"
"2013","NULL","alle","1","prosent","71.3","sysselsatte_kjonn_land","NULL","NULL","1702"
"2013","NULL","alle","2","personer","246","sysselsatte_kjonn_land","NULL","NULL","1702"
"2013","NULL","alle","2","prosent","45.2","sysselsatte_kjonn_land","NULL","NULL","1702"
"2013","NULL","alle","alle","personer","567","sysselsatte_kjonn_land","NULL","NULL","1702"
"2013","NULL","alle","alle","prosent","57","sysselsatte_kjonn_land","NULL","NULL","1702"
"2013","NULL","0","1","personer","102","sysselsatte_kjonn_land","NULL","NULL","1703"
"2013","NULL","0","1","prosent","83.6","sysselsatte_kjonn_land","NULL","NULL","1703"
"2013","NULL","0","2","personer","86","sysselsatte_kjonn_land","NULL","NULL","1703"
"2013","NULL","0","2","prosent","48","sysselsatte_kjonn_land","NULL","NULL","1703"
"2013","NULL","0","alle","personer","188","sysselsatte_kjonn_land","NULL","NULL","1703"
"2013","NULL","0","alle","prosent","62.5","sysselsatte_kjonn_land","NULL","NULL","1703"
"2013","NULL","1","1","personer","84","sysselsatte_kjonn_land","NULL","NULL","1703"
"2013","NULL","1","1","prosent","77.8","sysselsatte_kjonn_land","NULL","NULL","1703"
"2013","NULL","1","2","personer","117","sysselsatte_kjonn_land","NULL","NULL","1703"
"2013","NULL","1","2","prosent","49.6","sysselsatte_kjonn_land","NULL","NULL","1703"
"2013","NULL","1","alle","personer","201","sysselsatte_kjonn_land","NULL","NULL","1703"
"2013","NULL","1","alle","prosent","58.4","sysselsatte_kjonn_land","NULL","NULL","1703"
"2013","NULL","alle","1","personer","186","sysselsatte_kjonn_land","NULL","NULL","1703"
"2013","NULL","alle","1","prosent","80.9","sysselsatte_kjonn_land","NULL","NULL","1703"
"2013","NULL","alle","2","personer","203","sysselsatte_kjonn_land","NULL","NULL","1703"
"2013","NULL","alle","2","prosent","48.9","sysselsatte_kjonn_land","NULL","NULL","1703"
"2013","NULL","alle","alle","personer","389","sysselsatte_kjonn_land","NULL","NULL","1703"
"2013","NULL","alle","alle","prosent","60.3","sysselsatte_kjonn_land","NULL","NULL","1703"
"2013","NULL","0","1","personer","24","sysselsatte_kjonn_land","NULL","NULL","1711"
"2013","NULL","0","1","prosent","66.7","sysselsatte_kjonn_land","NULL","NULL","1711"
"2013","NULL","0","2","personer","20","sysselsatte_kjonn_land","NULL","NULL","1711"
"2013","NULL","0","2","prosent","42.6","sysselsatte_kjonn_land","NULL","NULL","1711"
"2013","NULL","0","alle","personer","44","sysselsatte_kjonn_land","NULL","NULL","1711"
"2013","NULL","0","alle","prosent","53","sysselsatte_kjonn_land","NULL","NULL","1711"
"2013","NULL","1","1","personer","19","sysselsatte_kjonn_land","NULL","NULL","1711"
"2013","NULL","1","1","prosent","63.3","sysselsatte_kjonn_land","NULL","NULL","1711"
"2013","NULL","1","2","personer","21","sysselsatte_kjonn_land","NULL","NULL","1711"
"2013","NULL","1","2","prosent","36.2","sysselsatte_kjonn_land","NULL","NULL","1711"
"2013","NULL","1","alle","personer","40","sysselsatte_kjonn_land","NULL","NULL","1711"
"2013","NULL","1","alle","prosent","45.5","sysselsatte_kjonn_land","NULL","NULL","1711"
"2013","NULL","alle","1","personer","43","sysselsatte_kjonn_land","NULL","NULL","1711"
"2013","NULL","alle","1","prosent","65.2","sysselsatte_kjonn_land","NULL","NULL","1711"
"2013","NULL","alle","2","personer","41","sysselsatte_kjonn_land","NULL","NULL","1711"
"2013","NULL","alle","2","prosent","39","sysselsatte_kjonn_land","NULL","NULL","1711"
"2013","NULL","alle","alle","personer","84","sysselsatte_kjonn_land","NULL","NULL","1711"
"2013","NULL","alle","alle","prosent","49.1","sysselsatte_kjonn_land","NULL","NULL","1711"
"2013","NULL","0","1","personer","214","sysselsatte_kjonn_land","NULL","NULL","1714"
"2013","NULL","0","1","prosent","80.1","sysselsatte_kjonn_land","NULL","NULL","1714"
"2013","NULL","0","2","personer","158","sysselsatte_kjonn_land","NULL","NULL","1714"
"2013","NULL","0","2","prosent","61.7","sysselsatte_kjonn_land","NULL","NULL","1714"
"2013","NULL","0","alle","personer","372","sysselsatte_kjonn_land","NULL","NULL","1714"
"2013","NULL","0","alle","prosent","71.1","sysselsatte_kjonn_land","NULL","NULL","1714"
"2013","NULL","1","1","personer","107","sysselsatte_kjonn_land","NULL","NULL","1714"
"2013","NULL","1","1","prosent","69.5","sysselsatte_kjonn_land","NULL","NULL","1714"
"2013","NULL","1","2","personer","226","sysselsatte_kjonn_land","NULL","NULL","1714"
"2013","NULL","1","2","prosent","56.2","sysselsatte_kjonn_land","NULL","NULL","1714"
"2013","NULL","1","alle","personer","333","sysselsatte_kjonn_land","NULL","NULL","1714"
"2013","NULL","1","alle","prosent","59.9","sysselsatte_kjonn_land","NULL","NULL","1714"
"2013","NULL","alle","1","personer","321","sysselsatte_kjonn_land","NULL","NULL","1714"
"2013","NULL","alle","1","prosent","76.2","sysselsatte_kjonn_land","NULL","NULL","1714"
"2013","NULL","alle","2","personer","384","sysselsatte_kjonn_land","NULL","NULL","1714"
"2013","NULL","alle","2","prosent","58.4","sysselsatte_kjonn_land","NULL","NULL","1714"
"2013","NULL","alle","alle","personer","705","sysselsatte_kjonn_land","NULL","NULL","1714"
"2013","NULL","alle","alle","prosent","65.3","sysselsatte_kjonn_land","NULL","NULL","1714"
"2013","NULL","0","1","personer","47","sysselsatte_kjonn_land","NULL","NULL","1717"
"2013","NULL","0","1","prosent","75.8","sysselsatte_kjonn_land","NULL","NULL","1717"
"2013","NULL","0","2","personer","7","sysselsatte_kjonn_land","NULL","NULL","1717"
"2013","NULL","0","2","prosent","87.5","sysselsatte_kjonn_land","NULL","NULL","1717"
"2013","NULL","0","alle","personer","54","sysselsatte_kjonn_land","NULL","NULL","1717"
"2013","NULL","0","alle","prosent","77.1","sysselsatte_kjonn_land","NULL","NULL","1717"
"2013","NULL","1","1","personer","34","sysselsatte_kjonn_land","NULL","NULL","1717"
"2013","NULL","1","1","prosent","65.4","sysselsatte_kjonn_land","NULL","NULL","1717"
"2013","NULL","1","2","personer","12","sysselsatte_kjonn_land","NULL","NULL","1717"
"2013","NULL","1","2","prosent","57.1","sysselsatte_kjonn_land","NULL","NULL","1717"
"2013","NULL","1","alle","personer","46","sysselsatte_kjonn_land","NULL","NULL","1717"
"2013","NULL","1","alle","prosent","63","sysselsatte_kjonn_land","NULL","NULL","1717"
"2013","NULL","alle","1","personer","81","sysselsatte_kjonn_land","NULL","NULL","1717"
"2013","NULL","alle","1","prosent","71.1","sysselsatte_kjonn_land","NULL","NULL","1717"
"2013","NULL","alle","2","personer","19","sysselsatte_kjonn_land","NULL","NULL","1717"
"2013","NULL","alle","2","prosent","65.5","sysselsatte_kjonn_land","NULL","NULL","1717"
"2013","NULL","alle","alle","personer","100","sysselsatte_kjonn_land","NULL","NULL","1717"
"2013","NULL","alle","alle","prosent","69.9","sysselsatte_kjonn_land","NULL","NULL","1717"
"2013","NULL","0","1","personer","46","sysselsatte_kjonn_land","NULL","NULL","1718"
"2013","NULL","0","1","prosent","85.2","sysselsatte_kjonn_land","NULL","NULL","1718"
"2013","NULL","0","2","personer","19","sysselsatte_kjonn_land","NULL","NULL","1718"
"2013","NULL","0","2","prosent","67.9","sysselsatte_kjonn_land","NULL","NULL","1718"
"2013","NULL","0","alle","personer","65","sysselsatte_kjonn_land","NULL","NULL","1718"
"2013","NULL","0","alle","prosent","79.3","sysselsatte_kjonn_land","NULL","NULL","1718"
"2013","NULL","1","1","personer","22","sysselsatte_kjonn_land","NULL","NULL","1718"
"2013","NULL","1","1","prosent","71","sysselsatte_kjonn_land","NULL","NULL","1718"
"2013","NULL","1","2","personer","28","sysselsatte_kjonn_land","NULL","NULL","1718"
"2013","NULL","1","2","prosent","58.3","sysselsatte_kjonn_land","NULL","NULL","1718"
"2013","NULL","1","alle","personer","50","sysselsatte_kjonn_land","NULL","NULL","1718"
"2013","NULL","1","alle","prosent","63.3","sysselsatte_kjonn_land","NULL","NULL","1718"
"2013","NULL","alle","1","personer","68","sysselsatte_kjonn_land","NULL","NULL","1718"
"2013","NULL","alle","1","prosent","80","sysselsatte_kjonn_land","NULL","NULL","1718"
"2013","NULL","alle","2","personer","47","sysselsatte_kjonn_land","NULL","NULL","1718"
"2013","NULL","alle","2","prosent","61.8","sysselsatte_kjonn_land","NULL","NULL","1718"
"2013","NULL","alle","alle","personer","115","sysselsatte_kjonn_land","NULL","NULL","1718"
"2013","NULL","alle","alle","prosent","71.4","sysselsatte_kjonn_land","NULL","NULL","1718"
"2013","NULL","0","1","personer","260","sysselsatte_kjonn_land","NULL","NULL","1719"
"2013","NULL","0","1","prosent","86.1","sysselsatte_kjonn_land","NULL","NULL","1719"
"2013","NULL","0","2","personer","123","sysselsatte_kjonn_land","NULL","NULL","1719"
"2013","NULL","0","2","prosent","59.7","sysselsatte_kjonn_land","NULL","NULL","1719"
"2013","NULL","0","alle","personer","383","sysselsatte_kjonn_land","NULL","NULL","1719"
"2013","NULL","0","alle","prosent","75.4","sysselsatte_kjonn_land","NULL","NULL","1719"
"2013","NULL","1","1","personer","147","sysselsatte_kjonn_land","NULL","NULL","1719"
"2013","NULL","1","1","prosent","76.6","sysselsatte_kjonn_land","NULL","NULL","1719"
"2013","NULL","1","2","personer","166","sysselsatte_kjonn_land","NULL","NULL","1719"
"2013","NULL","1","2","prosent","57","sysselsatte_kjonn_land","NULL","NULL","1719"
"2013","NULL","1","alle","personer","313","sysselsatte_kjonn_land","NULL","NULL","1719"
"2013","NULL","1","alle","prosent","64.8","sysselsatte_kjonn_land","NULL","NULL","1719"
"2013","NULL","alle","1","personer","407","sysselsatte_kjonn_land","NULL","NULL","1719"
"2013","NULL","alle","1","prosent","82.4","sysselsatte_kjonn_land","NULL","NULL","1719"
"2013","NULL","alle","2","personer","289","sysselsatte_kjonn_land","NULL","NULL","1719"
"2013","NULL","alle","2","prosent","58.1","sysselsatte_kjonn_land","NULL","NULL","1719"
"2013","NULL","alle","alle","personer","696","sysselsatte_kjonn_land","NULL","NULL","1719"
"2013","NULL","alle","alle","prosent","70.2","sysselsatte_kjonn_land","NULL","NULL","1719"
"2013","NULL","0","1","personer","272","sysselsatte_kjonn_land","NULL","NULL","1721"
"2013","NULL","0","1","prosent","77.3","sysselsatte_kjonn_land","NULL","NULL","1721"
"2013","NULL","0","2","personer","73","sysselsatte_kjonn_land","NULL","NULL","1721"
"2013","NULL","0","2","prosent","55.7","sysselsatte_kjonn_land","NULL","NULL","1721"
"2013","NULL","0","alle","personer","345","sysselsatte_kjonn_land","NULL","NULL","1721"
"2013","NULL","0","alle","prosent","71.4","sysselsatte_kjonn_land","NULL","NULL","1721"
"2013","NULL","1","1","personer","57","sysselsatte_kjonn_land","NULL","NULL","1721"
"2013","NULL","1","1","prosent","77","sysselsatte_kjonn_land","NULL","NULL","1721"
"2013","NULL","1","2","personer","78","sysselsatte_kjonn_land","NULL","NULL","1721"
"2013","NULL","1","2","prosent","41.7","sysselsatte_kjonn_land","NULL","NULL","1721"
"2013","NULL","1","alle","personer","135","sysselsatte_kjonn_land","NULL","NULL","1721"
"2013","NULL","1","alle","prosent","51.7","sysselsatte_kjonn_land","NULL","NULL","1721"
"2013","NULL","alle","1","personer","329","sysselsatte_kjonn_land","NULL","NULL","1721"
"2013","NULL","alle","1","prosent","77.2","sysselsatte_kjonn_land","NULL","NULL","1721"
"2013","NULL","alle","2","personer","151","sysselsatte_kjonn_land","NULL","NULL","1721"
"2013","NULL","alle","2","prosent","47.5","sysselsatte_kjonn_land","NULL","NULL","1721"
"2013","NULL","alle","alle","personer","480","sysselsatte_kjonn_land","NULL","NULL","1721"
"2013","NULL","alle","alle","prosent","64.5","sysselsatte_kjonn_land","NULL","NULL","1721"
"2013","NULL","0","1","personer","78","sysselsatte_kjonn_land","NULL","NULL","1724"
"2013","NULL","0","1","prosent","52.7","sysselsatte_kjonn_land","NULL","NULL","1724"
"2013","NULL","0","2","personer","5","sysselsatte_kjonn_land","NULL","NULL","1724"
"2013","NULL","0","2","prosent","19.2","sysselsatte_kjonn_land","NULL","NULL","1724"
"2013","NULL","0","alle","personer","83","sysselsatte_kjonn_land","NULL","NULL","1724"
"2013","NULL","0","alle","prosent","47.7","sysselsatte_kjonn_land","NULL","NULL","1724"
"2013","NULL","1","1","personer","21","sysselsatte_kjonn_land","NULL","NULL","1724"
"2013","NULL","1","1","prosent","61.8","sysselsatte_kjonn_land","NULL","NULL","1724"
"2013","NULL","1","2","personer","14","sysselsatte_kjonn_land","NULL","NULL","1724"
"2013","NULL","1","2","prosent","50","sysselsatte_kjonn_land","NULL","NULL","1724"
"2013","NULL","1","alle","personer","35","sysselsatte_kjonn_land","NULL","NULL","1724"
"2013","NULL","1","alle","prosent","56.5","sysselsatte_kjonn_land","NULL","NULL","1724"
"2013","NULL","alle","1","personer","99","sysselsatte_kjonn_land","NULL","NULL","1724"
"2013","NULL","alle","1","prosent","54.4","sysselsatte_kjonn_land","NULL","NULL","1724"
"2013","NULL","alle","2","personer","19","sysselsatte_kjonn_land","NULL","NULL","1724"
"2013","NULL","alle","2","prosent","35.2","sysselsatte_kjonn_land","NULL","NULL","1724"
"2013","NULL","alle","alle","personer","118","sysselsatte_kjonn_land","NULL","NULL","1724"
"2013","NULL","alle","alle","prosent","50","sysselsatte_kjonn_land","NULL","NULL","1724"
"2013","NULL","0","1","personer",":","sysselsatte_kjonn_land","NULL","NULL","1725"
"2013","NULL","0","1","prosent",":","sysselsatte_kjonn_land","NULL","NULL","1725"
"2013","NULL","0","2","personer",":","sysselsatte_kjonn_land","NULL","NULL","1725"
"2013","NULL","0","2","prosent",":","sysselsatte_kjonn_land","NULL","NULL","1725"
"2013","NULL","0","alle","personer","17","sysselsatte_kjonn_land","NULL","NULL","1725"
"2013","NULL","0","alle","prosent","94.4","sysselsatte_kjonn_land","NULL","NULL","1725"
"2013","NULL","1","1","personer","12","sysselsatte_kjonn_land","NULL","NULL","1725"
"2013","NULL","1","1","prosent","85.7","sysselsatte_kjonn_land","NULL","NULL","1725"
"2013","NULL","1","2","personer","10","sysselsatte_kjonn_land","NULL","NULL","1725"
"2013","NULL","1","2","prosent","62.5","sysselsatte_kjonn_land","NULL","NULL","1725"
"2013","NULL","1","alle","personer","22","sysselsatte_kjonn_land","NULL","NULL","1725"
"2013","NULL","1","alle","prosent","73.3","sysselsatte_kjonn_land","NULL","NULL","1725"
"2013","NULL","alle","1","personer","28","sysselsatte_kjonn_land","NULL","NULL","1725"
"2013","NULL","alle","1","prosent","90.3","sysselsatte_kjonn_land","NULL","NULL","1725"
"2013","NULL","alle","2","personer","11","sysselsatte_kjonn_land","NULL","NULL","1725"
"2013","NULL","alle","2","prosent","64.7","sysselsatte_kjonn_land","NULL","NULL","1725"
"2013","NULL","alle","alle","personer","39","sysselsatte_kjonn_land","NULL","NULL","1725"
"2013","NULL","alle","alle","prosent","81.3","sysselsatte_kjonn_land","NULL","NULL","1725"
"2013","NULL","0","1","personer",":","sysselsatte_kjonn_land","NULL","NULL","1736"
"2013","NULL","0","1","prosent",":","sysselsatte_kjonn_land","NULL","NULL","1736"
"2013","NULL","0","2","personer",":","sysselsatte_kjonn_land","NULL","NULL","1736"
"2013","NULL","0","2","prosent",":","sysselsatte_kjonn_land","NULL","NULL","1736"
"2013","NULL","0","alle","personer","18","sysselsatte_kjonn_land","NULL","NULL","1736"
"2013","NULL","0","alle","prosent","90","sysselsatte_kjonn_land","NULL","NULL","1736"
"2013","NULL","1","1","personer",":","sysselsatte_kjonn_land","NULL","NULL","1736"
"2013","NULL","1","1","prosent",":","sysselsatte_kjonn_land","NULL","NULL","1736"
"2013","NULL","1","2","personer",":","sysselsatte_kjonn_land","NULL","NULL","1736"
"2013","NULL","1","2","prosent",":","sysselsatte_kjonn_land","NULL","NULL","1736"
"2013","NULL","1","alle","personer","22","sysselsatte_kjonn_land","NULL","NULL","1736"
"2013","NULL","1","alle","prosent","75.9","sysselsatte_kjonn_land","NULL","NULL","1736"
"2013","NULL","alle","1","personer","36","sysselsatte_kjonn_land","NULL","NULL","1736"
"2013","NULL","alle","1","prosent","85.7","sysselsatte_kjonn_land","NULL","NULL","1736"
"2013","NULL","alle","2","personer","4","sysselsatte_kjonn_land","NULL","NULL","1736"
"2013","NULL","alle","2","prosent","57.1","sysselsatte_kjonn_land","NULL","NULL","1736"
"2013","NULL","alle","alle","personer","40","sysselsatte_kjonn_land","NULL","NULL","1736"
"2013","NULL","alle","alle","prosent","81.6","sysselsatte_kjonn_land","NULL","NULL","1736"
"2013","NULL","0","1","personer","18","sysselsatte_kjonn_land","NULL","NULL","1738"
"2013","NULL","0","1","prosent","81.8","sysselsatte_kjonn_land","NULL","NULL","1738"
"2013","NULL","0","2","personer","0","sysselsatte_kjonn_land","NULL","NULL","1738"
"2013","NULL","0","2","prosent","0","sysselsatte_kjonn_land","NULL","NULL","1738"
"2013","NULL","0","alle","personer","18","sysselsatte_kjonn_land","NULL","NULL","1738"
"2013","NULL","0","alle","prosent","81.8","sysselsatte_kjonn_land","NULL","NULL","1738"
"2013","NULL","1","1","personer",":","sysselsatte_kjonn_land","NULL","NULL","1738"
"2013","NULL","1","1","prosent",":","sysselsatte_kjonn_land","NULL","NULL","1738"
"2013","NULL","1","2","personer",":","sysselsatte_kjonn_land","NULL","NULL","1738"
"2013","NULL","1","2","prosent",":","sysselsatte_kjonn_land","NULL","NULL","1738"
"2013","NULL","1","alle","personer","35","sysselsatte_kjonn_land","NULL","NULL","1738"
"2013","NULL","1","alle","prosent","87.5","sysselsatte_kjonn_land","NULL","NULL","1738"
"2013","NULL","alle","1","personer",":","sysselsatte_kjonn_land","NULL","NULL","1738"
"2013","NULL","alle","1","prosent",":","sysselsatte_kjonn_land","NULL","NULL","1738"
"2013","NULL","alle","2","personer",":","sysselsatte_kjonn_land","NULL","NULL","1738"
"2013","NULL","alle","2","prosent",":","sysselsatte_kjonn_land","NULL","NULL","1738"
"2013","NULL","alle","alle","personer","53","sysselsatte_kjonn_land","NULL","NULL","1738"
"2013","NULL","alle","alle","prosent","85.5","sysselsatte_kjonn_land","NULL","NULL","1738"
"2013","NULL","0","1","personer","10","sysselsatte_kjonn_land","NULL","NULL","1739"
"2013","NULL","0","1","prosent","90.9","sysselsatte_kjonn_land","NULL","NULL","1739"
"2013","NULL","0","2","personer","0","sysselsatte_kjonn_land","NULL","NULL","1739"
"2013","NULL","0","2","prosent","0","sysselsatte_kjonn_land","NULL","NULL","1739"
"2013","NULL","0","alle","personer","10","sysselsatte_kjonn_land","NULL","NULL","1739"
"2013","NULL","0","alle","prosent","90.9","sysselsatte_kjonn_land","NULL","NULL","1739"
"2013","NULL","1","1","personer",":","sysselsatte_kjonn_land","NULL","NULL","1739"
"2013","NULL","1","1","prosent",":","sysselsatte_kjonn_land","NULL","NULL","1739"
"2013","NULL","1","2","personer",":","sysselsatte_kjonn_land","NULL","NULL","1739"
"2013","NULL","1","2","prosent",":","sysselsatte_kjonn_land","NULL","NULL","1739"
"2013","NULL","1","alle","personer","11","sysselsatte_kjonn_land","NULL","NULL","1739"
"2013","NULL","1","alle","prosent","78.6","sysselsatte_kjonn_land","NULL","NULL","1739"
"2013","NULL","alle","1","personer",":","sysselsatte_kjonn_land","NULL","NULL","1739"
"2013","NULL","alle","1","prosent",":","sysselsatte_kjonn_land","NULL","NULL","1739"
"2013","NULL","alle","2","personer",":","sysselsatte_kjonn_land","NULL","NULL","1739"
"2013","NULL","alle","2","prosent",":","sysselsatte_kjonn_land","NULL","NULL","1739"
"2013","NULL","alle","alle","personer","21","sysselsatte_kjonn_land","NULL","NULL","1739"
"2013","NULL","alle","alle","prosent","84","sysselsatte_kjonn_land","NULL","NULL","1739"
"2013","NULL","0","1","personer",":","sysselsatte_kjonn_land","NULL","NULL","1740"
"2013","NULL","0","1","prosent",":","sysselsatte_kjonn_land","NULL","NULL","1740"
"2013","NULL","0","2","personer",":","sysselsatte_kjonn_land","NULL","NULL","1740"
"2013","NULL","0","2","prosent",":","sysselsatte_kjonn_land","NULL","NULL","1740"
"2013","NULL","0","alle","personer","5","sysselsatte_kjonn_land","NULL","NULL","1740"
"2013","NULL","0","alle","prosent","71.4","sysselsatte_kjonn_land","NULL","NULL","1740"
"2013","NULL","1","1","personer","11","sysselsatte_kjonn_land","NULL","NULL","1740"
"2013","NULL","1","1","prosent","68.8","sysselsatte_kjonn_land","NULL","NULL","1740"
"2013","NULL","1","2","personer","6","sysselsatte_kjonn_land","NULL","NULL","1740"
"2013","NULL","1","2","prosent","100","sysselsatte_kjonn_land","NULL","NULL","1740"
"2013","NULL","1","alle","personer","17","sysselsatte_kjonn_land","NULL","NULL","1740"
"2013","NULL","1","alle","prosent","77.3","sysselsatte_kjonn_land","NULL","NULL","1740"
"2013","NULL","alle","1","personer","15","sysselsatte_kjonn_land","NULL","NULL","1740"
"2013","NULL","alle","1","prosent","68.2","sysselsatte_kjonn_land","NULL","NULL","1740"
"2013","NULL","alle","2","personer","7","sysselsatte_kjonn_land","NULL","NULL","1740"
"2013","NULL","alle","2","prosent","100","sysselsatte_kjonn_land","NULL","NULL","1740"
"2013","NULL","alle","alle","personer","22","sysselsatte_kjonn_land","NULL","NULL","1740"
"2013","NULL","alle","alle","prosent","75.9","sysselsatte_kjonn_land","NULL","NULL","1740"
"2013","NULL","0","1","personer","30","sysselsatte_kjonn_land","NULL","NULL","1742"
"2013","NULL","0","1","prosent","85.7","sysselsatte_kjonn_land","NULL","NULL","1742"
"2013","NULL","0","2","personer","21","sysselsatte_kjonn_land","NULL","NULL","1742"
"2013","NULL","0","2","prosent","28.8","sysselsatte_kjonn_land","NULL","NULL","1742"
"2013","NULL","0","alle","personer","51","sysselsatte_kjonn_land","NULL","NULL","1742"
"2013","NULL","0","alle","prosent","47.2","sysselsatte_kjonn_land","NULL","NULL","1742"
"2013","NULL","1","1","personer","13","sysselsatte_kjonn_land","NULL","NULL","1742"
"2013","NULL","1","1","prosent","65","sysselsatte_kjonn_land","NULL","NULL","1742"
"2013","NULL","1","2","personer","14","sysselsatte_kjonn_land","NULL","NULL","1742"
"2013","NULL","1","2","prosent","28","sysselsatte_kjonn_land","NULL","NULL","1742"
"2013","NULL","1","alle","personer","27","sysselsatte_kjonn_land","NULL","NULL","1742"
"2013","NULL","1","alle","prosent","38.6","sysselsatte_kjonn_land","NULL","NULL","1742"
"2013","NULL","alle","1","personer","43","sysselsatte_kjonn_land","NULL","NULL","1742"
"2013","NULL","alle","1","prosent","78.2","sysselsatte_kjonn_land","NULL","NULL","1742"
"2013","NULL","alle","2","personer","35","sysselsatte_kjonn_land","NULL","NULL","1742"
"2013","NULL","alle","2","prosent","28.5","sysselsatte_kjonn_land","NULL","NULL","1742"
"2013","NULL","alle","alle","personer","78","sysselsatte_kjonn_land","NULL","NULL","1742"
"2013","NULL","alle","alle","prosent","43.8","sysselsatte_kjonn_land","NULL","NULL","1742"
"2013","NULL","0","1","personer",":","sysselsatte_kjonn_land","NULL","NULL","1743"
"2013","NULL","0","1","prosent",":","sysselsatte_kjonn_land","NULL","NULL","1743"
"2013","NULL","0","2","personer",":","sysselsatte_kjonn_land","NULL","NULL","1743"
"2013","NULL","0","2","prosent",":","sysselsatte_kjonn_land","NULL","NULL","1743"
"2013","NULL","0","alle","personer","15","sysselsatte_kjonn_land","NULL","NULL","1743"
"2013","NULL","0","alle","prosent","78.9","sysselsatte_kjonn_land","NULL","NULL","1743"
"2013","NULL","1","1","personer",":","sysselsatte_kjonn_land","NULL","NULL","1743"
"2013","NULL","1","1","prosent",":","sysselsatte_kjonn_land","NULL","NULL","1743"
"2013","NULL","1","2","personer",":","sysselsatte_kjonn_land","NULL","NULL","1743"
"2013","NULL","1","2","prosent",":","sysselsatte_kjonn_land","NULL","NULL","1743"
"2013","NULL","1","alle","personer","14","sysselsatte_kjonn_land","NULL","NULL","1743"
"2013","NULL","1","alle","prosent","82.4","sysselsatte_kjonn_land","NULL","NULL","1743"
"2013","NULL","alle","1","personer","25","sysselsatte_kjonn_land","NULL","NULL","1743"
"2013","NULL","alle","1","prosent","80.6","sysselsatte_kjonn_land","NULL","NULL","1743"
"2013","NULL","alle","2","personer","4","sysselsatte_kjonn_land","NULL","NULL","1743"
"2013","NULL","alle","2","prosent","80","sysselsatte_kjonn_land","NULL","NULL","1743"
"2013","NULL","alle","alle","personer","29","sysselsatte_kjonn_land","NULL","NULL","1743"
"2013","NULL","alle","alle","prosent","80.6","sysselsatte_kjonn_land","NULL","NULL","1743"
"2013","NULL","0","1","personer","53","sysselsatte_kjonn_land","NULL","NULL","1744"
"2013","NULL","0","1","prosent","91.4","sysselsatte_kjonn_land","NULL","NULL","1744"
"2013","NULL","0","2","personer","10","sysselsatte_kjonn_land","NULL","NULL","1744"
"2013","NULL","0","2","prosent","66.7","sysselsatte_kjonn_land","NULL","NULL","1744"
"2013","NULL","0","alle","personer","63","sysselsatte_kjonn_land","NULL","NULL","1744"
"2013","NULL","0","alle","prosent","86.3","sysselsatte_kjonn_land","NULL","NULL","1744"
"2013","NULL","1","1","personer","25","sysselsatte_kjonn_land","NULL","NULL","1744"
"2013","NULL","1","1","prosent","56.8","sysselsatte_kjonn_land","NULL","NULL","1744"
"2013","NULL","1","2","personer","6","sysselsatte_kjonn_land","NULL","NULL","1744"
"2013","NULL","1","2","prosent","22.2","sysselsatte_kjonn_land","NULL","NULL","1744"
"2013","NULL","1","alle","personer","31","sysselsatte_kjonn_land","NULL","NULL","1744"
"2013","NULL","1","alle","prosent","43.7","sysselsatte_kjonn_land","NULL","NULL","1744"
"2013","NULL","alle","1","personer","78","sysselsatte_kjonn_land","NULL","NULL","1744"
"2013","NULL","alle","1","prosent","76.5","sysselsatte_kjonn_land","NULL","NULL","1744"
"2013","NULL","alle","2","personer","16","sysselsatte_kjonn_land","NULL","NULL","1744"
"2013","NULL","alle","2","prosent","38.1","sysselsatte_kjonn_land","NULL","NULL","1744"
"2013","NULL","alle","alle","personer","94","sysselsatte_kjonn_land","NULL","NULL","1744"
"2013","NULL","alle","alle","prosent","65.3","sysselsatte_kjonn_land","NULL","NULL","1744"
"2013","NULL","0","1","personer","12","sysselsatte_kjonn_land","NULL","NULL","1748"
"2013","NULL","0","1","prosent","80","sysselsatte_kjonn_land","NULL","NULL","1748"
"2013","NULL","0","2","personer","0","sysselsatte_kjonn_land","NULL","NULL","1748"
"2013","NULL","0","2","prosent","0","sysselsatte_kjonn_land","NULL","NULL","1748"
"2013","NULL","0","alle","personer","12","sysselsatte_kjonn_land","NULL","NULL","1748"
"2013","NULL","0","alle","prosent","80","sysselsatte_kjonn_land","NULL","NULL","1748"
"2013","NULL","1","1","personer","8","sysselsatte_kjonn_land","NULL","NULL","1748"
"2013","NULL","1","1","prosent","66.7","sysselsatte_kjonn_land","NULL","NULL","1748"
"2013","NULL","1","2","personer","4","sysselsatte_kjonn_land","NULL","NULL","1748"
"2013","NULL","1","2","prosent","80","sysselsatte_kjonn_land","NULL","NULL","1748"
"2013","NULL","1","alle","personer","12","sysselsatte_kjonn_land","NULL","NULL","1748"
"2013","NULL","1","alle","prosent","70.6","sysselsatte_kjonn_land","NULL","NULL","1748"
"2013","NULL","alle","1","personer","20","sysselsatte_kjonn_land","NULL","NULL","1748"
"2013","NULL","alle","1","prosent","74.1","sysselsatte_kjonn_land","NULL","NULL","1748"
"2013","NULL","alle","2","personer","4","sysselsatte_kjonn_land","NULL","NULL","1748"
"2013","NULL","alle","2","prosent","80","sysselsatte_kjonn_land","NULL","NULL","1748"
"2013","NULL","alle","alle","personer","24","sysselsatte_kjonn_land","NULL","NULL","1748"
"2013","NULL","alle","alle","prosent","75","sysselsatte_kjonn_land","NULL","NULL","1748"
"2013","NULL","0","1","personer","26","sysselsatte_kjonn_land","NULL","NULL","1749"
"2013","NULL","0","1","prosent","68.4","sysselsatte_kjonn_land","NULL","NULL","1749"
"2013","NULL","0","2","personer","0","sysselsatte_kjonn_land","NULL","NULL","1749"
"2013","NULL","0","2","prosent","0","sysselsatte_kjonn_land","NULL","NULL","1749"
"2013","NULL","0","alle","personer","26","sysselsatte_kjonn_land","NULL","NULL","1749"
"2013","NULL","0","alle","prosent","66.7","sysselsatte_kjonn_land","NULL","NULL","1749"
"2013","NULL","1","1","personer","16","sysselsatte_kjonn_land","NULL","NULL","1749"
"2013","NULL","1","1","prosent","61.5","sysselsatte_kjonn_land","NULL","NULL","1749"
"2013","NULL","1","2","personer","7","sysselsatte_kjonn_land","NULL","NULL","1749"
"2013","NULL","1","2","prosent","70","sysselsatte_kjonn_land","NULL","NULL","1749"
"2013","NULL","1","alle","personer","23","sysselsatte_kjonn_land","NULL","NULL","1749"
"2013","NULL","1","alle","prosent","63.9","sysselsatte_kjonn_land","NULL","NULL","1749"
"2013","NULL","alle","1","personer","42","sysselsatte_kjonn_land","NULL","NULL","1749"
"2013","NULL","alle","1","prosent","65.6","sysselsatte_kjonn_land","NULL","NULL","1749"
"2013","NULL","alle","2","personer","7","sysselsatte_kjonn_land","NULL","NULL","1749"
"2013","NULL","alle","2","prosent","63.6","sysselsatte_kjonn_land","NULL","NULL","1749"
"2013","NULL","alle","alle","personer","49","sysselsatte_kjonn_land","NULL","NULL","1749"
"2013","NULL","alle","alle","prosent","65.3","sysselsatte_kjonn_land","NULL","NULL","1749"
"2013","NULL","0","1","personer","82","sysselsatte_kjonn_land","NULL","NULL","1750"
"2013","NULL","0","1","prosent","87.2","sysselsatte_kjonn_land","NULL","NULL","1750"
"2013","NULL","0","2","personer","25","sysselsatte_kjonn_land","NULL","NULL","1750"
"2013","NULL","0","2","prosent","73.5","sysselsatte_kjonn_land","NULL","NULL","1750"
"2013","NULL","0","alle","personer","107","sysselsatte_kjonn_land","NULL","NULL","1750"
"2013","NULL","0","alle","prosent","83.6","sysselsatte_kjonn_land","NULL","NULL","1750"
"2013","NULL","1","1","personer","34","sysselsatte_kjonn_land","NULL","NULL","1750"
"2013","NULL","1","1","prosent","68","sysselsatte_kjonn_land","NULL","NULL","1750"
"2013","NULL","1","2","personer","42","sysselsatte_kjonn_land","NULL","NULL","1750"
"2013","NULL","1","2","prosent","58.3","sysselsatte_kjonn_land","NULL","NULL","1750"
"2013","NULL","1","alle","personer","76","sysselsatte_kjonn_land","NULL","NULL","1750"
"2013","NULL","1","alle","prosent","62.3","sysselsatte_kjonn_land","NULL","NULL","1750"
"2013","NULL","alle","1","personer","116","sysselsatte_kjonn_land","NULL","NULL","1750"
"2013","NULL","alle","1","prosent","80.6","sysselsatte_kjonn_land","NULL","NULL","1750"
"2013","NULL","alle","2","personer","67","sysselsatte_kjonn_land","NULL","NULL","1750"
"2013","NULL","alle","2","prosent","63.2","sysselsatte_kjonn_land","NULL","NULL","1750"
"2013","NULL","alle","alle","personer","183","sysselsatte_kjonn_land","NULL","NULL","1750"
"2013","NULL","alle","alle","prosent","73.2","sysselsatte_kjonn_land","NULL","NULL","1750"
"2013","NULL","0","1","personer","48","sysselsatte_kjonn_land","NULL","NULL","1751"
"2013","NULL","0","1","prosent","69.6","sysselsatte_kjonn_land","NULL","NULL","1751"
"2013","NULL","0","2","personer","21","sysselsatte_kjonn_land","NULL","NULL","1751"
"2013","NULL","0","2","prosent","50","sysselsatte_kjonn_land","NULL","NULL","1751"
"2013","NULL","0","alle","personer","69","sysselsatte_kjonn_land","NULL","NULL","1751"
"2013","NULL","0","alle","prosent","62.2","sysselsatte_kjonn_land","NULL","NULL","1751"
"2013","NULL","1","1","personer","47","sysselsatte_kjonn_land","NULL","NULL","1751"
"2013","NULL","1","1","prosent","75.8","sysselsatte_kjonn_land","NULL","NULL","1751"
"2013","NULL","1","2","personer","37","sysselsatte_kjonn_land","NULL","NULL","1751"
"2013","NULL","1","2","prosent","58.7","sysselsatte_kjonn_land","NULL","NULL","1751"
"2013","NULL","1","alle","personer","84","sysselsatte_kjonn_land","NULL","NULL","1751"
"2013","NULL","1","alle","prosent","67.2","sysselsatte_kjonn_land","NULL","NULL","1751"
"2013","NULL","alle","1","personer","95","sysselsatte_kjonn_land","NULL","NULL","1751"
"2013","NULL","alle","1","prosent","72.5","sysselsatte_kjonn_land","NULL","NULL","1751"
"2013","NULL","alle","2","personer","58","sysselsatte_kjonn_land","NULL","NULL","1751"
"2013","NULL","alle","2","prosent","55.2","sysselsatte_kjonn_land","NULL","NULL","1751"
"2013","NULL","alle","alle","personer","153","sysselsatte_kjonn_land","NULL","NULL","1751"
"2013","NULL","alle","alle","prosent","64.8","sysselsatte_kjonn_land","NULL","NULL","1751"
"2013","NULL","0","1","personer","6","sysselsatte_kjonn_land","NULL","NULL","1755"
"2013","NULL","0","1","prosent","100","sysselsatte_kjonn_land","NULL","NULL","1755"
"2013","NULL","0","2","personer","0","sysselsatte_kjonn_land","NULL","NULL","1755"
"2013","NULL","0","2","prosent","0","sysselsatte_kjonn_land","NULL","NULL","1755"
"2013","NULL","0","alle","personer","6","sysselsatte_kjonn_land","NULL","NULL","1755"
"2013","NULL","0","alle","prosent","100","sysselsatte_kjonn_land","NULL","NULL","1755"
"2013","NULL","1","1","personer","9","sysselsatte_kjonn_land","NULL","NULL","1755"
"2013","NULL","1","1","prosent","90","sysselsatte_kjonn_land","NULL","NULL","1755"
"2013","NULL","1","2","personer","6","sysselsatte_kjonn_land","NULL","NULL","1755"
"2013","NULL","1","2","prosent","66.7","sysselsatte_kjonn_land","NULL","NULL","1755"
"2013","NULL","1","alle","personer","15","sysselsatte_kjonn_land","NULL","NULL","1755"
"2013","NULL","1","alle","prosent","78.9","sysselsatte_kjonn_land","NULL","NULL","1755"
"2013","NULL","alle","1","personer","15","sysselsatte_kjonn_land","NULL","NULL","1755"
"2013","NULL","alle","1","prosent","93.8","sysselsatte_kjonn_land","NULL","NULL","1755"
"2013","NULL","alle","2","personer","6","sysselsatte_kjonn_land","NULL","NULL","1755"
"2013","NULL","alle","2","prosent","66.7","sysselsatte_kjonn_land","NULL","NULL","1755"
"2013","NULL","alle","alle","personer","21","sysselsatte_kjonn_land","NULL","NULL","1755"
"2013","NULL","alle","alle","prosent","84","sysselsatte_kjonn_land","NULL","NULL","1755"
"2013","NULL","0","1","personer","68","sysselsatte_kjonn_land","NULL","NULL","1756"
"2013","NULL","0","1","prosent","81.9","sysselsatte_kjonn_land","NULL","NULL","1756"
"2013","NULL","0","2","personer","15","sysselsatte_kjonn_land","NULL","NULL","1756"
"2013","NULL","0","2","prosent","44.1","sysselsatte_kjonn_land","NULL","NULL","1756"
"2013","NULL","0","alle","personer","83","sysselsatte_kjonn_land","NULL","NULL","1756"
"2013","NULL","0","alle","prosent","70.9","sysselsatte_kjonn_land","NULL","NULL","1756"
"2013","NULL","1","1","personer","37","sysselsatte_kjonn_land","NULL","NULL","1756"
"2013","NULL","1","1","prosent","66.1","sysselsatte_kjonn_land","NULL","NULL","1756"
"2013","NULL","1","2","personer","23","sysselsatte_kjonn_land","NULL","NULL","1756"
"2013","NULL","1","2","prosent","46.9","sysselsatte_kjonn_land","NULL","NULL","1756"
"2013","NULL","1","alle","personer","60","sysselsatte_kjonn_land","NULL","NULL","1756"
"2013","NULL","1","alle","prosent","57.1","sysselsatte_kjonn_land","NULL","NULL","1756"
"2013","NULL","alle","1","personer","105","sysselsatte_kjonn_land","NULL","NULL","1756"
"2013","NULL","alle","1","prosent","75.5","sysselsatte_kjonn_land","NULL","NULL","1756"
"2013","NULL","alle","2","personer","38","sysselsatte_kjonn_land","NULL","NULL","1756"
"2013","NULL","alle","2","prosent","45.8","sysselsatte_kjonn_land","NULL","NULL","1756"
"2013","NULL","alle","alle","personer","143","sysselsatte_kjonn_land","NULL","NULL","1756"
"2013","NULL","alle","alle","prosent","64.4","sysselsatte_kjonn_land","NULL","NULL","1756"
"2013","NULL","0","1","personer","671","sysselsatte_kjonn_land","NULL","NULL","1804"
"2013","NULL","0","1","prosent","78.1","sysselsatte_kjonn_land","NULL","NULL","1804"
"2013","NULL","0","2","personer","447","sysselsatte_kjonn_land","NULL","NULL","1804"
"2013","NULL","0","2","prosent","55.1","sysselsatte_kjonn_land","NULL","NULL","1804"
"2013","NULL","0","alle","personer","1118","sysselsatte_kjonn_land","NULL","NULL","1804"
"2013","NULL","0","alle","prosent","66.9","sysselsatte_kjonn_land","NULL","NULL","1804"
"2013","NULL","1","1","personer","398","sysselsatte_kjonn_land","NULL","NULL","1804"
"2013","NULL","1","1","prosent","73.7","sysselsatte_kjonn_land","NULL","NULL","1804"
"2013","NULL","1","2","personer","515","sysselsatte_kjonn_land","NULL","NULL","1804"
"2013","NULL","1","2","prosent","55.8","sysselsatte_kjonn_land","NULL","NULL","1804"
"2013","NULL","1","alle","personer","913","sysselsatte_kjonn_land","NULL","NULL","1804"
"2013","NULL","1","alle","prosent","62.4","sysselsatte_kjonn_land","NULL","NULL","1804"
"2013","NULL","alle","1","personer","1069","sysselsatte_kjonn_land","NULL","NULL","1804"
"2013","NULL","alle","1","prosent","76.4","sysselsatte_kjonn_land","NULL","NULL","1804"
"2013","NULL","alle","2","personer","962","sysselsatte_kjonn_land","NULL","NULL","1804"
"2013","NULL","alle","2","prosent","55.5","sysselsatte_kjonn_land","NULL","NULL","1804"
"2013","NULL","alle","alle","personer","2031","sysselsatte_kjonn_land","NULL","NULL","1804"
"2013","NULL","alle","alle","prosent","64.8","sysselsatte_kjonn_land","NULL","NULL","1804"
"2013","NULL","0","1","personer","330","sysselsatte_kjonn_land","NULL","NULL","1805"
"2013","NULL","0","1","prosent","77.3","sysselsatte_kjonn_land","NULL","NULL","1805"
"2013","NULL","0","2","personer","191","sysselsatte_kjonn_land","NULL","NULL","1805"
"2013","NULL","0","2","prosent","50.8","sysselsatte_kjonn_land","NULL","NULL","1805"
"2013","NULL","0","alle","personer","521","sysselsatte_kjonn_land","NULL","NULL","1805"
"2013","NULL","0","alle","prosent","64.9","sysselsatte_kjonn_land","NULL","NULL","1805"
"2013","NULL","1","1","personer","188","sysselsatte_kjonn_land","NULL","NULL","1805"
"2013","NULL","1","1","prosent","66","sysselsatte_kjonn_land","NULL","NULL","1805"
"2013","NULL","1","2","personer","245","sysselsatte_kjonn_land","NULL","NULL","1805"
"2013","NULL","1","2","prosent","61.6","sysselsatte_kjonn_land","NULL","NULL","1805"
"2013","NULL","1","alle","personer","433","sysselsatte_kjonn_land","NULL","NULL","1805"
"2013","NULL","1","alle","prosent","63.4","sysselsatte_kjonn_land","NULL","NULL","1805"
"2013","NULL","alle","1","personer","518","sysselsatte_kjonn_land","NULL","NULL","1805"
"2013","NULL","alle","1","prosent","72.8","sysselsatte_kjonn_land","NULL","NULL","1805"
"2013","NULL","alle","2","personer","436","sysselsatte_kjonn_land","NULL","NULL","1805"
"2013","NULL","alle","2","prosent","56.3","sysselsatte_kjonn_land","NULL","NULL","1805"
"2013","NULL","alle","alle","personer","954","sysselsatte_kjonn_land","NULL","NULL","1805"
"2013","NULL","alle","alle","prosent","64.2","sysselsatte_kjonn_land","NULL","NULL","1805"
"2013","NULL","0","1","personer",":","sysselsatte_kjonn_land","NULL","NULL","1811"
"2013","NULL","0","1","prosent",":","sysselsatte_kjonn_land","NULL","NULL","1811"
"2013","NULL","0","2","personer",":","sysselsatte_kjonn_land","NULL","NULL","1811"
"2013","NULL","0","2","prosent",":","sysselsatte_kjonn_land","NULL","NULL","1811"
"2013","NULL","0","alle","personer","10","sysselsatte_kjonn_land","NULL","NULL","1811"
"2013","NULL","0","alle","prosent","55.6","sysselsatte_kjonn_land","NULL","NULL","1811"
"2013","NULL","1","1","personer",":","sysselsatte_kjonn_land","NULL","NULL","1811"
"2013","NULL","1","1","prosent",":","sysselsatte_kjonn_land","NULL","NULL","1811"
"2013","NULL","1","2","personer",":","sysselsatte_kjonn_land","NULL","NULL","1811"
"2013","NULL","1","2","prosent",":","sysselsatte_kjonn_land","NULL","NULL","1811"
"2013","NULL","1","alle","personer","10","sysselsatte_kjonn_land","NULL","NULL","1811"
"2013","NULL","1","alle","prosent","55.6","sysselsatte_kjonn_land","NULL","NULL","1811"
"2013","NULL","alle","1","personer","16","sysselsatte_kjonn_land","NULL","NULL","1811"
"2013","NULL","alle","1","prosent","59.3","sysselsatte_kjonn_land","NULL","NULL","1811"
"2013","NULL","alle","2","personer","4","sysselsatte_kjonn_land","NULL","NULL","1811"
"2013","NULL","alle","2","prosent","44.4","sysselsatte_kjonn_land","NULL","NULL","1811"
"2013","NULL","alle","alle","personer","20","sysselsatte_kjonn_land","NULL","NULL","1811"
"2013","NULL","alle","alle","prosent","55.6","sysselsatte_kjonn_land","NULL","NULL","1811"
"2013","NULL","0","1","personer","18","sysselsatte_kjonn_land","NULL","NULL","1812"
"2013","NULL","0","1","prosent","94.7","sysselsatte_kjonn_land","NULL","NULL","1812"
"2013","NULL","0","2","personer","8","sysselsatte_kjonn_land","NULL","NULL","1812"
"2013","NULL","0","2","prosent","53.3","sysselsatte_kjonn_land","NULL","NULL","1812"
"2013","NULL","0","alle","personer","26","sysselsatte_kjonn_land","NULL","NULL","1812"
"2013","NULL","0","alle","prosent","76.5","sysselsatte_kjonn_land","NULL","NULL","1812"
"2013","NULL","1","1","personer","12","sysselsatte_kjonn_land","NULL","NULL","1812"
"2013","NULL","1","1","prosent","75","sysselsatte_kjonn_land","NULL","NULL","1812"
"2013","NULL","1","2","personer","11","sysselsatte_kjonn_land","NULL","NULL","1812"
"2013","NULL","1","2","prosent","32.4","sysselsatte_kjonn_land","NULL","NULL","1812"
"2013","NULL","1","alle","personer","23","sysselsatte_kjonn_land","NULL","NULL","1812"
"2013","NULL","1","alle","prosent","46","sysselsatte_kjonn_land","NULL","NULL","1812"
"2013","NULL","alle","1","personer","30","sysselsatte_kjonn_land","NULL","NULL","1812"
"2013","NULL","alle","1","prosent","85.7","sysselsatte_kjonn_land","NULL","NULL","1812"
"2013","NULL","alle","2","personer","19","sysselsatte_kjonn_land","NULL","NULL","1812"
"2013","NULL","alle","2","prosent","38.8","sysselsatte_kjonn_land","NULL","NULL","1812"
"2013","NULL","alle","alle","personer","49","sysselsatte_kjonn_land","NULL","NULL","1812"
"2013","NULL","alle","alle","prosent","58.3","sysselsatte_kjonn_land","NULL","NULL","1812"
"2013","NULL","0","1","personer","66","sysselsatte_kjonn_land","NULL","NULL","1813"
"2013","NULL","0","1","prosent","75.9","sysselsatte_kjonn_land","NULL","NULL","1813"
"2013","NULL","0","2","personer","32","sysselsatte_kjonn_land","NULL","NULL","1813"
"2013","NULL","0","2","prosent","45.1","sysselsatte_kjonn_land","NULL","NULL","1813"
"2013","NULL","0","alle","personer","98","sysselsatte_kjonn_land","NULL","NULL","1813"
"2013","NULL","0","alle","prosent","62","sysselsatte_kjonn_land","NULL","NULL","1813"
"2013","NULL","1","1","personer","64","sysselsatte_kjonn_land","NULL","NULL","1813"
"2013","NULL","1","1","prosent","79","sysselsatte_kjonn_land","NULL","NULL","1813"
"2013","NULL","1","2","personer","70","sysselsatte_kjonn_land","NULL","NULL","1813"
"2013","NULL","1","2","prosent","50.7","sysselsatte_kjonn_land","NULL","NULL","1813"
"2013","NULL","1","alle","personer","134","sysselsatte_kjonn_land","NULL","NULL","1813"
"2013","NULL","1","alle","prosent","61.2","sysselsatte_kjonn_land","NULL","NULL","1813"
"2013","NULL","alle","1","personer","130","sysselsatte_kjonn_land","NULL","NULL","1813"
"2013","NULL","alle","1","prosent","77.4","sysselsatte_kjonn_land","NULL","NULL","1813"
"2013","NULL","alle","2","personer","102","sysselsatte_kjonn_land","NULL","NULL","1813"
"2013","NULL","alle","2","prosent","48.8","sysselsatte_kjonn_land","NULL","NULL","1813"
"2013","NULL","alle","alle","personer","232","sysselsatte_kjonn_land","NULL","NULL","1813"
"2013","NULL","alle","alle","prosent","61.5","sysselsatte_kjonn_land","NULL","NULL","1813"
"2013","NULL","0","1","personer",":","sysselsatte_kjonn_land","NULL","NULL","1815"
"2013","NULL","0","1","prosent",":","sysselsatte_kjonn_land","NULL","NULL","1815"
"2013","NULL","0","2","personer",":","sysselsatte_kjonn_land","NULL","NULL","1815"
"2013","NULL","0","2","prosent",":","sysselsatte_kjonn_land","NULL","NULL","1815"
"2013","NULL","0","alle","personer","9","sysselsatte_kjonn_land","NULL","NULL","1815"
"2013","NULL","0","alle","prosent","75","sysselsatte_kjonn_land","NULL","NULL","1815"
"2013","NULL","1","1","personer","6","sysselsatte_kjonn_land","NULL","NULL","1815"
"2013","NULL","1","1","prosent","75","sysselsatte_kjonn_land","NULL","NULL","1815"
"2013","NULL","1","2","personer","8","sysselsatte_kjonn_land","NULL","NULL","1815"
"2013","NULL","1","2","prosent","53.3","sysselsatte_kjonn_land","NULL","NULL","1815"
"2013","NULL","1","alle","personer","14","sysselsatte_kjonn_land","NULL","NULL","1815"
"2013","NULL","1","alle","prosent","60.9","sysselsatte_kjonn_land","NULL","NULL","1815"
"2013","NULL","alle","1","personer","13","sysselsatte_kjonn_land","NULL","NULL","1815"
"2013","NULL","alle","1","prosent","76.5","sysselsatte_kjonn_land","NULL","NULL","1815"
"2013","NULL","alle","2","personer","10","sysselsatte_kjonn_land","NULL","NULL","1815"
"2013","NULL","alle","2","prosent","55.6","sysselsatte_kjonn_land","NULL","NULL","1815"
"2013","NULL","alle","alle","personer","23","sysselsatte_kjonn_land","NULL","NULL","1815"
"2013","NULL","alle","alle","prosent","65.7","sysselsatte_kjonn_land","NULL","NULL","1815"
"2013","NULL","0","1","personer","9","sysselsatte_kjonn_land","NULL","NULL","1816"
"2013","NULL","0","1","prosent","75","sysselsatte_kjonn_land","NULL","NULL","1816"
"2013","NULL","0","2","personer","0","sysselsatte_kjonn_land","NULL","NULL","1816"
"2013","NULL","0","2","prosent","0","sysselsatte_kjonn_land","NULL","NULL","1816"
"2013","NULL","0","alle","personer","9","sysselsatte_kjonn_land","NULL","NULL","1816"
"2013","NULL","0","alle","prosent","75","sysselsatte_kjonn_land","NULL","NULL","1816"
"2013","NULL","1","1","personer","5","sysselsatte_kjonn_land","NULL","NULL","1816"
"2013","NULL","1","1","prosent","83.3","sysselsatte_kjonn_land","NULL","NULL","1816"
"2013","NULL","1","2","personer","6","sysselsatte_kjonn_land","NULL","NULL","1816"
"2013","NULL","1","2","prosent","75","sysselsatte_kjonn_land","NULL","NULL","1816"
"2013","NULL","1","alle","personer","11","sysselsatte_kjonn_land","NULL","NULL","1816"
"2013","NULL","1","alle","prosent","78.6","sysselsatte_kjonn_land","NULL","NULL","1816"
"2013","NULL","alle","1","personer","14","sysselsatte_kjonn_land","NULL","NULL","1816"
"2013","NULL","alle","1","prosent","77.8","sysselsatte_kjonn_land","NULL","NULL","1816"
"2013","NULL","alle","2","personer","6","sysselsatte_kjonn_land","NULL","NULL","1816"
"2013","NULL","alle","2","prosent","75","sysselsatte_kjonn_land","NULL","NULL","1816"
"2013","NULL","alle","alle","personer","20","sysselsatte_kjonn_land","NULL","NULL","1816"
"2013","NULL","alle","alle","prosent","76.9","sysselsatte_kjonn_land","NULL","NULL","1816"
"2013","NULL","0","1","personer","66","sysselsatte_kjonn_land","NULL","NULL","1818"
"2013","NULL","0","1","prosent","76.7","sysselsatte_kjonn_land","NULL","NULL","1818"
"2013","NULL","0","2","personer","8","sysselsatte_kjonn_land","NULL","NULL","1818"
"2013","NULL","0","2","prosent","50","sysselsatte_kjonn_land","NULL","NULL","1818"
"2013","NULL","0","alle","personer","74","sysselsatte_kjonn_land","NULL","NULL","1818"
"2013","NULL","0","alle","prosent","72.5","sysselsatte_kjonn_land","NULL","NULL","1818"
"2013","NULL","1","1","personer","30","sysselsatte_kjonn_land","NULL","NULL","1818"
"2013","NULL","1","1","prosent","62.5","sysselsatte_kjonn_land","NULL","NULL","1818"
"2013","NULL","1","2","personer","9","sysselsatte_kjonn_land","NULL","NULL","1818"
"2013","NULL","1","2","prosent","40.9","sysselsatte_kjonn_land","NULL","NULL","1818"
"2013","NULL","1","alle","personer","39","sysselsatte_kjonn_land","NULL","NULL","1818"
"2013","NULL","1","alle","prosent","55.7","sysselsatte_kjonn_land","NULL","NULL","1818"
"2013","NULL","alle","1","personer","96","sysselsatte_kjonn_land","NULL","NULL","1818"
"2013","NULL","alle","1","prosent","71.6","sysselsatte_kjonn_land","NULL","NULL","1818"
"2013","NULL","alle","2","personer","17","sysselsatte_kjonn_land","NULL","NULL","1818"
"2013","NULL","alle","2","prosent","44.7","sysselsatte_kjonn_land","NULL","NULL","1818"
"2013","NULL","alle","alle","personer","113","sysselsatte_kjonn_land","NULL","NULL","1818"
"2013","NULL","alle","alle","prosent","65.7","sysselsatte_kjonn_land","NULL","NULL","1818"
"2013","NULL","0","1","personer","101","sysselsatte_kjonn_land","NULL","NULL","1820"
"2013","NULL","0","1","prosent","80.2","sysselsatte_kjonn_land","NULL","NULL","1820"
"2013","NULL","0","2","personer","63","sysselsatte_kjonn_land","NULL","NULL","1820"
"2013","NULL","0","2","prosent","45.3","sysselsatte_kjonn_land","NULL","NULL","1820"
"2013","NULL","0","alle","personer","164","sysselsatte_kjonn_land","NULL","NULL","1820"
"2013","NULL","0","alle","prosent","61.9","sysselsatte_kjonn_land","NULL","NULL","1820"
"2013","NULL","1","1","personer","72","sysselsatte_kjonn_land","NULL","NULL","1820"
"2013","NULL","1","1","prosent","80.9","sysselsatte_kjonn_land","NULL","NULL","1820"
"2013","NULL","1","2","personer","78","sysselsatte_kjonn_land","NULL","NULL","1820"
"2013","NULL","1","2","prosent","51.7","sysselsatte_kjonn_land","NULL","NULL","1820"
"2013","NULL","1","alle","personer","150","sysselsatte_kjonn_land","NULL","NULL","1820"
"2013","NULL","1","alle","prosent","62.5","sysselsatte_kjonn_land","NULL","NULL","1820"
"2013","NULL","alle","1","personer","173","sysselsatte_kjonn_land","NULL","NULL","1820"
"2013","NULL","alle","1","prosent","80.5","sysselsatte_kjonn_land","NULL","NULL","1820"
"2013","NULL","alle","2","personer","141","sysselsatte_kjonn_land","NULL","NULL","1820"
"2013","NULL","alle","2","prosent","48.6","sysselsatte_kjonn_land","NULL","NULL","1820"
"2013","NULL","alle","alle","personer","314","sysselsatte_kjonn_land","NULL","NULL","1820"
"2013","NULL","alle","alle","prosent","62.2","sysselsatte_kjonn_land","NULL","NULL","1820"
"2013","NULL","0","1","personer","21","sysselsatte_kjonn_land","NULL","NULL","1822"
"2013","NULL","0","1","prosent","80.8","sysselsatte_kjonn_land","NULL","NULL","1822"
"2013","NULL","0","2","personer","10","sysselsatte_kjonn_land","NULL","NULL","1822"
"2013","NULL","0","2","prosent","27.8","sysselsatte_kjonn_land","NULL","NULL","1822"
"2013","NULL","0","alle","personer","31","sysselsatte_kjonn_land","NULL","NULL","1822"
"2013","NULL","0","alle","prosent","50","sysselsatte_kjonn_land","NULL","NULL","1822"
"2013","NULL","1","1","personer","11","sysselsatte_kjonn_land","NULL","NULL","1822"
"2013","NULL","1","1","prosent","64.7","sysselsatte_kjonn_land","NULL","NULL","1822"
"2013","NULL","1","2","personer","21","sysselsatte_kjonn_land","NULL","NULL","1822"
"2013","NULL","1","2","prosent","43.8","sysselsatte_kjonn_land","NULL","NULL","1822"
"2013","NULL","1","alle","personer","32","sysselsatte_kjonn_land","NULL","NULL","1822"
"2013","NULL","1","alle","prosent","49.2","sysselsatte_kjonn_land","NULL","NULL","1822"
"2013","NULL","alle","1","personer","32","sysselsatte_kjonn_land","NULL","NULL","1822"
"2013","NULL","alle","1","prosent","74.4","sysselsatte_kjonn_land","NULL","NULL","1822"
"2013","NULL","alle","2","personer","31","sysselsatte_kjonn_land","NULL","NULL","1822"
"2013","NULL","alle","2","prosent","36.9","sysselsatte_kjonn_land","NULL","NULL","1822"
"2013","NULL","alle","alle","personer","63","sysselsatte_kjonn_land","NULL","NULL","1822"
"2013","NULL","alle","alle","prosent","49.6","sysselsatte_kjonn_land","NULL","NULL","1822"
"2013","NULL","0","1","personer","107","sysselsatte_kjonn_land","NULL","NULL","1824"
"2013","NULL","0","1","prosent","80.5","sysselsatte_kjonn_land","NULL","NULL","1824"
"2013","NULL","0","2","personer","67","sysselsatte_kjonn_land","NULL","NULL","1824"
"2013","NULL","0","2","prosent","44.7","sysselsatte_kjonn_land","NULL","NULL","1824"
"2013","NULL","0","alle","personer","174","sysselsatte_kjonn_land","NULL","NULL","1824"
"2013","NULL","0","alle","prosent","61.5","sysselsatte_kjonn_land","NULL","NULL","1824"
"2013","NULL","1","1","personer","66","sysselsatte_kjonn_land","NULL","NULL","1824"
"2013","NULL","1","1","prosent","81.5","sysselsatte_kjonn_land","NULL","NULL","1824"
"2013","NULL","1","2","personer","112","sysselsatte_kjonn_land","NULL","NULL","1824"
"2013","NULL","1","2","prosent","60.9","sysselsatte_kjonn_land","NULL","NULL","1824"
"2013","NULL","1","alle","personer","178","sysselsatte_kjonn_land","NULL","NULL","1824"
"2013","NULL","1","alle","prosent","67.2","sysselsatte_kjonn_land","NULL","NULL","1824"
"2013","NULL","alle","1","personer","173","sysselsatte_kjonn_land","NULL","NULL","1824"
"2013","NULL","alle","1","prosent","80.8","sysselsatte_kjonn_land","NULL","NULL","1824"
"2013","NULL","alle","2","personer","179","sysselsatte_kjonn_land","NULL","NULL","1824"
"2013","NULL","alle","2","prosent","53.6","sysselsatte_kjonn_land","NULL","NULL","1824"
"2013","NULL","alle","alle","personer","352","sysselsatte_kjonn_land","NULL","NULL","1824"
"2013","NULL","alle","alle","prosent","64.2","sysselsatte_kjonn_land","NULL","NULL","1824"
"2013","NULL","0","1","personer",":","sysselsatte_kjonn_land","NULL","NULL","1825"
"2013","NULL","0","1","prosent",":","sysselsatte_kjonn_land","NULL","NULL","1825"
"2013","NULL","0","2","personer",":","sysselsatte_kjonn_land","NULL","NULL","1825"
"2013","NULL","0","2","prosent",":","sysselsatte_kjonn_land","NULL","NULL","1825"
"2013","NULL","0","alle","personer","17","sysselsatte_kjonn_land","NULL","NULL","1825"
"2013","NULL","0","alle","prosent","77.3","sysselsatte_kjonn_land","NULL","NULL","1825"
"2013","NULL","1","1","personer","22","sysselsatte_kjonn_land","NULL","NULL","1825"
"2013","NULL","1","1","prosent","88","sysselsatte_kjonn_land","NULL","NULL","1825"
"2013","NULL","1","2","personer","9","sysselsatte_kjonn_land","NULL","NULL","1825"
"2013","NULL","1","2","prosent","69.2","sysselsatte_kjonn_land","NULL","NULL","1825"
"2013","NULL","1","alle","personer","31","sysselsatte_kjonn_land","NULL","NULL","1825"
"2013","NULL","1","alle","prosent","81.6","sysselsatte_kjonn_land","NULL","NULL","1825"
"2013","NULL","alle","1","personer","38","sysselsatte_kjonn_land","NULL","NULL","1825"
"2013","NULL","alle","1","prosent","88.4","sysselsatte_kjonn_land","NULL","NULL","1825"
"2013","NULL","alle","2","personer","10","sysselsatte_kjonn_land","NULL","NULL","1825"
"2013","NULL","alle","2","prosent","58.8","sysselsatte_kjonn_land","NULL","NULL","1825"
"2013","NULL","alle","alle","personer","48","sysselsatte_kjonn_land","NULL","NULL","1825"
"2013","NULL","alle","alle","prosent","80","sysselsatte_kjonn_land","NULL","NULL","1825"
"2013","NULL","0","1","personer","15","sysselsatte_kjonn_land","NULL","NULL","1826"
"2013","NULL","0","1","prosent","78.9","sysselsatte_kjonn_land","NULL","NULL","1826"
"2013","NULL","0","2","personer","5","sysselsatte_kjonn_land","NULL","NULL","1826"
"2013","NULL","0","2","prosent","14.3","sysselsatte_kjonn_land","NULL","NULL","1826"
"2013","NULL","0","alle","personer","20","sysselsatte_kjonn_land","NULL","NULL","1826"
"2013","NULL","0","alle","prosent","37","sysselsatte_kjonn_land","NULL","NULL","1826"
"2013","NULL","1","1","personer","12","sysselsatte_kjonn_land","NULL","NULL","1826"
"2013","NULL","1","1","prosent","75","sysselsatte_kjonn_land","NULL","NULL","1826"
"2013","NULL","1","2","personer","7","sysselsatte_kjonn_land","NULL","NULL","1826"
"2013","NULL","1","2","prosent","19.4","sysselsatte_kjonn_land","NULL","NULL","1826"
"2013","NULL","1","alle","personer","19","sysselsatte_kjonn_land","NULL","NULL","1826"
"2013","NULL","1","alle","prosent","36.5","sysselsatte_kjonn_land","NULL","NULL","1826"
"2013","NULL","alle","1","personer","27","sysselsatte_kjonn_land","NULL","NULL","1826"
"2013","NULL","alle","1","prosent","77.1","sysselsatte_kjonn_land","NULL","NULL","1826"
"2013","NULL","alle","2","personer","12","sysselsatte_kjonn_land","NULL","NULL","1826"
"2013","NULL","alle","2","prosent","16.9","sysselsatte_kjonn_land","NULL","NULL","1826"
"2013","NULL","alle","alle","personer","39","sysselsatte_kjonn_land","NULL","NULL","1826"
"2013","NULL","alle","alle","prosent","36.8","sysselsatte_kjonn_land","NULL","NULL","1826"
"2013","NULL","0","1","personer","17","sysselsatte_kjonn_land","NULL","NULL","1827"
"2013","NULL","0","1","prosent","68","sysselsatte_kjonn_land","NULL","NULL","1827"
"2013","NULL","0","2","personer","6","sysselsatte_kjonn_land","NULL","NULL","1827"
"2013","NULL","0","2","prosent","85.7","sysselsatte_kjonn_land","NULL","NULL","1827"
"2013","NULL","0","alle","personer","23","sysselsatte_kjonn_land","NULL","NULL","1827"
"2013","NULL","0","alle","prosent","71.9","sysselsatte_kjonn_land","NULL","NULL","1827"
"2013","NULL","1","1","personer","11","sysselsatte_kjonn_land","NULL","NULL","1827"
"2013","NULL","1","1","prosent","73.3","sysselsatte_kjonn_land","NULL","NULL","1827"
"2013","NULL","1","2","personer","10","sysselsatte_kjonn_land","NULL","NULL","1827"
"2013","NULL","1","2","prosent","90.9","sysselsatte_kjonn_land","NULL","NULL","1827"
"2013","NULL","1","alle","personer","21","sysselsatte_kjonn_land","NULL","NULL","1827"
"2013","NULL","1","alle","prosent","80.8","sysselsatte_kjonn_land","NULL","NULL","1827"
"2013","NULL","alle","1","personer","28","sysselsatte_kjonn_land","NULL","NULL","1827"
"2013","NULL","alle","1","prosent","70","sysselsatte_kjonn_land","NULL","NULL","1827"
"2013","NULL","alle","2","personer","16","sysselsatte_kjonn_land","NULL","NULL","1827"
"2013","NULL","alle","2","prosent","88.9","sysselsatte_kjonn_land","NULL","NULL","1827"
"2013","NULL","alle","alle","personer","44","sysselsatte_kjonn_land","NULL","NULL","1827"
"2013","NULL","alle","alle","prosent","75.9","sysselsatte_kjonn_land","NULL","NULL","1827"
"2013","NULL","0","1","personer","36","sysselsatte_kjonn_land","NULL","NULL","1828"
"2013","NULL","0","1","prosent","85.7","sysselsatte_kjonn_land","NULL","NULL","1828"
"2013","NULL","0","2","personer","19","sysselsatte_kjonn_land","NULL","NULL","1828"
"2013","NULL","0","2","prosent","23.8","sysselsatte_kjonn_land","NULL","NULL","1828"
"2013","NULL","0","alle","personer","55","sysselsatte_kjonn_land","NULL","NULL","1828"
"2013","NULL","0","alle","prosent","45.1","sysselsatte_kjonn_land","NULL","NULL","1828"
"2013","NULL","1","1","personer","19","sysselsatte_kjonn_land","NULL","NULL","1828"
"2013","NULL","1","1","prosent","73.1","sysselsatte_kjonn_land","NULL","NULL","1828"
"2013","NULL","1","2","personer","21","sysselsatte_kjonn_land","NULL","NULL","1828"
"2013","NULL","1","2","prosent","38.2","sysselsatte_kjonn_land","NULL","NULL","1828"
"2013","NULL","1","alle","personer","40","sysselsatte_kjonn_land","NULL","NULL","1828"
"2013","NULL","1","alle","prosent","49.4","sysselsatte_kjonn_land","NULL","NULL","1828"
"2013","NULL","alle","1","personer","55","sysselsatte_kjonn_land","NULL","NULL","1828"
"2013","NULL","alle","1","prosent","80.9","sysselsatte_kjonn_land","NULL","NULL","1828"
"2013","NULL","alle","2","personer","40","sysselsatte_kjonn_land","NULL","NULL","1828"
"2013","NULL","alle","2","prosent","29.6","sysselsatte_kjonn_land","NULL","NULL","1828"
"2013","NULL","alle","alle","personer","95","sysselsatte_kjonn_land","NULL","NULL","1828"
"2013","NULL","alle","alle","prosent","46.8","sysselsatte_kjonn_land","NULL","NULL","1828"
"2013","NULL","0","1","personer","39","sysselsatte_kjonn_land","NULL","NULL","1832"
"2013","NULL","0","1","prosent","81.3","sysselsatte_kjonn_land","NULL","NULL","1832"
"2013","NULL","0","2","personer","18","sysselsatte_kjonn_land","NULL","NULL","1832"
"2013","NULL","0","2","prosent","60","sysselsatte_kjonn_land","NULL","NULL","1832"
"2013","NULL","0","alle","personer","57","sysselsatte_kjonn_land","NULL","NULL","1832"
"2013","NULL","0","alle","prosent","73.1","sysselsatte_kjonn_land","NULL","NULL","1832"
"2013","NULL","1","1","personer","27","sysselsatte_kjonn_land","NULL","NULL","1832"
"2013","NULL","1","1","prosent","77.1","sysselsatte_kjonn_land","NULL","NULL","1832"
"2013","NULL","1","2","personer","29","sysselsatte_kjonn_land","NULL","NULL","1832"
"2013","NULL","1","2","prosent","50.9","sysselsatte_kjonn_land","NULL","NULL","1832"
"2013","NULL","1","alle","personer","56","sysselsatte_kjonn_land","NULL","NULL","1832"
"2013","NULL","1","alle","prosent","60.9","sysselsatte_kjonn_land","NULL","NULL","1832"
"2013","NULL","alle","1","personer","66","sysselsatte_kjonn_land","NULL","NULL","1832"
"2013","NULL","alle","1","prosent","79.5","sysselsatte_kjonn_land","NULL","NULL","1832"
"2013","NULL","alle","2","personer","47","sysselsatte_kjonn_land","NULL","NULL","1832"
"2013","NULL","alle","2","prosent","54","sysselsatte_kjonn_land","NULL","NULL","1832"
"2013","NULL","alle","alle","personer","113","sysselsatte_kjonn_land","NULL","NULL","1832"
"2013","NULL","alle","alle","prosent","66.5","sysselsatte_kjonn_land","NULL","NULL","1832"
"2013","NULL","0","1","personer","246","sysselsatte_kjonn_land","NULL","NULL","1833"
"2013","NULL","0","1","prosent","75.5","sysselsatte_kjonn_land","NULL","NULL","1833"
"2013","NULL","0","2","personer","147","sysselsatte_kjonn_land","NULL","NULL","1833"
"2013","NULL","0","2","prosent","55.1","sysselsatte_kjonn_land","NULL","NULL","1833"
"2013","NULL","0","alle","personer","393","sysselsatte_kjonn_land","NULL","NULL","1833"
"2013","NULL","0","alle","prosent","66.3","sysselsatte_kjonn_land","NULL","NULL","1833"
"2013","NULL","1","1","personer","157","sysselsatte_kjonn_land","NULL","NULL","1833"
"2013","NULL","1","1","prosent","76.2","sysselsatte_kjonn_land","NULL","NULL","1833"
"2013","NULL","1","2","personer","165","sysselsatte_kjonn_land","NULL","NULL","1833"
"2013","NULL","1","2","prosent","53.1","sysselsatte_kjonn_land","NULL","NULL","1833"
"2013","NULL","1","alle","personer","322","sysselsatte_kjonn_land","NULL","NULL","1833"
"2013","NULL","1","alle","prosent","62.3","sysselsatte_kjonn_land","NULL","NULL","1833"
"2013","NULL","alle","1","personer","403","sysselsatte_kjonn_land","NULL","NULL","1833"
"2013","NULL","alle","1","prosent","75.8","sysselsatte_kjonn_land","NULL","NULL","1833"
"2013","NULL","alle","2","personer","312","sysselsatte_kjonn_land","NULL","NULL","1833"
"2013","NULL","alle","2","prosent","54","sysselsatte_kjonn_land","NULL","NULL","1833"
"2013","NULL","alle","alle","personer","715","sysselsatte_kjonn_land","NULL","NULL","1833"
"2013","NULL","alle","alle","prosent","64.4","sysselsatte_kjonn_land","NULL","NULL","1833"
"2013","NULL","0","1","personer","30","sysselsatte_kjonn_land","NULL","NULL","1834"
"2013","NULL","0","1","prosent","93.8","sysselsatte_kjonn_land","NULL","NULL","1834"
"2013","NULL","0","2","personer","0","sysselsatte_kjonn_land","NULL","NULL","1834"
"2013","NULL","0","2","prosent","0","sysselsatte_kjonn_land","NULL","NULL","1834"
"2013","NULL","0","alle","personer","30","sysselsatte_kjonn_land","NULL","NULL","1834"
"2013","NULL","0","alle","prosent","93.8","sysselsatte_kjonn_land","NULL","NULL","1834"
"2013","NULL","1","1","personer","27","sysselsatte_kjonn_land","NULL","NULL","1834"
"2013","NULL","1","1","prosent","77.1","sysselsatte_kjonn_land","NULL","NULL","1834"
"2013","NULL","1","2","personer","15","sysselsatte_kjonn_land","NULL","NULL","1834"
"2013","NULL","1","2","prosent","75","sysselsatte_kjonn_land","NULL","NULL","1834"
"2013","NULL","1","alle","personer","42","sysselsatte_kjonn_land","NULL","NULL","1834"
"2013","NULL","1","alle","prosent","76.4","sysselsatte_kjonn_land","NULL","NULL","1834"
"2013","NULL","alle","1","personer","57","sysselsatte_kjonn_land","NULL","NULL","1834"
"2013","NULL","alle","1","prosent","85.1","sysselsatte_kjonn_land","NULL","NULL","1834"
"2013","NULL","alle","2","personer","15","sysselsatte_kjonn_land","NULL","NULL","1834"
"2013","NULL","alle","2","prosent","75","sysselsatte_kjonn_land","NULL","NULL","1834"
"2013","NULL","alle","alle","personer","72","sysselsatte_kjonn_land","NULL","NULL","1834"
"2013","NULL","alle","alle","prosent","82.8","sysselsatte_kjonn_land","NULL","NULL","1834"
"2013","NULL","0","1","personer","35","sysselsatte_kjonn_land","NULL","NULL","1835"
"2013","NULL","0","1","prosent","97.2","sysselsatte_kjonn_land","NULL","NULL","1835"
"2013","NULL","0","2","personer","4","sysselsatte_kjonn_land","NULL","NULL","1835"
"2013","NULL","0","2","prosent","66.7","sysselsatte_kjonn_land","NULL","NULL","1835"
"2013","NULL","0","alle","personer","39","sysselsatte_kjonn_land","NULL","NULL","1835"
"2013","NULL","0","alle","prosent","92.9","sysselsatte_kjonn_land","NULL","NULL","1835"
"2013","NULL","1","1","personer","19","sysselsatte_kjonn_land","NULL","NULL","1835"
"2013","NULL","1","1","prosent","82.6","sysselsatte_kjonn_land","NULL","NULL","1835"
"2013","NULL","1","2","personer","9","sysselsatte_kjonn_land","NULL","NULL","1835"
"2013","NULL","1","2","prosent","90","sysselsatte_kjonn_land","NULL","NULL","1835"
"2013","NULL","1","alle","personer","28","sysselsatte_kjonn_land","NULL","NULL","1835"
"2013","NULL","1","alle","prosent","84.8","sysselsatte_kjonn_land","NULL","NULL","1835"
"2013","NULL","alle","1","personer","54","sysselsatte_kjonn_land","NULL","NULL","1835"
"2013","NULL","alle","1","prosent","91.5","sysselsatte_kjonn_land","NULL","NULL","1835"
"2013","NULL","alle","2","personer","13","sysselsatte_kjonn_land","NULL","NULL","1835"
"2013","NULL","alle","2","prosent","81.3","sysselsatte_kjonn_land","NULL","NULL","1835"
"2013","NULL","alle","alle","personer","67","sysselsatte_kjonn_land","NULL","NULL","1835"
"2013","NULL","alle","alle","prosent","89.3","sysselsatte_kjonn_land","NULL","NULL","1835"
"2013","NULL","0","1","personer",":","sysselsatte_kjonn_land","NULL","NULL","1836"
"2013","NULL","0","1","prosent",":","sysselsatte_kjonn_land","NULL","NULL","1836"
"2013","NULL","0","2","personer",":","sysselsatte_kjonn_land","NULL","NULL","1836"
"2013","NULL","0","2","prosent",":","sysselsatte_kjonn_land","NULL","NULL","1836"
"2013","NULL","0","alle","personer","13","sysselsatte_kjonn_land","NULL","NULL","1836"
"2013","NULL","0","alle","prosent","72.2","sysselsatte_kjonn_land","NULL","NULL","1836"
"2013","NULL","1","1","personer","12","sysselsatte_kjonn_land","NULL","NULL","1836"
"2013","NULL","1","1","prosent","80","sysselsatte_kjonn_land","NULL","NULL","1836"
"2013","NULL","1","2","personer","14","sysselsatte_kjonn_land","NULL","NULL","1836"
"2013","NULL","1","2","prosent","93.3","sysselsatte_kjonn_land","NULL","NULL","1836"
"2013","NULL","1","alle","personer","26","sysselsatte_kjonn_land","NULL","NULL","1836"
"2013","NULL","1","alle","prosent","86.7","sysselsatte_kjonn_land","NULL","NULL","1836"
"2013","NULL","alle","1","personer","23","sysselsatte_kjonn_land","NULL","NULL","1836"
"2013","NULL","alle","1","prosent","76.7","sysselsatte_kjonn_land","NULL","NULL","1836"
"2013","NULL","alle","2","personer","16","sysselsatte_kjonn_land","NULL","NULL","1836"
"2013","NULL","alle","2","prosent","88.9","sysselsatte_kjonn_land","NULL","NULL","1836"
"2013","NULL","alle","alle","personer","39","sysselsatte_kjonn_land","NULL","NULL","1836"
"2013","NULL","alle","alle","prosent","81.3","sysselsatte_kjonn_land","NULL","NULL","1836"
"2013","NULL","0","1","personer","75","sysselsatte_kjonn_land","NULL","NULL","1837"
"2013","NULL","0","1","prosent","70.8","sysselsatte_kjonn_land","NULL","NULL","1837"
"2013","NULL","0","2","personer","21","sysselsatte_kjonn_land","NULL","NULL","1837"
"2013","NULL","0","2","prosent","61.8","sysselsatte_kjonn_land","NULL","NULL","1837"
"2013","NULL","0","alle","personer","96","sysselsatte_kjonn_land","NULL","NULL","1837"
"2013","NULL","0","alle","prosent","68.6","sysselsatte_kjonn_land","NULL","NULL","1837"
"2013","NULL","1","1","personer","50","sysselsatte_kjonn_land","NULL","NULL","1837"
"2013","NULL","1","1","prosent","75.8","sysselsatte_kjonn_land","NULL","NULL","1837"
"2013","NULL","1","2","personer","59","sysselsatte_kjonn_land","NULL","NULL","1837"
"2013","NULL","1","2","prosent","63.4","sysselsatte_kjonn_land","NULL","NULL","1837"
"2013","NULL","1","alle","personer","109","sysselsatte_kjonn_land","NULL","NULL","1837"
"2013","NULL","1","alle","prosent","68.6","sysselsatte_kjonn_land","NULL","NULL","1837"
"2013","NULL","alle","1","personer","125","sysselsatte_kjonn_land","NULL","NULL","1837"
"2013","NULL","alle","1","prosent","72.7","sysselsatte_kjonn_land","NULL","NULL","1837"
"2013","NULL","alle","2","personer","80","sysselsatte_kjonn_land","NULL","NULL","1837"
"2013","NULL","alle","2","prosent","63","sysselsatte_kjonn_land","NULL","NULL","1837"
"2013","NULL","alle","alle","personer","205","sysselsatte_kjonn_land","NULL","NULL","1837"
"2013","NULL","alle","alle","prosent","68.6","sysselsatte_kjonn_land","NULL","NULL","1837"
"2013","NULL","0","1","personer","46","sysselsatte_kjonn_land","NULL","NULL","1838"
"2013","NULL","0","1","prosent","85.2","sysselsatte_kjonn_land","NULL","NULL","1838"
"2013","NULL","0","2","personer","11","sysselsatte_kjonn_land","NULL","NULL","1838"
"2013","NULL","0","2","prosent","44","sysselsatte_kjonn_land","NULL","NULL","1838"
"2013","NULL","0","alle","personer","57","sysselsatte_kjonn_land","NULL","NULL","1838"
"2013","NULL","0","alle","prosent","72.2","sysselsatte_kjonn_land","NULL","NULL","1838"
"2013","NULL","1","1","personer","28","sysselsatte_kjonn_land","NULL","NULL","1838"
"2013","NULL","1","1","prosent","84.8","sysselsatte_kjonn_land","NULL","NULL","1838"
"2013","NULL","1","2","personer","25","sysselsatte_kjonn_land","NULL","NULL","1838"
"2013","NULL","1","2","prosent","65.8","sysselsatte_kjonn_land","NULL","NULL","1838"
"2013","NULL","1","alle","personer","53","sysselsatte_kjonn_land","NULL","NULL","1838"
"2013","NULL","1","alle","prosent","74.6","sysselsatte_kjonn_land","NULL","NULL","1838"
"2013","NULL","alle","1","personer","74","sysselsatte_kjonn_land","NULL","NULL","1838"
"2013","NULL","alle","1","prosent","85.1","sysselsatte_kjonn_land","NULL","NULL","1838"
"2013","NULL","alle","2","personer","36","sysselsatte_kjonn_land","NULL","NULL","1838"
"2013","NULL","alle","2","prosent","57.1","sysselsatte_kjonn_land","NULL","NULL","1838"
"2013","NULL","alle","alle","personer","110","sysselsatte_kjonn_land","NULL","NULL","1838"
"2013","NULL","alle","alle","prosent","73.3","sysselsatte_kjonn_land","NULL","NULL","1838"
"2013","NULL","0","1","personer",":","sysselsatte_kjonn_land","NULL","NULL","1839"
"2013","NULL","0","1","prosent",":","sysselsatte_kjonn_land","NULL","NULL","1839"
"2013","NULL","0","2","personer",":","sysselsatte_kjonn_land","NULL","NULL","1839"
"2013","NULL","0","2","prosent",":","sysselsatte_kjonn_land","NULL","NULL","1839"
"2013","NULL","0","alle","personer","8","sysselsatte_kjonn_land","NULL","NULL","1839"
"2013","NULL","0","alle","prosent","80","sysselsatte_kjonn_land","NULL","NULL","1839"
"2013","NULL","1","1","personer","5","sysselsatte_kjonn_land","NULL","NULL","1839"
"2013","NULL","1","1","prosent","50","sysselsatte_kjonn_land","NULL","NULL","1839"
"2013","NULL","1","2","personer","4","sysselsatte_kjonn_land","NULL","NULL","1839"
"2013","NULL","1","2","prosent","44.4","sysselsatte_kjonn_land","NULL","NULL","1839"
"2013","NULL","1","alle","personer","9","sysselsatte_kjonn_land","NULL","NULL","1839"
"2013","NULL","1","alle","prosent","47.4","sysselsatte_kjonn_land","NULL","NULL","1839"
"2013","NULL","alle","1","personer","11","sysselsatte_kjonn_land","NULL","NULL","1839"
"2013","NULL","alle","1","prosent","64.7","sysselsatte_kjonn_land","NULL","NULL","1839"
"2013","NULL","alle","2","personer","6","sysselsatte_kjonn_land","NULL","NULL","1839"
"2013","NULL","alle","2","prosent","50","sysselsatte_kjonn_land","NULL","NULL","1839"
"2013","NULL","alle","alle","personer","17","sysselsatte_kjonn_land","NULL","NULL","1839"
"2013","NULL","alle","alle","prosent","58.6","sysselsatte_kjonn_land","NULL","NULL","1839"
"2013","NULL","0","1","personer","48","sysselsatte_kjonn_land","NULL","NULL","1840"
"2013","NULL","0","1","prosent","84.2","sysselsatte_kjonn_land","NULL","NULL","1840"
"2013","NULL","0","2","personer","28","sysselsatte_kjonn_land","NULL","NULL","1840"
"2013","NULL","0","2","prosent","27.2","sysselsatte_kjonn_land","NULL","NULL","1840"
"2013","NULL","0","alle","personer","76","sysselsatte_kjonn_land","NULL","NULL","1840"
"2013","NULL","0","alle","prosent","47.5","sysselsatte_kjonn_land","NULL","NULL","1840"
"2013","NULL","1","1","personer","25","sysselsatte_kjonn_land","NULL","NULL","1840"
"2013","NULL","1","1","prosent","71.4","sysselsatte_kjonn_land","NULL","NULL","1840"
"2013","NULL","1","2","personer","36","sysselsatte_kjonn_land","NULL","NULL","1840"
"2013","NULL","1","2","prosent","50","sysselsatte_kjonn_land","NULL","NULL","1840"
"2013","NULL","1","alle","personer","61","sysselsatte_kjonn_land","NULL","NULL","1840"
"2013","NULL","1","alle","prosent","57","sysselsatte_kjonn_land","NULL","NULL","1840"
"2013","NULL","alle","1","personer","73","sysselsatte_kjonn_land","NULL","NULL","1840"
"2013","NULL","alle","1","prosent","79.3","sysselsatte_kjonn_land","NULL","NULL","1840"
"2013","NULL","alle","2","personer","64","sysselsatte_kjonn_land","NULL","NULL","1840"
"2013","NULL","alle","2","prosent","36.6","sysselsatte_kjonn_land","NULL","NULL","1840"
"2013","NULL","alle","alle","personer","137","sysselsatte_kjonn_land","NULL","NULL","1840"
"2013","NULL","alle","alle","prosent","51.3","sysselsatte_kjonn_land","NULL","NULL","1840"
"2013","NULL","0","1","personer","90","sysselsatte_kjonn_land","NULL","NULL","1841"
"2013","NULL","0","1","prosent","84.1","sysselsatte_kjonn_land","NULL","NULL","1841"
"2013","NULL","0","2","personer","42","sysselsatte_kjonn_land","NULL","NULL","1841"
"2013","NULL","0","2","prosent","58.3","sysselsatte_kjonn_land","NULL","NULL","1841"
"2013","NULL","0","alle","personer","132","sysselsatte_kjonn_land","NULL","NULL","1841"
"2013","NULL","0","alle","prosent","73.7","sysselsatte_kjonn_land","NULL","NULL","1841"
"2013","NULL","1","1","personer","62","sysselsatte_kjonn_land","NULL","NULL","1841"
"2013","NULL","1","1","prosent","72.9","sysselsatte_kjonn_land","NULL","NULL","1841"
"2013","NULL","1","2","personer","54","sysselsatte_kjonn_land","NULL","NULL","1841"
"2013","NULL","1","2","prosent","48.6","sysselsatte_kjonn_land","NULL","NULL","1841"
"2013","NULL","1","alle","personer","116","sysselsatte_kjonn_land","NULL","NULL","1841"
"2013","NULL","1","alle","prosent","59.2","sysselsatte_kjonn_land","NULL","NULL","1841"
"2013","NULL","alle","1","personer","152","sysselsatte_kjonn_land","NULL","NULL","1841"
"2013","NULL","alle","1","prosent","79.2","sysselsatte_kjonn_land","NULL","NULL","1841"
"2013","NULL","alle","2","personer","96","sysselsatte_kjonn_land","NULL","NULL","1841"
"2013","NULL","alle","2","prosent","52.5","sysselsatte_kjonn_land","NULL","NULL","1841"
"2013","NULL","alle","alle","personer","248","sysselsatte_kjonn_land","NULL","NULL","1841"
"2013","NULL","alle","alle","prosent","66.1","sysselsatte_kjonn_land","NULL","NULL","1841"
"2013","NULL","0","1","personer",":","sysselsatte_kjonn_land","NULL","NULL","1845"
"2013","NULL","0","1","prosent",":","sysselsatte_kjonn_land","NULL","NULL","1845"
"2013","NULL","0","2","personer",":","sysselsatte_kjonn_land","NULL","NULL","1845"
"2013","NULL","0","2","prosent",":","sysselsatte_kjonn_land","NULL","NULL","1845"
"2013","NULL","0","alle","personer","23","sysselsatte_kjonn_land","NULL","NULL","1845"
"2013","NULL","0","alle","prosent","79.3","sysselsatte_kjonn_land","NULL","NULL","1845"
"2013","NULL","1","1","personer","20","sysselsatte_kjonn_land","NULL","NULL","1845"
"2013","NULL","1","1","prosent","87","sysselsatte_kjonn_land","NULL","NULL","1845"
"2013","NULL","1","2","personer","11","sysselsatte_kjonn_land","NULL","NULL","1845"
"2013","NULL","1","2","prosent","55","sysselsatte_kjonn_land","NULL","NULL","1845"
"2013","NULL","1","alle","personer","31","sysselsatte_kjonn_land","NULL","NULL","1845"
"2013","NULL","1","alle","prosent","72.1","sysselsatte_kjonn_land","NULL","NULL","1845"
"2013","NULL","alle","1","personer","41","sysselsatte_kjonn_land","NULL","NULL","1845"
"2013","NULL","alle","1","prosent","82","sysselsatte_kjonn_land","NULL","NULL","1845"
"2013","NULL","alle","2","personer","13","sysselsatte_kjonn_land","NULL","NULL","1845"
"2013","NULL","alle","2","prosent","59.1","sysselsatte_kjonn_land","NULL","NULL","1845"
"2013","NULL","alle","alle","personer","54","sysselsatte_kjonn_land","NULL","NULL","1845"
"2013","NULL","alle","alle","prosent","75","sysselsatte_kjonn_land","NULL","NULL","1845"
"2013","NULL","0","1","personer","39","sysselsatte_kjonn_land","NULL","NULL","1848"
"2013","NULL","0","1","prosent","60","sysselsatte_kjonn_land","NULL","NULL","1848"
"2013","NULL","0","2","personer","5","sysselsatte_kjonn_land","NULL","NULL","1848"
"2013","NULL","0","2","prosent","31.3","sysselsatte_kjonn_land","NULL","NULL","1848"
"2013","NULL","0","alle","personer","44","sysselsatte_kjonn_land","NULL","NULL","1848"
"2013","NULL","0","alle","prosent","54.3","sysselsatte_kjonn_land","NULL","NULL","1848"
"2013","NULL","1","1","personer","24","sysselsatte_kjonn_land","NULL","NULL","1848"
"2013","NULL","1","1","prosent","77.4","sysselsatte_kjonn_land","NULL","NULL","1848"
"2013","NULL","1","2","personer","15","sysselsatte_kjonn_land","NULL","NULL","1848"
"2013","NULL","1","2","prosent","46.9","sysselsatte_kjonn_land","NULL","NULL","1848"
"2013","NULL","1","alle","personer","39","sysselsatte_kjonn_land","NULL","NULL","1848"
"2013","NULL","1","alle","prosent","61.9","sysselsatte_kjonn_land","NULL","NULL","1848"
"2013","NULL","alle","1","personer","63","sysselsatte_kjonn_land","NULL","NULL","1848"
"2013","NULL","alle","1","prosent","65.6","sysselsatte_kjonn_land","NULL","NULL","1848"
"2013","NULL","alle","2","personer","20","sysselsatte_kjonn_land","NULL","NULL","1848"
"2013","NULL","alle","2","prosent","41.7","sysselsatte_kjonn_land","NULL","NULL","1848"
"2013","NULL","alle","alle","personer","83","sysselsatte_kjonn_land","NULL","NULL","1848"
"2013","NULL","alle","alle","prosent","57.6","sysselsatte_kjonn_land","NULL","NULL","1848"
"2013","NULL","0","1","personer","38","sysselsatte_kjonn_land","NULL","NULL","1849"
"2013","NULL","0","1","prosent","74.5","sysselsatte_kjonn_land","NULL","NULL","1849"
"2013","NULL","0","2","personer","22","sysselsatte_kjonn_land","NULL","NULL","1849"
"2013","NULL","0","2","prosent","81.5","sysselsatte_kjonn_land","NULL","NULL","1849"
"2013","NULL","0","alle","personer","60","sysselsatte_kjonn_land","NULL","NULL","1849"
"2013","NULL","0","alle","prosent","76.9","sysselsatte_kjonn_land","NULL","NULL","1849"
"2013","NULL","1","1","personer","27","sysselsatte_kjonn_land","NULL","NULL","1849"
"2013","NULL","1","1","prosent","75","sysselsatte_kjonn_land","NULL","NULL","1849"
"2013","NULL","1","2","personer","24","sysselsatte_kjonn_land","NULL","NULL","1849"
"2013","NULL","1","2","prosent","64.9","sysselsatte_kjonn_land","NULL","NULL","1849"
"2013","NULL","1","alle","personer","51","sysselsatte_kjonn_land","NULL","NULL","1849"
"2013","NULL","1","alle","prosent","69.9","sysselsatte_kjonn_land","NULL","NULL","1849"
"2013","NULL","alle","1","personer","65","sysselsatte_kjonn_land","NULL","NULL","1849"
"2013","NULL","alle","1","prosent","74.7","sysselsatte_kjonn_land","NULL","NULL","1849"
"2013","NULL","alle","2","personer","46","sysselsatte_kjonn_land","NULL","NULL","1849"
"2013","NULL","alle","2","prosent","71.9","sysselsatte_kjonn_land","NULL","NULL","1849"
"2013","NULL","alle","alle","personer","111","sysselsatte_kjonn_land","NULL","NULL","1849"
"2013","NULL","alle","alle","prosent","73.5","sysselsatte_kjonn_land","NULL","NULL","1849"
"2013","NULL","0","1","personer","34","sysselsatte_kjonn_land","NULL","NULL","1850"
"2013","NULL","0","1","prosent","82.9","sysselsatte_kjonn_land","NULL","NULL","1850"
"2013","NULL","0","2","personer","4","sysselsatte_kjonn_land","NULL","NULL","1850"
"2013","NULL","0","2","prosent","44.4","sysselsatte_kjonn_land","NULL","NULL","1850"
"2013","NULL","0","alle","personer","38","sysselsatte_kjonn_land","NULL","NULL","1850"
"2013","NULL","0","alle","prosent","76","sysselsatte_kjonn_land","NULL","NULL","1850"
"2013","NULL","1","1","personer","23","sysselsatte_kjonn_land","NULL","NULL","1850"
"2013","NULL","1","1","prosent","82.1","sysselsatte_kjonn_land","NULL","NULL","1850"
"2013","NULL","1","2","personer","11","sysselsatte_kjonn_land","NULL","NULL","1850"
"2013","NULL","1","2","prosent","45.8","sysselsatte_kjonn_land","NULL","NULL","1850"
"2013","NULL","1","alle","personer","34","sysselsatte_kjonn_land","NULL","NULL","1850"
"2013","NULL","1","alle","prosent","65.4","sysselsatte_kjonn_land","NULL","NULL","1850"
"2013","NULL","alle","1","personer","57","sysselsatte_kjonn_land","NULL","NULL","1850"
"2013","NULL","alle","1","prosent","82.6","sysselsatte_kjonn_land","NULL","NULL","1850"
"2013","NULL","alle","2","personer","15","sysselsatte_kjonn_land","NULL","NULL","1850"
"2013","NULL","alle","2","prosent","45.5","sysselsatte_kjonn_land","NULL","NULL","1850"
"2013","NULL","alle","alle","personer","72","sysselsatte_kjonn_land","NULL","NULL","1850"
"2013","NULL","alle","alle","prosent","70.6","sysselsatte_kjonn_land","NULL","NULL","1850"
"2013","NULL","0","1","personer","32","sysselsatte_kjonn_land","NULL","NULL","1851"
"2013","NULL","0","1","prosent","82.1","sysselsatte_kjonn_land","NULL","NULL","1851"
"2013","NULL","0","2","personer","14","sysselsatte_kjonn_land","NULL","NULL","1851"
"2013","NULL","0","2","prosent","20.3","sysselsatte_kjonn_land","NULL","NULL","1851"
"2013","NULL","0","alle","personer","46","sysselsatte_kjonn_land","NULL","NULL","1851"
"2013","NULL","0","alle","prosent","42.6","sysselsatte_kjonn_land","NULL","NULL","1851"
"2013","NULL","1","1","personer","25","sysselsatte_kjonn_land","NULL","NULL","1851"
"2013","NULL","1","1","prosent","71.4","sysselsatte_kjonn_land","NULL","NULL","1851"
"2013","NULL","1","2","personer","33","sysselsatte_kjonn_land","NULL","NULL","1851"
"2013","NULL","1","2","prosent","46.5","sysselsatte_kjonn_land","NULL","NULL","1851"
"2013","NULL","1","alle","personer","58","sysselsatte_kjonn_land","NULL","NULL","1851"
"2013","NULL","1","alle","prosent","54.7","sysselsatte_kjonn_land","NULL","NULL","1851"
"2013","NULL","alle","1","personer","57","sysselsatte_kjonn_land","NULL","NULL","1851"
"2013","NULL","alle","1","prosent","77","sysselsatte_kjonn_land","NULL","NULL","1851"
"2013","NULL","alle","2","personer","47","sysselsatte_kjonn_land","NULL","NULL","1851"
"2013","NULL","alle","2","prosent","33.6","sysselsatte_kjonn_land","NULL","NULL","1851"
"2013","NULL","alle","alle","personer","104","sysselsatte_kjonn_land","NULL","NULL","1851"
"2013","NULL","alle","alle","prosent","48.6","sysselsatte_kjonn_land","NULL","NULL","1851"
"2013","NULL","0","1","personer",":","sysselsatte_kjonn_land","NULL","NULL","1852"
"2013","NULL","0","1","prosent",":","sysselsatte_kjonn_land","NULL","NULL","1852"
"2013","NULL","0","2","personer",":","sysselsatte_kjonn_land","NULL","NULL","1852"
"2013","NULL","0","2","prosent",":","sysselsatte_kjonn_land","NULL","NULL","1852"
"2013","NULL","0","alle","personer","7","sysselsatte_kjonn_land","NULL","NULL","1852"
"2013","NULL","0","alle","prosent","63.6","sysselsatte_kjonn_land","NULL","NULL","1852"
"2013","NULL","1","1","personer","6","sysselsatte_kjonn_land","NULL","NULL","1852"
"2013","NULL","1","1","prosent","66.7","sysselsatte_kjonn_land","NULL","NULL","1852"
"2013","NULL","1","2","personer","13","sysselsatte_kjonn_land","NULL","NULL","1852"
"2013","NULL","1","2","prosent","68.4","sysselsatte_kjonn_land","NULL","NULL","1852"
"2013","NULL","1","alle","personer","19","sysselsatte_kjonn_land","NULL","NULL","1852"
"2013","NULL","1","alle","prosent","67.9","sysselsatte_kjonn_land","NULL","NULL","1852"
"2013","NULL","alle","1","personer","12","sysselsatte_kjonn_land","NULL","NULL","1852"
"2013","NULL","alle","1","prosent","75","sysselsatte_kjonn_land","NULL","NULL","1852"
"2013","NULL","alle","2","personer","14","sysselsatte_kjonn_land","NULL","NULL","1852"
"2013","NULL","alle","2","prosent","60.9","sysselsatte_kjonn_land","NULL","NULL","1852"
"2013","NULL","alle","alle","personer","26","sysselsatte_kjonn_land","NULL","NULL","1852"
"2013","NULL","alle","alle","prosent","66.7","sysselsatte_kjonn_land","NULL","NULL","1852"
"2013","NULL","0","1","personer",":","sysselsatte_kjonn_land","NULL","NULL","1853"
"2013","NULL","0","1","prosent",":","sysselsatte_kjonn_land","NULL","NULL","1853"
"2013","NULL","0","2","personer",":","sysselsatte_kjonn_land","NULL","NULL","1853"
"2013","NULL","0","2","prosent",":","sysselsatte_kjonn_land","NULL","NULL","1853"
"2013","NULL","0","alle","personer","22","sysselsatte_kjonn_land","NULL","NULL","1853"
"2013","NULL","0","alle","prosent","61.1","sysselsatte_kjonn_land","NULL","NULL","1853"
"2013","NULL","1","1","personer","11","sysselsatte_kjonn_land","NULL","NULL","1853"
"2013","NULL","1","1","prosent","61.1","sysselsatte_kjonn_land","NULL","NULL","1853"
"2013","NULL","1","2","personer","7","sysselsatte_kjonn_land","NULL","NULL","1853"
"2013","NULL","1","2","prosent","33.3","sysselsatte_kjonn_land","NULL","NULL","1853"
"2013","NULL","1","alle","personer","18","sysselsatte_kjonn_land","NULL","NULL","1853"
"2013","NULL","1","alle","prosent","46.2","sysselsatte_kjonn_land","NULL","NULL","1853"
"2013","NULL","alle","1","personer","30","sysselsatte_kjonn_land","NULL","NULL","1853"
"2013","NULL","alle","1","prosent","73.2","sysselsatte_kjonn_land","NULL","NULL","1853"
"2013","NULL","alle","2","personer","10","sysselsatte_kjonn_land","NULL","NULL","1853"
"2013","NULL","alle","2","prosent","29.4","sysselsatte_kjonn_land","NULL","NULL","1853"
"2013","NULL","alle","alle","personer","40","sysselsatte_kjonn_land","NULL","NULL","1853"
"2013","NULL","alle","alle","prosent","53.3","sysselsatte_kjonn_land","NULL","NULL","1853"
"2013","NULL","0","1","personer","20","sysselsatte_kjonn_land","NULL","NULL","1854"
"2013","NULL","0","1","prosent","83.3","sysselsatte_kjonn_land","NULL","NULL","1854"
"2013","NULL","0","2","personer","8","sysselsatte_kjonn_land","NULL","NULL","1854"
"2013","NULL","0","2","prosent","44.4","sysselsatte_kjonn_land","NULL","NULL","1854"
"2013","NULL","0","alle","personer","28","sysselsatte_kjonn_land","NULL","NULL","1854"
"2013","NULL","0","alle","prosent","66.7","sysselsatte_kjonn_land","NULL","NULL","1854"
"2013","NULL","1","1","personer","23","sysselsatte_kjonn_land","NULL","NULL","1854"
"2013","NULL","1","1","prosent","71.9","sysselsatte_kjonn_land","NULL","NULL","1854"
"2013","NULL","1","2","personer","20","sysselsatte_kjonn_land","NULL","NULL","1854"
"2013","NULL","1","2","prosent","45.5","sysselsatte_kjonn_land","NULL","NULL","1854"
"2013","NULL","1","alle","personer","43","sysselsatte_kjonn_land","NULL","NULL","1854"
"2013","NULL","1","alle","prosent","56.6","sysselsatte_kjonn_land","NULL","NULL","1854"
"2013","NULL","alle","1","personer","43","sysselsatte_kjonn_land","NULL","NULL","1854"
"2013","NULL","alle","1","prosent","76.8","sysselsatte_kjonn_land","NULL","NULL","1854"
"2013","NULL","alle","2","personer","28","sysselsatte_kjonn_land","NULL","NULL","1854"
"2013","NULL","alle","2","prosent","45.2","sysselsatte_kjonn_land","NULL","NULL","1854"
"2013","NULL","alle","alle","personer","71","sysselsatte_kjonn_land","NULL","NULL","1854"
"2013","NULL","alle","alle","prosent","60.2","sysselsatte_kjonn_land","NULL","NULL","1854"
"2013","NULL","0","1","personer",":","sysselsatte_kjonn_land","NULL","NULL","1856"
"2013","NULL","0","1","prosent",":","sysselsatte_kjonn_land","NULL","NULL","1856"
"2013","NULL","0","2","personer",":","sysselsatte_kjonn_land","NULL","NULL","1856"
"2013","NULL","0","2","prosent",":","sysselsatte_kjonn_land","NULL","NULL","1856"
"2013","NULL","0","alle","personer","9","sysselsatte_kjonn_land","NULL","NULL","1856"
"2013","NULL","0","alle","prosent","69.2","sysselsatte_kjonn_land","NULL","NULL","1856"
"2013","NULL","1","1","personer",":","sysselsatte_kjonn_land","NULL","NULL","1856"
"2013","NULL","1","1","prosent",":","sysselsatte_kjonn_land","NULL","NULL","1856"
"2013","NULL","1","2","personer",":","sysselsatte_kjonn_land","NULL","NULL","1856"
"2013","NULL","1","2","prosent",":","sysselsatte_kjonn_land","NULL","NULL","1856"
"2013","NULL","1","alle","personer","11","sysselsatte_kjonn_land","NULL","NULL","1856"
"2013","NULL","1","alle","prosent","64.7","sysselsatte_kjonn_land","NULL","NULL","1856"
"2013","NULL","alle","1","personer","9","sysselsatte_kjonn_land","NULL","NULL","1856"
"2013","NULL","alle","1","prosent","50","sysselsatte_kjonn_land","NULL","NULL","1856"
"2013","NULL","alle","2","personer","11","sysselsatte_kjonn_land","NULL","NULL","1856"
"2013","NULL","alle","2","prosent","91.7","sysselsatte_kjonn_land","NULL","NULL","1856"
"2013","NULL","alle","alle","personer","20","sysselsatte_kjonn_land","NULL","NULL","1856"
"2013","NULL","alle","alle","prosent","66.7","sysselsatte_kjonn_land","NULL","NULL","1856"
"2013","NULL","0","1","personer","38","sysselsatte_kjonn_land","NULL","NULL","1857"
"2013","NULL","0","1","prosent","88.4","sysselsatte_kjonn_land","NULL","NULL","1857"
"2013","NULL","0","2","personer","4","sysselsatte_kjonn_land","NULL","NULL","1857"
"2013","NULL","0","2","prosent","80","sysselsatte_kjonn_land","NULL","NULL","1857"
"2013","NULL","0","alle","personer","42","sysselsatte_kjonn_land","NULL","NULL","1857"
"2013","NULL","0","alle","prosent","87.5","sysselsatte_kjonn_land","NULL","NULL","1857"
"2013","NULL","1","1","personer","30","sysselsatte_kjonn_land","NULL","NULL","1857"
"2013","NULL","1","1","prosent","78.9","sysselsatte_kjonn_land","NULL","NULL","1857"
"2013","NULL","1","2","personer","7","sysselsatte_kjonn_land","NULL","NULL","1857"
"2013","NULL","1","2","prosent","77.8","sysselsatte_kjonn_land","NULL","NULL","1857"
"2013","NULL","1","alle","personer","37","sysselsatte_kjonn_land","NULL","NULL","1857"
"2013","NULL","1","alle","prosent","78.7","sysselsatte_kjonn_land","NULL","NULL","1857"
"2013","NULL","alle","1","personer","68","sysselsatte_kjonn_land","NULL","NULL","1857"
"2013","NULL","alle","1","prosent","84","sysselsatte_kjonn_land","NULL","NULL","1857"
"2013","NULL","alle","2","personer","11","sysselsatte_kjonn_land","NULL","NULL","1857"
"2013","NULL","alle","2","prosent","78.6","sysselsatte_kjonn_land","NULL","NULL","1857"
"2013","NULL","alle","alle","personer","79","sysselsatte_kjonn_land","NULL","NULL","1857"
"2013","NULL","alle","alle","prosent","83.2","sysselsatte_kjonn_land","NULL","NULL","1857"
"2013","NULL","0","1","personer",":","sysselsatte_kjonn_land","NULL","NULL","1859"
"2013","NULL","0","1","prosent",":","sysselsatte_kjonn_land","NULL","NULL","1859"
"2013","NULL","0","2","personer",":","sysselsatte_kjonn_land","NULL","NULL","1859"
"2013","NULL","0","2","prosent",":","sysselsatte_kjonn_land","NULL","NULL","1859"
"2013","NULL","0","alle","personer","21","sysselsatte_kjonn_land","NULL","NULL","1859"
"2013","NULL","0","alle","prosent","65.6","sysselsatte_kjonn_land","NULL","NULL","1859"
"2013","NULL","1","1","personer","15","sysselsatte_kjonn_land","NULL","NULL","1859"
"2013","NULL","1","1","prosent","68.2","sysselsatte_kjonn_land","NULL","NULL","1859"
"2013","NULL","1","2","personer","8","sysselsatte_kjonn_land","NULL","NULL","1859"
"2013","NULL","1","2","prosent","72.7","sysselsatte_kjonn_land","NULL","NULL","1859"
"2013","NULL","1","alle","personer","23","sysselsatte_kjonn_land","NULL","NULL","1859"
"2013","NULL","1","alle","prosent","69.7","sysselsatte_kjonn_land","NULL","NULL","1859"
"2013","NULL","alle","1","personer","33","sysselsatte_kjonn_land","NULL","NULL","1859"
"2013","NULL","alle","1","prosent","66","sysselsatte_kjonn_land","NULL","NULL","1859"
"2013","NULL","alle","2","personer","11","sysselsatte_kjonn_land","NULL","NULL","1859"
"2013","NULL","alle","2","prosent","73.3","sysselsatte_kjonn_land","NULL","NULL","1859"
"2013","NULL","alle","alle","personer","44","sysselsatte_kjonn_land","NULL","NULL","1859"
"2013","NULL","alle","alle","prosent","67.7","sysselsatte_kjonn_land","NULL","NULL","1859"
"2013","NULL","0","1","personer","92","sysselsatte_kjonn_land","NULL","NULL","1860"
"2013","NULL","0","1","prosent","72.4","sysselsatte_kjonn_land","NULL","NULL","1860"
"2013","NULL","0","2","personer","86","sysselsatte_kjonn_land","NULL","NULL","1860"
"2013","NULL","0","2","prosent","53.8","sysselsatte_kjonn_land","NULL","NULL","1860"
"2013","NULL","0","alle","personer","178","sysselsatte_kjonn_land","NULL","NULL","1860"
"2013","NULL","0","alle","prosent","62","sysselsatte_kjonn_land","NULL","NULL","1860"
"2013","NULL","1","1","personer","109","sysselsatte_kjonn_land","NULL","NULL","1860"
"2013","NULL","1","1","prosent","79","sysselsatte_kjonn_land","NULL","NULL","1860"
"2013","NULL","1","2","personer","89","sysselsatte_kjonn_land","NULL","NULL","1860"
"2013","NULL","1","2","prosent","49.2","sysselsatte_kjonn_land","NULL","NULL","1860"
"2013","NULL","1","alle","personer","198","sysselsatte_kjonn_land","NULL","NULL","1860"
"2013","NULL","1","alle","prosent","62.1","sysselsatte_kjonn_land","NULL","NULL","1860"
"2013","NULL","alle","1","personer","201","sysselsatte_kjonn_land","NULL","NULL","1860"
"2013","NULL","alle","1","prosent","75.8","sysselsatte_kjonn_land","NULL","NULL","1860"
"2013","NULL","alle","2","personer","175","sysselsatte_kjonn_land","NULL","NULL","1860"
"2013","NULL","alle","2","prosent","51.3","sysselsatte_kjonn_land","NULL","NULL","1860"
"2013","NULL","alle","alle","personer","376","sysselsatte_kjonn_land","NULL","NULL","1860"
"2013","NULL","alle","alle","prosent","62","sysselsatte_kjonn_land","NULL","NULL","1860"
"2013","NULL","0","1","personer","198","sysselsatte_kjonn_land","NULL","NULL","1865"
"2013","NULL","0","1","prosent","75","sysselsatte_kjonn_land","NULL","NULL","1865"
"2013","NULL","0","2","personer","75","sysselsatte_kjonn_land","NULL","NULL","1865"
"2013","NULL","0","2","prosent","48.7","sysselsatte_kjonn_land","NULL","NULL","1865"
"2013","NULL","0","alle","personer","273","sysselsatte_kjonn_land","NULL","NULL","1865"
"2013","NULL","0","alle","prosent","65.3","sysselsatte_kjonn_land","NULL","NULL","1865"
"2013","NULL","1","1","personer","135","sysselsatte_kjonn_land","NULL","NULL","1865"
"2013","NULL","1","1","prosent","78.9","sysselsatte_kjonn_land","NULL","NULL","1865"
"2013","NULL","1","2","personer","100","sysselsatte_kjonn_land","NULL","NULL","1865"
"2013","NULL","1","2","prosent","53.8","sysselsatte_kjonn_land","NULL","NULL","1865"
"2013","NULL","1","alle","personer","235","sysselsatte_kjonn_land","NULL","NULL","1865"
"2013","NULL","1","alle","prosent","65.8","sysselsatte_kjonn_land","NULL","NULL","1865"
"2013","NULL","alle","1","personer","333","sysselsatte_kjonn_land","NULL","NULL","1865"
"2013","NULL","alle","1","prosent","76.6","sysselsatte_kjonn_land","NULL","NULL","1865"
"2013","NULL","alle","2","personer","175","sysselsatte_kjonn_land","NULL","NULL","1865"
"2013","NULL","alle","2","prosent","51.5","sysselsatte_kjonn_land","NULL","NULL","1865"
"2013","NULL","alle","alle","personer","508","sysselsatte_kjonn_land","NULL","NULL","1865"
"2013","NULL","alle","alle","prosent","65.5","sysselsatte_kjonn_land","NULL","NULL","1865"
"2013","NULL","0","1","personer","103","sysselsatte_kjonn_land","NULL","NULL","1866"
"2013","NULL","0","1","prosent","83.7","sysselsatte_kjonn_land","NULL","NULL","1866"
"2013","NULL","0","2","personer","87","sysselsatte_kjonn_land","NULL","NULL","1866"
"2013","NULL","0","2","prosent","56.5","sysselsatte_kjonn_land","NULL","NULL","1866"
"2013","NULL","0","alle","personer","190","sysselsatte_kjonn_land","NULL","NULL","1866"
"2013","NULL","0","alle","prosent","68.6","sysselsatte_kjonn_land","NULL","NULL","1866"
"2013","NULL","1","1","personer","58","sysselsatte_kjonn_land","NULL","NULL","1866"
"2013","NULL","1","1","prosent","76.3","sysselsatte_kjonn_land","NULL","NULL","1866"
"2013","NULL","1","2","personer","96","sysselsatte_kjonn_land","NULL","NULL","1866"
"2013","NULL","1","2","prosent","53","sysselsatte_kjonn_land","NULL","NULL","1866"
"2013","NULL","1","alle","personer","154","sysselsatte_kjonn_land","NULL","NULL","1866"
"2013","NULL","1","alle","prosent","59.9","sysselsatte_kjonn_land","NULL","NULL","1866"
"2013","NULL","alle","1","personer","161","sysselsatte_kjonn_land","NULL","NULL","1866"
"2013","NULL","alle","1","prosent","80.9","sysselsatte_kjonn_land","NULL","NULL","1866"
"2013","NULL","alle","2","personer","183","sysselsatte_kjonn_land","NULL","NULL","1866"
"2013","NULL","alle","2","prosent","54.6","sysselsatte_kjonn_land","NULL","NULL","1866"
"2013","NULL","alle","alle","personer","344","sysselsatte_kjonn_land","NULL","NULL","1866"
"2013","NULL","alle","alle","prosent","64.4","sysselsatte_kjonn_land","NULL","NULL","1866"
"2013","NULL","0","1","personer","28","sysselsatte_kjonn_land","NULL","NULL","1867"
"2013","NULL","0","1","prosent","70","sysselsatte_kjonn_land","NULL","NULL","1867"
"2013","NULL","0","2","personer","7","sysselsatte_kjonn_land","NULL","NULL","1867"
"2013","NULL","0","2","prosent","41.2","sysselsatte_kjonn_land","NULL","NULL","1867"
"2013","NULL","0","alle","personer","35","sysselsatte_kjonn_land","NULL","NULL","1867"
"2013","NULL","0","alle","prosent","61.4","sysselsatte_kjonn_land","NULL","NULL","1867"
"2013","NULL","1","1","personer","19","sysselsatte_kjonn_land","NULL","NULL","1867"
"2013","NULL","1","1","prosent","65.5","sysselsatte_kjonn_land","NULL","NULL","1867"
"2013","NULL","1","2","personer","18","sysselsatte_kjonn_land","NULL","NULL","1867"
"2013","NULL","1","2","prosent","43.9","sysselsatte_kjonn_land","NULL","NULL","1867"
"2013","NULL","1","alle","personer","37","sysselsatte_kjonn_land","NULL","NULL","1867"
"2013","NULL","1","alle","prosent","52.9","sysselsatte_kjonn_land","NULL","NULL","1867"
"2013","NULL","alle","1","personer","47","sysselsatte_kjonn_land","NULL","NULL","1867"
"2013","NULL","alle","1","prosent","68.1","sysselsatte_kjonn_land","NULL","NULL","1867"
"2013","NULL","alle","2","personer","25","sysselsatte_kjonn_land","NULL","NULL","1867"
"2013","NULL","alle","2","prosent","43.1","sysselsatte_kjonn_land","NULL","NULL","1867"
"2013","NULL","alle","alle","personer","72","sysselsatte_kjonn_land","NULL","NULL","1867"
"2013","NULL","alle","alle","prosent","56.7","sysselsatte_kjonn_land","NULL","NULL","1867"
"2013","NULL","0","1","personer","95","sysselsatte_kjonn_land","NULL","NULL","1868"
"2013","NULL","0","1","prosent","73.1","sysselsatte_kjonn_land","NULL","NULL","1868"
"2013","NULL","0","2","personer","20","sysselsatte_kjonn_land","NULL","NULL","1868"
"2013","NULL","0","2","prosent","62.5","sysselsatte_kjonn_land","NULL","NULL","1868"
"2013","NULL","0","alle","personer","115","sysselsatte_kjonn_land","NULL","NULL","1868"
"2013","NULL","0","alle","prosent","71","sysselsatte_kjonn_land","NULL","NULL","1868"
"2013","NULL","1","1","personer","80","sysselsatte_kjonn_land","NULL","NULL","1868"
"2013","NULL","1","1","prosent","61.1","sysselsatte_kjonn_land","NULL","NULL","1868"
"2013","NULL","1","2","personer","31","sysselsatte_kjonn_land","NULL","NULL","1868"
"2013","NULL","1","2","prosent","52.5","sysselsatte_kjonn_land","NULL","NULL","1868"
"2013","NULL","1","alle","personer","111","sysselsatte_kjonn_land","NULL","NULL","1868"
"2013","NULL","1","alle","prosent","58.4","sysselsatte_kjonn_land","NULL","NULL","1868"
"2013","NULL","alle","1","personer","175","sysselsatte_kjonn_land","NULL","NULL","1868"
"2013","NULL","alle","1","prosent","67","sysselsatte_kjonn_land","NULL","NULL","1868"
"2013","NULL","alle","2","personer","51","sysselsatte_kjonn_land","NULL","NULL","1868"
"2013","NULL","alle","2","prosent","56","sysselsatte_kjonn_land","NULL","NULL","1868"
"2013","NULL","alle","alle","personer","226","sysselsatte_kjonn_land","NULL","NULL","1868"
"2013","NULL","alle","alle","prosent","64.2","sysselsatte_kjonn_land","NULL","NULL","1868"
"2013","NULL","0","1","personer","101","sysselsatte_kjonn_land","NULL","NULL","1870"
"2013","NULL","0","1","prosent","86.3","sysselsatte_kjonn_land","NULL","NULL","1870"
"2013","NULL","0","2","personer","75","sysselsatte_kjonn_land","NULL","NULL","1870"
"2013","NULL","0","2","prosent","61","sysselsatte_kjonn_land","NULL","NULL","1870"
"2013","NULL","0","alle","personer","176","sysselsatte_kjonn_land","NULL","NULL","1870"
"2013","NULL","0","alle","prosent","73.3","sysselsatte_kjonn_land","NULL","NULL","1870"
"2013","NULL","1","1","personer","62","sysselsatte_kjonn_land","NULL","NULL","1870"
"2013","NULL","1","1","prosent","72.1","sysselsatte_kjonn_land","NULL","NULL","1870"
"2013","NULL","1","2","personer","93","sysselsatte_kjonn_land","NULL","NULL","1870"
"2013","NULL","1","2","prosent","54.4","sysselsatte_kjonn_land","NULL","NULL","1870"
"2013","NULL","1","alle","personer","155","sysselsatte_kjonn_land","NULL","NULL","1870"
"2013","NULL","1","alle","prosent","60.3","sysselsatte_kjonn_land","NULL","NULL","1870"
"2013","NULL","alle","1","personer","163","sysselsatte_kjonn_land","NULL","NULL","1870"
"2013","NULL","alle","1","prosent","80.3","sysselsatte_kjonn_land","NULL","NULL","1870"
"2013","NULL","alle","2","personer","168","sysselsatte_kjonn_land","NULL","NULL","1870"
"2013","NULL","alle","2","prosent","57.1","sysselsatte_kjonn_land","NULL","NULL","1870"
"2013","NULL","alle","alle","personer","331","sysselsatte_kjonn_land","NULL","NULL","1870"
"2013","NULL","alle","alle","prosent","66.6","sysselsatte_kjonn_land","NULL","NULL","1870"
"2013","NULL","0","1","personer","61","sysselsatte_kjonn_land","NULL","NULL","1871"
"2013","NULL","0","1","prosent","70.9","sysselsatte_kjonn_land","NULL","NULL","1871"
"2013","NULL","0","2","personer","19","sysselsatte_kjonn_land","NULL","NULL","1871"
"2013","NULL","0","2","prosent","37.3","sysselsatte_kjonn_land","NULL","NULL","1871"
"2013","NULL","0","alle","personer","80","sysselsatte_kjonn_land","NULL","NULL","1871"
"2013","NULL","0","alle","prosent","58.4","sysselsatte_kjonn_land","NULL","NULL","1871"
"2013","NULL","1","1","personer","50","sysselsatte_kjonn_land","NULL","NULL","1871"
"2013","NULL","1","1","prosent","72.5","sysselsatte_kjonn_land","NULL","NULL","1871"
"2013","NULL","1","2","personer","46","sysselsatte_kjonn_land","NULL","NULL","1871"
"2013","NULL","1","2","prosent","56.8","sysselsatte_kjonn_land","NULL","NULL","1871"
"2013","NULL","1","alle","personer","96","sysselsatte_kjonn_land","NULL","NULL","1871"
"2013","NULL","1","alle","prosent","64","sysselsatte_kjonn_land","NULL","NULL","1871"
"2013","NULL","alle","1","personer","111","sysselsatte_kjonn_land","NULL","NULL","1871"
"2013","NULL","alle","1","prosent","71.6","sysselsatte_kjonn_land","NULL","NULL","1871"
"2013","NULL","alle","2","personer","65","sysselsatte_kjonn_land","NULL","NULL","1871"
"2013","NULL","alle","2","prosent","49.2","sysselsatte_kjonn_land","NULL","NULL","1871"
"2013","NULL","alle","alle","personer","176","sysselsatte_kjonn_land","NULL","NULL","1871"
"2013","NULL","alle","alle","prosent","61.3","sysselsatte_kjonn_land","NULL","NULL","1871"
"2013","NULL","0","1","personer","72","sysselsatte_kjonn_land","NULL","NULL","1874"
"2013","NULL","0","1","prosent","86.7","sysselsatte_kjonn_land","NULL","NULL","1874"
"2013","NULL","0","2","personer","0","sysselsatte_kjonn_land","NULL","NULL","1874"
"2013","NULL","0","2","prosent","0","sysselsatte_kjonn_land","NULL","NULL","1874"
"2013","NULL","0","alle","personer","72","sysselsatte_kjonn_land","NULL","NULL","1874"
"2013","NULL","0","alle","prosent","85.7","sysselsatte_kjonn_land","NULL","NULL","1874"
"2013","NULL","1","1","personer","31","sysselsatte_kjonn_land","NULL","NULL","1874"
"2013","NULL","1","1","prosent","70.5","sysselsatte_kjonn_land","NULL","NULL","1874"
"2013","NULL","1","2","personer","5","sysselsatte_kjonn_land","NULL","NULL","1874"
"2013","NULL","1","2","prosent","62.5","sysselsatte_kjonn_land","NULL","NULL","1874"
"2013","NULL","1","alle","personer","36","sysselsatte_kjonn_land","NULL","NULL","1874"
"2013","NULL","1","alle","prosent","69.2","sysselsatte_kjonn_land","NULL","NULL","1874"
"2013","NULL","alle","1","personer","103","sysselsatte_kjonn_land","NULL","NULL","1874"
"2013","NULL","alle","1","prosent","81.1","sysselsatte_kjonn_land","NULL","NULL","1874"
"2013","NULL","alle","2","personer","5","sysselsatte_kjonn_land","NULL","NULL","1874"
"2013","NULL","alle","2","prosent","55.6","sysselsatte_kjonn_land","NULL","NULL","1874"
"2013","NULL","alle","alle","personer","108","sysselsatte_kjonn_land","NULL","NULL","1874"
"2013","NULL","alle","alle","prosent","79.4","sysselsatte_kjonn_land","NULL","NULL","1874"
"2013","NULL","0","1","personer","1549","sysselsatte_kjonn_land","NULL","NULL","1902"
"2013","NULL","0","1","prosent","78","sysselsatte_kjonn_land","NULL","NULL","1902"
"2013","NULL","0","2","personer","906","sysselsatte_kjonn_land","NULL","NULL","1902"
"2013","NULL","0","2","prosent","65.5","sysselsatte_kjonn_land","NULL","NULL","1902"
"2013","NULL","0","alle","personer","2455","sysselsatte_kjonn_land","NULL","NULL","1902"
"2013","NULL","0","alle","prosent","72.9","sysselsatte_kjonn_land","NULL","NULL","1902"
"2013","NULL","1","1","personer","1164","sysselsatte_kjonn_land","NULL","NULL","1902"
"2013","NULL","1","1","prosent","74.5","sysselsatte_kjonn_land","NULL","NULL","1902"
"2013","NULL","1","2","personer","952","sysselsatte_kjonn_land","NULL","NULL","1902"
"2013","NULL","1","2","prosent","62.6","sysselsatte_kjonn_land","NULL","NULL","1902"
"2013","NULL","1","alle","personer","2116","sysselsatte_kjonn_land","NULL","NULL","1902"
"2013","NULL","1","alle","prosent","68.7","sysselsatte_kjonn_land","NULL","NULL","1902"
"2013","NULL","alle","1","personer","2713","sysselsatte_kjonn_land","NULL","NULL","1902"
"2013","NULL","alle","1","prosent","76.5","sysselsatte_kjonn_land","NULL","NULL","1902"
"2013","NULL","alle","2","personer","1858","sysselsatte_kjonn_land","NULL","NULL","1902"
"2013","NULL","alle","2","prosent","64","sysselsatte_kjonn_land","NULL","NULL","1902"
"2013","NULL","alle","alle","personer","4571","sysselsatte_kjonn_land","NULL","NULL","1902"
"2013","NULL","alle","alle","prosent","70.9","sysselsatte_kjonn_land","NULL","NULL","1902"
"2013","NULL","0","1","personer","272","sysselsatte_kjonn_land","NULL","NULL","1903"
"2013","NULL","0","1","prosent","79.3","sysselsatte_kjonn_land","NULL","NULL","1903"
"2013","NULL","0","2","personer","241","sysselsatte_kjonn_land","NULL","NULL","1903"
"2013","NULL","0","2","prosent","58.6","sysselsatte_kjonn_land","NULL","NULL","1903"
"2013","NULL","0","alle","personer","513","sysselsatte_kjonn_land","NULL","NULL","1903"
"2013","NULL","0","alle","prosent","68","sysselsatte_kjonn_land","NULL","NULL","1903"
"2013","NULL","1","1","personer","174","sysselsatte_kjonn_land","NULL","NULL","1903"
"2013","NULL","1","1","prosent","73.7","sysselsatte_kjonn_land","NULL","NULL","1903"
"2013","NULL","1","2","personer","263","sysselsatte_kjonn_land","NULL","NULL","1903"
"2013","NULL","1","2","prosent","51.4","sysselsatte_kjonn_land","NULL","NULL","1903"
"2013","NULL","1","alle","personer","437","sysselsatte_kjonn_land","NULL","NULL","1903"
"2013","NULL","1","alle","prosent","58.4","sysselsatte_kjonn_land","NULL","NULL","1903"
"2013","NULL","alle","1","personer","446","sysselsatte_kjonn_land","NULL","NULL","1903"
"2013","NULL","alle","1","prosent","77","sysselsatte_kjonn_land","NULL","NULL","1903"
"2013","NULL","alle","2","personer","504","sysselsatte_kjonn_land","NULL","NULL","1903"
"2013","NULL","alle","2","prosent","54.6","sysselsatte_kjonn_land","NULL","NULL","1903"
"2013","NULL","alle","alle","personer","950","sysselsatte_kjonn_land","NULL","NULL","1903"
"2013","NULL","alle","alle","prosent","63.2","sysselsatte_kjonn_land","NULL","NULL","1903"
"2013","NULL","0","1","personer","27","sysselsatte_kjonn_land","NULL","NULL","1911"
"2013","NULL","0","1","prosent","79.4","sysselsatte_kjonn_land","NULL","NULL","1911"
"2013","NULL","0","2","personer","29","sysselsatte_kjonn_land","NULL","NULL","1911"
"2013","NULL","0","2","prosent","37.2","sysselsatte_kjonn_land","NULL","NULL","1911"
"2013","NULL","0","alle","personer","56","sysselsatte_kjonn_land","NULL","NULL","1911"
"2013","NULL","0","alle","prosent","50","sysselsatte_kjonn_land","NULL","NULL","1911"
"2013","NULL","1","1","personer","20","sysselsatte_kjonn_land","NULL","NULL","1911"
"2013","NULL","1","1","prosent","66.7","sysselsatte_kjonn_land","NULL","NULL","1911"
"2013","NULL","1","2","personer","30","sysselsatte_kjonn_land","NULL","NULL","1911"
"2013","NULL","1","2","prosent","41.1","sysselsatte_kjonn_land","NULL","NULL","1911"
"2013","NULL","1","alle","personer","50","sysselsatte_kjonn_land","NULL","NULL","1911"
"2013","NULL","1","alle","prosent","48.5","sysselsatte_kjonn_land","NULL","NULL","1911"
"2013","NULL","alle","1","personer","47","sysselsatte_kjonn_land","NULL","NULL","1911"
"2013","NULL","alle","1","prosent","73.4","sysselsatte_kjonn_land","NULL","NULL","1911"
"2013","NULL","alle","2","personer","59","sysselsatte_kjonn_land","NULL","NULL","1911"
"2013","NULL","alle","2","prosent","39.1","sysselsatte_kjonn_land","NULL","NULL","1911"
"2013","NULL","alle","alle","personer","106","sysselsatte_kjonn_land","NULL","NULL","1911"
"2013","NULL","alle","alle","prosent","49.3","sysselsatte_kjonn_land","NULL","NULL","1911"
"2013","NULL","0","1","personer","49","sysselsatte_kjonn_land","NULL","NULL","1913"
"2013","NULL","0","1","prosent","71","sysselsatte_kjonn_land","NULL","NULL","1913"
"2013","NULL","0","2","personer","11","sysselsatte_kjonn_land","NULL","NULL","1913"
"2013","NULL","0","2","prosent","42.3","sysselsatte_kjonn_land","NULL","NULL","1913"
"2013","NULL","0","alle","personer","60","sysselsatte_kjonn_land","NULL","NULL","1913"
"2013","NULL","0","alle","prosent","63.2","sysselsatte_kjonn_land","NULL","NULL","1913"
"2013","NULL","1","1","personer","19","sysselsatte_kjonn_land","NULL","NULL","1913"
"2013","NULL","1","1","prosent","67.9","sysselsatte_kjonn_land","NULL","NULL","1913"
"2013","NULL","1","2","personer","24","sysselsatte_kjonn_land","NULL","NULL","1913"
"2013","NULL","1","2","prosent","57.1","sysselsatte_kjonn_land","NULL","NULL","1913"
"2013","NULL","1","alle","personer","43","sysselsatte_kjonn_land","NULL","NULL","1913"
"2013","NULL","1","alle","prosent","61.4","sysselsatte_kjonn_land","NULL","NULL","1913"
"2013","NULL","alle","1","personer","68","sysselsatte_kjonn_land","NULL","NULL","1913"
"2013","NULL","alle","1","prosent","70.1","sysselsatte_kjonn_land","NULL","NULL","1913"
"2013","NULL","alle","2","personer","35","sysselsatte_kjonn_land","NULL","NULL","1913"
"2013","NULL","alle","2","prosent","51.5","sysselsatte_kjonn_land","NULL","NULL","1913"
"2013","NULL","alle","alle","personer","103","sysselsatte_kjonn_land","NULL","NULL","1913"
"2013","NULL","alle","alle","prosent","62.4","sysselsatte_kjonn_land","NULL","NULL","1913"
"2013","NULL","0","1","personer","25","sysselsatte_kjonn_land","NULL","NULL","1917"
"2013","NULL","0","1","prosent","89.3","sysselsatte_kjonn_land","NULL","NULL","1917"
"2013","NULL","0","2","personer","10","sysselsatte_kjonn_land","NULL","NULL","1917"
"2013","NULL","0","2","prosent","66.7","sysselsatte_kjonn_land","NULL","NULL","1917"
"2013","NULL","0","alle","personer","35","sysselsatte_kjonn_land","NULL","NULL","1917"
"2013","NULL","0","alle","prosent","81.4","sysselsatte_kjonn_land","NULL","NULL","1917"
"2013","NULL","1","1","personer","19","sysselsatte_kjonn_land","NULL","NULL","1917"
"2013","NULL","1","1","prosent","82.6","sysselsatte_kjonn_land","NULL","NULL","1917"
"2013","NULL","1","2","personer","6","sysselsatte_kjonn_land","NULL","NULL","1917"
"2013","NULL","1","2","prosent","60","sysselsatte_kjonn_land","NULL","NULL","1917"
"2013","NULL","1","alle","personer","25","sysselsatte_kjonn_land","NULL","NULL","1917"
"2013","NULL","1","alle","prosent","75.8","sysselsatte_kjonn_land","NULL","NULL","1917"
"2013","NULL","alle","1","personer","44","sysselsatte_kjonn_land","NULL","NULL","1917"
"2013","NULL","alle","1","prosent","86.3","sysselsatte_kjonn_land","NULL","NULL","1917"
"2013","NULL","alle","2","personer","16","sysselsatte_kjonn_land","NULL","NULL","1917"
"2013","NULL","alle","2","prosent","64","sysselsatte_kjonn_land","NULL","NULL","1917"
"2013","NULL","alle","alle","personer","60","sysselsatte_kjonn_land","NULL","NULL","1917"
"2013","NULL","alle","alle","prosent","78.9","sysselsatte_kjonn_land","NULL","NULL","1917"
"2013","NULL","0","1","personer","42","sysselsatte_kjonn_land","NULL","NULL","1919"
"2013","NULL","0","1","prosent","85.7","sysselsatte_kjonn_land","NULL","NULL","1919"
"2013","NULL","0","2","personer","4","sysselsatte_kjonn_land","NULL","NULL","1919"
"2013","NULL","0","2","prosent","44.4","sysselsatte_kjonn_land","NULL","NULL","1919"
"2013","NULL","0","alle","personer","46","sysselsatte_kjonn_land","NULL","NULL","1919"
"2013","NULL","0","alle","prosent","79.3","sysselsatte_kjonn_land","NULL","NULL","1919"
"2013","NULL","1","1","personer","33","sysselsatte_kjonn_land","NULL","NULL","1919"
"2013","NULL","1","1","prosent","94.3","sysselsatte_kjonn_land","NULL","NULL","1919"
"2013","NULL","1","2","personer","7","sysselsatte_kjonn_land","NULL","NULL","1919"
"2013","NULL","1","2","prosent","53.8","sysselsatte_kjonn_land","NULL","NULL","1919"
"2013","NULL","1","alle","personer","40","sysselsatte_kjonn_land","NULL","NULL","1919"
"2013","NULL","1","alle","prosent","83.3","sysselsatte_kjonn_land","NULL","NULL","1919"
"2013","NULL","alle","1","personer","75","sysselsatte_kjonn_land","NULL","NULL","1919"
"2013","NULL","alle","1","prosent","89.3","sysselsatte_kjonn_land","NULL","NULL","1919"
"2013","NULL","alle","2","personer","11","sysselsatte_kjonn_land","NULL","NULL","1919"
"2013","NULL","alle","2","prosent","50","sysselsatte_kjonn_land","NULL","NULL","1919"
"2013","NULL","alle","alle","personer","86","sysselsatte_kjonn_land","NULL","NULL","1919"
"2013","NULL","alle","alle","prosent","81.1","sysselsatte_kjonn_land","NULL","NULL","1919"
"2013","NULL","0","1","personer",":","sysselsatte_kjonn_land","NULL","NULL","1920"
"2013","NULL","0","1","prosent",":","sysselsatte_kjonn_land","NULL","NULL","1920"
"2013","NULL","0","2","personer",":","sysselsatte_kjonn_land","NULL","NULL","1920"
"2013","NULL","0","2","prosent",":","sysselsatte_kjonn_land","NULL","NULL","1920"
"2013","NULL","0","alle","personer","7","sysselsatte_kjonn_land","NULL","NULL","1920"
"2013","NULL","0","alle","prosent","70","sysselsatte_kjonn_land","NULL","NULL","1920"
"2013","NULL","1","1","personer","5","sysselsatte_kjonn_land","NULL","NULL","1920"
"2013","NULL","1","1","prosent","55.6","sysselsatte_kjonn_land","NULL","NULL","1920"
"2013","NULL","1","2","personer","7","sysselsatte_kjonn_land","NULL","NULL","1920"
"2013","NULL","1","2","prosent","100","sysselsatte_kjonn_land","NULL","NULL","1920"
"2013","NULL","1","alle","personer","12","sysselsatte_kjonn_land","NULL","NULL","1920"
"2013","NULL","1","alle","prosent","75","sysselsatte_kjonn_land","NULL","NULL","1920"
"2013","NULL","alle","1","personer","11","sysselsatte_kjonn_land","NULL","NULL","1920"
"2013","NULL","alle","1","prosent","64.7","sysselsatte_kjonn_land","NULL","NULL","1920"
"2013","NULL","alle","2","personer","8","sysselsatte_kjonn_land","NULL","NULL","1920"
"2013","NULL","alle","2","prosent","88.9","sysselsatte_kjonn_land","NULL","NULL","1920"
"2013","NULL","alle","alle","personer","19","sysselsatte_kjonn_land","NULL","NULL","1920"
"2013","NULL","alle","alle","prosent","73.1","sysselsatte_kjonn_land","NULL","NULL","1920"
"2013","NULL","0","1","personer","24","sysselsatte_kjonn_land","NULL","NULL","1922"
"2013","NULL","0","1","prosent","61.5","sysselsatte_kjonn_land","NULL","NULL","1922"
"2013","NULL","0","2","personer","30","sysselsatte_kjonn_land","NULL","NULL","1922"
"2013","NULL","0","2","prosent","53.6","sysselsatte_kjonn_land","NULL","NULL","1922"
"2013","NULL","0","alle","personer","54","sysselsatte_kjonn_land","NULL","NULL","1922"
"2013","NULL","0","alle","prosent","56.8","sysselsatte_kjonn_land","NULL","NULL","1922"
"2013","NULL","1","1","personer","30","sysselsatte_kjonn_land","NULL","NULL","1922"
"2013","NULL","1","1","prosent","76.9","sysselsatte_kjonn_land","NULL","NULL","1922"
"2013","NULL","1","2","personer","33","sysselsatte_kjonn_land","NULL","NULL","1922"
"2013","NULL","1","2","prosent","46.5","sysselsatte_kjonn_land","NULL","NULL","1922"
"2013","NULL","1","alle","personer","63","sysselsatte_kjonn_land","NULL","NULL","1922"
"2013","NULL","1","alle","prosent","57.3","sysselsatte_kjonn_land","NULL","NULL","1922"
"2013","NULL","alle","1","personer","54","sysselsatte_kjonn_land","NULL","NULL","1922"
"2013","NULL","alle","1","prosent","69.2","sysselsatte_kjonn_land","NULL","NULL","1922"
"2013","NULL","alle","2","personer","63","sysselsatte_kjonn_land","NULL","NULL","1922"
"2013","NULL","alle","2","prosent","49.6","sysselsatte_kjonn_land","NULL","NULL","1922"
"2013","NULL","alle","alle","personer","117","sysselsatte_kjonn_land","NULL","NULL","1922"
"2013","NULL","alle","alle","prosent","57.1","sysselsatte_kjonn_land","NULL","NULL","1922"
"2013","NULL","0","1","personer","18","sysselsatte_kjonn_land","NULL","NULL","1923"
"2013","NULL","0","1","prosent","90","sysselsatte_kjonn_land","NULL","NULL","1923"
"2013","NULL","0","2","personer","20","sysselsatte_kjonn_land","NULL","NULL","1923"
"2013","NULL","0","2","prosent","57.1","sysselsatte_kjonn_land","NULL","NULL","1923"
"2013","NULL","0","alle","personer","38","sysselsatte_kjonn_land","NULL","NULL","1923"
"2013","NULL","0","alle","prosent","69.1","sysselsatte_kjonn_land","NULL","NULL","1923"
"2013","NULL","1","1","personer","14","sysselsatte_kjonn_land","NULL","NULL","1923"
"2013","NULL","1","1","prosent","73.7","sysselsatte_kjonn_land","NULL","NULL","1923"
"2013","NULL","1","2","personer","20","sysselsatte_kjonn_land","NULL","NULL","1923"
"2013","NULL","1","2","prosent","35.7","sysselsatte_kjonn_land","NULL","NULL","1923"
"2013","NULL","1","alle","personer","34","sysselsatte_kjonn_land","NULL","NULL","1923"
"2013","NULL","1","alle","prosent","45.3","sysselsatte_kjonn_land","NULL","NULL","1923"
"2013","NULL","alle","1","personer","32","sysselsatte_kjonn_land","NULL","NULL","1923"
"2013","NULL","alle","1","prosent","82.1","sysselsatte_kjonn_land","NULL","NULL","1923"
"2013","NULL","alle","2","personer","40","sysselsatte_kjonn_land","NULL","NULL","1923"
"2013","NULL","alle","2","prosent","44","sysselsatte_kjonn_land","NULL","NULL","1923"
"2013","NULL","alle","alle","personer","72","sysselsatte_kjonn_land","NULL","NULL","1923"
"2013","NULL","alle","alle","prosent","55.4","sysselsatte_kjonn_land","NULL","NULL","1923"
"2013","NULL","0","1","personer","86","sysselsatte_kjonn_land","NULL","NULL","1924"
"2013","NULL","0","1","prosent","86","sysselsatte_kjonn_land","NULL","NULL","1924"
"2013","NULL","0","2","personer","16","sysselsatte_kjonn_land","NULL","NULL","1924"
"2013","NULL","0","2","prosent","41","sysselsatte_kjonn_land","NULL","NULL","1924"
"2013","NULL","0","alle","personer","102","sysselsatte_kjonn_land","NULL","NULL","1924"
"2013","NULL","0","alle","prosent","73.4","sysselsatte_kjonn_land","NULL","NULL","1924"
"2013","NULL","1","1","personer","47","sysselsatte_kjonn_land","NULL","NULL","1924"
"2013","NULL","1","1","prosent","81","sysselsatte_kjonn_land","NULL","NULL","1924"
"2013","NULL","1","2","personer","39","sysselsatte_kjonn_land","NULL","NULL","1924"
"2013","NULL","1","2","prosent","41.5","sysselsatte_kjonn_land","NULL","NULL","1924"
"2013","NULL","1","alle","personer","86","sysselsatte_kjonn_land","NULL","NULL","1924"
"2013","NULL","1","alle","prosent","56.6","sysselsatte_kjonn_land","NULL","NULL","1924"
"2013","NULL","alle","1","personer","133","sysselsatte_kjonn_land","NULL","NULL","1924"
"2013","NULL","alle","1","prosent","84.2","sysselsatte_kjonn_land","NULL","NULL","1924"
"2013","NULL","alle","2","personer","55","sysselsatte_kjonn_land","NULL","NULL","1924"
"2013","NULL","alle","2","prosent","41.4","sysselsatte_kjonn_land","NULL","NULL","1924"
"2013","NULL","alle","alle","personer","188","sysselsatte_kjonn_land","NULL","NULL","1924"
"2013","NULL","alle","alle","prosent","64.6","sysselsatte_kjonn_land","NULL","NULL","1924"
"2013","NULL","0","1","personer","49","sysselsatte_kjonn_land","NULL","NULL","1925"
"2013","NULL","0","1","prosent","77.8","sysselsatte_kjonn_land","NULL","NULL","1925"
"2013","NULL","0","2","personer","8","sysselsatte_kjonn_land","NULL","NULL","1925"
"2013","NULL","0","2","prosent","50","sysselsatte_kjonn_land","NULL","NULL","1925"
"2013","NULL","0","alle","personer","57","sysselsatte_kjonn_land","NULL","NULL","1925"
"2013","NULL","0","alle","prosent","72.2","sysselsatte_kjonn_land","NULL","NULL","1925"
"2013","NULL","1","1","personer","37","sysselsatte_kjonn_land","NULL","NULL","1925"
"2013","NULL","1","1","prosent","80.4","sysselsatte_kjonn_land","NULL","NULL","1925"
"2013","NULL","1","2","personer","33","sysselsatte_kjonn_land","NULL","NULL","1925"
"2013","NULL","1","2","prosent","71.7","sysselsatte_kjonn_land","NULL","NULL","1925"
"2013","NULL","1","alle","personer","70","sysselsatte_kjonn_land","NULL","NULL","1925"
"2013","NULL","1","alle","prosent","76.1","sysselsatte_kjonn_land","NULL","NULL","1925"
"2013","NULL","alle","1","personer","86","sysselsatte_kjonn_land","NULL","NULL","1925"
"2013","NULL","alle","1","prosent","78.9","sysselsatte_kjonn_land","NULL","NULL","1925"
"2013","NULL","alle","2","personer","41","sysselsatte_kjonn_land","NULL","NULL","1925"
"2013","NULL","alle","2","prosent","66.1","sysselsatte_kjonn_land","NULL","NULL","1925"
"2013","NULL","alle","alle","personer","127","sysselsatte_kjonn_land","NULL","NULL","1925"
"2013","NULL","alle","alle","prosent","74.3","sysselsatte_kjonn_land","NULL","NULL","1925"
"2013","NULL","0","1","personer",":","sysselsatte_kjonn_land","NULL","NULL","1926"
"2013","NULL","0","1","prosent",":","sysselsatte_kjonn_land","NULL","NULL","1926"
"2013","NULL","0","2","personer",":","sysselsatte_kjonn_land","NULL","NULL","1926"
"2013","NULL","0","2","prosent",":","sysselsatte_kjonn_land","NULL","NULL","1926"
"2013","NULL","0","alle","personer","5","sysselsatte_kjonn_land","NULL","NULL","1926"
"2013","NULL","0","alle","prosent","55.6","sysselsatte_kjonn_land","NULL","NULL","1926"
"2013","NULL","1","1","personer","9","sysselsatte_kjonn_land","NULL","NULL","1926"
"2013","NULL","1","1","prosent","69.2","sysselsatte_kjonn_land","NULL","NULL","1926"
"2013","NULL","1","2","personer","10","sysselsatte_kjonn_land","NULL","NULL","1926"
"2013","NULL","1","2","prosent","71.4","sysselsatte_kjonn_land","NULL","NULL","1926"
"2013","NULL","1","alle","personer","19","sysselsatte_kjonn_land","NULL","NULL","1926"
"2013","NULL","1","alle","prosent","70.4","sysselsatte_kjonn_land","NULL","NULL","1926"
"2013","NULL","alle","1","personer","13","sysselsatte_kjonn_land","NULL","NULL","1926"
"2013","NULL","alle","1","prosent","65","sysselsatte_kjonn_land","NULL","NULL","1926"
"2013","NULL","alle","2","personer","11","sysselsatte_kjonn_land","NULL","NULL","1926"
"2013","NULL","alle","2","prosent","68.8","sysselsatte_kjonn_land","NULL","NULL","1926"
"2013","NULL","alle","alle","personer","24","sysselsatte_kjonn_land","NULL","NULL","1926"
"2013","NULL","alle","alle","prosent","66.7","sysselsatte_kjonn_land","NULL","NULL","1926"
"2013","NULL","0","1","personer","11","sysselsatte_kjonn_land","NULL","NULL","1927"
"2013","NULL","0","1","prosent","68.8","sysselsatte_kjonn_land","NULL","NULL","1927"
"2013","NULL","0","2","personer","7","sysselsatte_kjonn_land","NULL","NULL","1927"
"2013","NULL","0","2","prosent","77.8","sysselsatte_kjonn_land","NULL","NULL","1927"
"2013","NULL","0","alle","personer","18","sysselsatte_kjonn_land","NULL","NULL","1927"
"2013","NULL","0","alle","prosent","72","sysselsatte_kjonn_land","NULL","NULL","1927"
"2013","NULL","1","1","personer","13","sysselsatte_kjonn_land","NULL","NULL","1927"
"2013","NULL","1","1","prosent","81.3","sysselsatte_kjonn_land","NULL","NULL","1927"
"2013","NULL","1","2","personer","18","sysselsatte_kjonn_land","NULL","NULL","1927"
"2013","NULL","1","2","prosent","52.9","sysselsatte_kjonn_land","NULL","NULL","1927"
"2013","NULL","1","alle","personer","31","sysselsatte_kjonn_land","NULL","NULL","1927"
"2013","NULL","1","alle","prosent","62","sysselsatte_kjonn_land","NULL","NULL","1927"
"2013","NULL","alle","1","personer","24","sysselsatte_kjonn_land","NULL","NULL","1927"
"2013","NULL","alle","1","prosent","75","sysselsatte_kjonn_land","NULL","NULL","1927"
"2013","NULL","alle","2","personer","25","sysselsatte_kjonn_land","NULL","NULL","1927"
"2013","NULL","alle","2","prosent","58.1","sysselsatte_kjonn_land","NULL","NULL","1927"
"2013","NULL","alle","alle","personer","49","sysselsatte_kjonn_land","NULL","NULL","1927"
"2013","NULL","alle","alle","prosent","65.3","sysselsatte_kjonn_land","NULL","NULL","1927"
"2013","NULL","0","1","personer",":","sysselsatte_kjonn_land","NULL","NULL","1928"
"2013","NULL","0","1","prosent",":","sysselsatte_kjonn_land","NULL","NULL","1928"
"2013","NULL","0","2","personer",":","sysselsatte_kjonn_land","NULL","NULL","1928"
"2013","NULL","0","2","prosent",":","sysselsatte_kjonn_land","NULL","NULL","1928"
"2013","NULL","0","alle","personer","25","sysselsatte_kjonn_land","NULL","NULL","1928"
"2013","NULL","0","alle","prosent","89.3","sysselsatte_kjonn_land","NULL","NULL","1928"
"2013","NULL","1","1","personer","21","sysselsatte_kjonn_land","NULL","NULL","1928"
"2013","NULL","1","1","prosent","70","sysselsatte_kjonn_land","NULL","NULL","1928"
"2013","NULL","1","2","personer","6","sysselsatte_kjonn_land","NULL","NULL","1928"
"2013","NULL","1","2","prosent","75","sysselsatte_kjonn_land","NULL","NULL","1928"
"2013","NULL","1","alle","personer","27","sysselsatte_kjonn_land","NULL","NULL","1928"
"2013","NULL","1","alle","prosent","71.1","sysselsatte_kjonn_land","NULL","NULL","1928"
"2013","NULL","alle","1","personer","45","sysselsatte_kjonn_land","NULL","NULL","1928"
"2013","NULL","alle","1","prosent","78.9","sysselsatte_kjonn_land","NULL","NULL","1928"
"2013","NULL","alle","2","personer","7","sysselsatte_kjonn_land","NULL","NULL","1928"
"2013","NULL","alle","2","prosent","77.8","sysselsatte_kjonn_land","NULL","NULL","1928"
"2013","NULL","alle","alle","personer","52","sysselsatte_kjonn_land","NULL","NULL","1928"
"2013","NULL","alle","alle","prosent","78.8","sysselsatte_kjonn_land","NULL","NULL","1928"
"2013","NULL","0","1","personer","24","sysselsatte_kjonn_land","NULL","NULL","1929"
"2013","NULL","0","1","prosent","80","sysselsatte_kjonn_land","NULL","NULL","1929"
"2013","NULL","0","2","personer","13","sysselsatte_kjonn_land","NULL","NULL","1929"
"2013","NULL","0","2","prosent","68.4","sysselsatte_kjonn_land","NULL","NULL","1929"
"2013","NULL","0","alle","personer","37","sysselsatte_kjonn_land","NULL","NULL","1929"
"2013","NULL","0","alle","prosent","75.5","sysselsatte_kjonn_land","NULL","NULL","1929"
"2013","NULL","1","1","personer","24","sysselsatte_kjonn_land","NULL","NULL","1929"
"2013","NULL","1","1","prosent","82.8","sysselsatte_kjonn_land","NULL","NULL","1929"
"2013","NULL","1","2","personer","9","sysselsatte_kjonn_land","NULL","NULL","1929"
"2013","NULL","1","2","prosent","50","sysselsatte_kjonn_land","NULL","NULL","1929"
"2013","NULL","1","alle","personer","33","sysselsatte_kjonn_land","NULL","NULL","1929"
"2013","NULL","1","alle","prosent","70.2","sysselsatte_kjonn_land","NULL","NULL","1929"
"2013","NULL","alle","1","personer","48","sysselsatte_kjonn_land","NULL","NULL","1929"
"2013","NULL","alle","1","prosent","81.4","sysselsatte_kjonn_land","NULL","NULL","1929"
"2013","NULL","alle","2","personer","22","sysselsatte_kjonn_land","NULL","NULL","1929"
"2013","NULL","alle","2","prosent","59.5","sysselsatte_kjonn_land","NULL","NULL","1929"
"2013","NULL","alle","alle","personer","70","sysselsatte_kjonn_land","NULL","NULL","1929"
"2013","NULL","alle","alle","prosent","72.9","sysselsatte_kjonn_land","NULL","NULL","1929"
"2013","NULL","0","1","personer","118","sysselsatte_kjonn_land","NULL","NULL","1931"
"2013","NULL","0","1","prosent","75.6","sysselsatte_kjonn_land","NULL","NULL","1931"
"2013","NULL","0","2","personer","81","sysselsatte_kjonn_land","NULL","NULL","1931"
"2013","NULL","0","2","prosent","59.1","sysselsatte_kjonn_land","NULL","NULL","1931"
"2013","NULL","0","alle","personer","199","sysselsatte_kjonn_land","NULL","NULL","1931"
"2013","NULL","0","alle","prosent","67.9","sysselsatte_kjonn_land","NULL","NULL","1931"
"2013","NULL","1","1","personer","97","sysselsatte_kjonn_land","NULL","NULL","1931"
"2013","NULL","1","1","prosent","77","sysselsatte_kjonn_land","NULL","NULL","1931"
"2013","NULL","1","2","personer","101","sysselsatte_kjonn_land","NULL","NULL","1931"
"2013","NULL","1","2","prosent","56.7","sysselsatte_kjonn_land","NULL","NULL","1931"
"2013","NULL","1","alle","personer","198","sysselsatte_kjonn_land","NULL","NULL","1931"
"2013","NULL","1","alle","prosent","65.1","sysselsatte_kjonn_land","NULL","NULL","1931"
"2013","NULL","alle","1","personer","215","sysselsatte_kjonn_land","NULL","NULL","1931"
"2013","NULL","alle","1","prosent","76.2","sysselsatte_kjonn_land","NULL","NULL","1931"
"2013","NULL","alle","2","personer","182","sysselsatte_kjonn_land","NULL","NULL","1931"
"2013","NULL","alle","2","prosent","57.8","sysselsatte_kjonn_land","NULL","NULL","1931"
"2013","NULL","alle","alle","personer","397","sysselsatte_kjonn_land","NULL","NULL","1931"
"2013","NULL","alle","alle","prosent","66.5","sysselsatte_kjonn_land","NULL","NULL","1931"
"2013","NULL","0","1","personer","70","sysselsatte_kjonn_land","NULL","NULL","1933"
"2013","NULL","0","1","prosent","70.7","sysselsatte_kjonn_land","NULL","NULL","1933"
"2013","NULL","0","2","personer","9","sysselsatte_kjonn_land","NULL","NULL","1933"
"2013","NULL","0","2","prosent","90","sysselsatte_kjonn_land","NULL","NULL","1933"
"2013","NULL","0","alle","personer","79","sysselsatte_kjonn_land","NULL","NULL","1933"
"2013","NULL","0","alle","prosent","72.5","sysselsatte_kjonn_land","NULL","NULL","1933"
"2013","NULL","1","1","personer","50","sysselsatte_kjonn_land","NULL","NULL","1933"
"2013","NULL","1","1","prosent","69.4","sysselsatte_kjonn_land","NULL","NULL","1933"
"2013","NULL","1","2","personer","41","sysselsatte_kjonn_land","NULL","NULL","1933"
"2013","NULL","1","2","prosent","73.2","sysselsatte_kjonn_land","NULL","NULL","1933"
"2013","NULL","1","alle","personer","91","sysselsatte_kjonn_land","NULL","NULL","1933"
"2013","NULL","1","alle","prosent","71.1","sysselsatte_kjonn_land","NULL","NULL","1933"
"2013","NULL","alle","1","personer","120","sysselsatte_kjonn_land","NULL","NULL","1933"
"2013","NULL","alle","1","prosent","70.2","sysselsatte_kjonn_land","NULL","NULL","1933"
"2013","NULL","alle","2","personer","50","sysselsatte_kjonn_land","NULL","NULL","1933"
"2013","NULL","alle","2","prosent","75.8","sysselsatte_kjonn_land","NULL","NULL","1933"
"2013","NULL","alle","alle","personer","170","sysselsatte_kjonn_land","NULL","NULL","1933"
"2013","NULL","alle","alle","prosent","71.7","sysselsatte_kjonn_land","NULL","NULL","1933"
"2013","NULL","0","1","personer","52","sysselsatte_kjonn_land","NULL","NULL","1936"
"2013","NULL","0","1","prosent","72.2","sysselsatte_kjonn_land","NULL","NULL","1936"
"2013","NULL","0","2","personer","8","sysselsatte_kjonn_land","NULL","NULL","1936"
"2013","NULL","0","2","prosent","66.7","sysselsatte_kjonn_land","NULL","NULL","1936"
"2013","NULL","0","alle","personer","60","sysselsatte_kjonn_land","NULL","NULL","1936"
"2013","NULL","0","alle","prosent","71.4","sysselsatte_kjonn_land","NULL","NULL","1936"
"2013","NULL","1","1","personer","44","sysselsatte_kjonn_land","NULL","NULL","1936"
"2013","NULL","1","1","prosent","75.9","sysselsatte_kjonn_land","NULL","NULL","1936"
"2013","NULL","1","2","personer","26","sysselsatte_kjonn_land","NULL","NULL","1936"
"2013","NULL","1","2","prosent","74.3","sysselsatte_kjonn_land","NULL","NULL","1936"
"2013","NULL","1","alle","personer","70","sysselsatte_kjonn_land","NULL","NULL","1936"
"2013","NULL","1","alle","prosent","75.3","sysselsatte_kjonn_land","NULL","NULL","1936"
"2013","NULL","alle","1","personer","96","sysselsatte_kjonn_land","NULL","NULL","1936"
"2013","NULL","alle","1","prosent","73.8","sysselsatte_kjonn_land","NULL","NULL","1936"
"2013","NULL","alle","2","personer","34","sysselsatte_kjonn_land","NULL","NULL","1936"
"2013","NULL","alle","2","prosent","72.3","sysselsatte_kjonn_land","NULL","NULL","1936"
"2013","NULL","alle","alle","personer","130","sysselsatte_kjonn_land","NULL","NULL","1936"
"2013","NULL","alle","alle","prosent","73.4","sysselsatte_kjonn_land","NULL","NULL","1936"
"2013","NULL","0","1","personer","37","sysselsatte_kjonn_land","NULL","NULL","1938"
"2013","NULL","0","1","prosent","75.5","sysselsatte_kjonn_land","NULL","NULL","1938"
"2013","NULL","0","2","personer","8","sysselsatte_kjonn_land","NULL","NULL","1938"
"2013","NULL","0","2","prosent","80","sysselsatte_kjonn_land","NULL","NULL","1938"
"2013","NULL","0","alle","personer","45","sysselsatte_kjonn_land","NULL","NULL","1938"
"2013","NULL","0","alle","prosent","76.3","sysselsatte_kjonn_land","NULL","NULL","1938"
"2013","NULL","1","1","personer","22","sysselsatte_kjonn_land","NULL","NULL","1938"
"2013","NULL","1","1","prosent","88","sysselsatte_kjonn_land","NULL","NULL","1938"
"2013","NULL","1","2","personer","15","sysselsatte_kjonn_land","NULL","NULL","1938"
"2013","NULL","1","2","prosent","62.5","sysselsatte_kjonn_land","NULL","NULL","1938"
"2013","NULL","1","alle","personer","37","sysselsatte_kjonn_land","NULL","NULL","1938"
"2013","NULL","1","alle","prosent","75.5","sysselsatte_kjonn_land","NULL","NULL","1938"
"2013","NULL","alle","1","personer","59","sysselsatte_kjonn_land","NULL","NULL","1938"
"2013","NULL","alle","1","prosent","79.7","sysselsatte_kjonn_land","NULL","NULL","1938"
"2013","NULL","alle","2","personer","23","sysselsatte_kjonn_land","NULL","NULL","1938"
"2013","NULL","alle","2","prosent","67.6","sysselsatte_kjonn_land","NULL","NULL","1938"
"2013","NULL","alle","alle","personer","82","sysselsatte_kjonn_land","NULL","NULL","1938"
"2013","NULL","alle","alle","prosent","75.9","sysselsatte_kjonn_land","NULL","NULL","1938"
"2013","NULL","0","1","personer",":","sysselsatte_kjonn_land","NULL","NULL","1939"
"2013","NULL","0","1","prosent",":","sysselsatte_kjonn_land","NULL","NULL","1939"
"2013","NULL","0","2","personer",":","sysselsatte_kjonn_land","NULL","NULL","1939"
"2013","NULL","0","2","prosent",":","sysselsatte_kjonn_land","NULL","NULL","1939"
"2013","NULL","0","alle","personer","16","sysselsatte_kjonn_land","NULL","NULL","1939"
"2013","NULL","0","alle","prosent","32","sysselsatte_kjonn_land","NULL","NULL","1939"
"2013","NULL","1","1","personer","27","sysselsatte_kjonn_land","NULL","NULL","1939"
"2013","NULL","1","1","prosent","69.2","sysselsatte_kjonn_land","NULL","NULL","1939"
"2013","NULL","1","2","personer","12","sysselsatte_kjonn_land","NULL","NULL","1939"
"2013","NULL","1","2","prosent","42.9","sysselsatte_kjonn_land","NULL","NULL","1939"
"2013","NULL","1","alle","personer","39","sysselsatte_kjonn_land","NULL","NULL","1939"
"2013","NULL","1","alle","prosent","58.2","sysselsatte_kjonn_land","NULL","NULL","1939"
"2013","NULL","alle","1","personer","40","sysselsatte_kjonn_land","NULL","NULL","1939"
"2013","NULL","alle","1","prosent","67.8","sysselsatte_kjonn_land","NULL","NULL","1939"
"2013","NULL","alle","2","personer","15","sysselsatte_kjonn_land","NULL","NULL","1939"
"2013","NULL","alle","2","prosent","25.9","sysselsatte_kjonn_land","NULL","NULL","1939"
"2013","NULL","alle","alle","personer","55","sysselsatte_kjonn_land","NULL","NULL","1939"
"2013","NULL","alle","alle","prosent","47","sysselsatte_kjonn_land","NULL","NULL","1939"
"2013","NULL","0","1","personer",":","sysselsatte_kjonn_land","NULL","NULL","1940"
"2013","NULL","0","1","prosent",":","sysselsatte_kjonn_land","NULL","NULL","1940"
"2013","NULL","0","2","personer",":","sysselsatte_kjonn_land","NULL","NULL","1940"
"2013","NULL","0","2","prosent",":","sysselsatte_kjonn_land","NULL","NULL","1940"
"2013","NULL","0","alle","personer","23","sysselsatte_kjonn_land","NULL","NULL","1940"
"2013","NULL","0","alle","prosent","46.9","sysselsatte_kjonn_land","NULL","NULL","1940"
"2013","NULL","1","1","personer","20","sysselsatte_kjonn_land","NULL","NULL","1940"
"2013","NULL","1","1","prosent","83.3","sysselsatte_kjonn_land","NULL","NULL","1940"
"2013","NULL","1","2","personer","12","sysselsatte_kjonn_land","NULL","NULL","1940"
"2013","NULL","1","2","prosent","38.7","sysselsatte_kjonn_land","NULL","NULL","1940"
"2013","NULL","1","alle","personer","32","sysselsatte_kjonn_land","NULL","NULL","1940"
"2013","NULL","1","alle","prosent","58.2","sysselsatte_kjonn_land","NULL","NULL","1940"
"2013","NULL","alle","1","personer","41","sysselsatte_kjonn_land","NULL","NULL","1940"
"2013","NULL","alle","1","prosent","80.4","sysselsatte_kjonn_land","NULL","NULL","1940"
"2013","NULL","alle","2","personer","14","sysselsatte_kjonn_land","NULL","NULL","1940"
"2013","NULL","alle","2","prosent","26.4","sysselsatte_kjonn_land","NULL","NULL","1940"
"2013","NULL","alle","alle","personer","55","sysselsatte_kjonn_land","NULL","NULL","1940"
"2013","NULL","alle","alle","prosent","52.9","sysselsatte_kjonn_land","NULL","NULL","1940"
"2013","NULL","0","1","personer","57","sysselsatte_kjonn_land","NULL","NULL","1941"
"2013","NULL","0","1","prosent","80.3","sysselsatte_kjonn_land","NULL","NULL","1941"
"2013","NULL","0","2","personer","21","sysselsatte_kjonn_land","NULL","NULL","1941"
"2013","NULL","0","2","prosent","75","sysselsatte_kjonn_land","NULL","NULL","1941"
"2013","NULL","0","alle","personer","78","sysselsatte_kjonn_land","NULL","NULL","1941"
"2013","NULL","0","alle","prosent","78.8","sysselsatte_kjonn_land","NULL","NULL","1941"
"2013","NULL","1","1","personer","47","sysselsatte_kjonn_land","NULL","NULL","1941"
"2013","NULL","1","1","prosent","82.5","sysselsatte_kjonn_land","NULL","NULL","1941"
"2013","NULL","1","2","personer","17","sysselsatte_kjonn_land","NULL","NULL","1941"
"2013","NULL","1","2","prosent","60.7","sysselsatte_kjonn_land","NULL","NULL","1941"
"2013","NULL","1","alle","personer","64","sysselsatte_kjonn_land","NULL","NULL","1941"
"2013","NULL","1","alle","prosent","75.3","sysselsatte_kjonn_land","NULL","NULL","1941"
"2013","NULL","alle","1","personer","104","sysselsatte_kjonn_land","NULL","NULL","1941"
"2013","NULL","alle","1","prosent","81.3","sysselsatte_kjonn_land","NULL","NULL","1941"
"2013","NULL","alle","2","personer","38","sysselsatte_kjonn_land","NULL","NULL","1941"
"2013","NULL","alle","2","prosent","67.9","sysselsatte_kjonn_land","NULL","NULL","1941"
"2013","NULL","alle","alle","personer","142","sysselsatte_kjonn_land","NULL","NULL","1941"
"2013","NULL","alle","alle","prosent","77.2","sysselsatte_kjonn_land","NULL","NULL","1941"
"2013","NULL","0","1","personer","33","sysselsatte_kjonn_land","NULL","NULL","1942"
"2013","NULL","0","1","prosent","68.8","sysselsatte_kjonn_land","NULL","NULL","1942"
"2013","NULL","0","2","personer","14","sysselsatte_kjonn_land","NULL","NULL","1942"
"2013","NULL","0","2","prosent","42.4","sysselsatte_kjonn_land","NULL","NULL","1942"
"2013","NULL","0","alle","personer","47","sysselsatte_kjonn_land","NULL","NULL","1942"
"2013","NULL","0","alle","prosent","58","sysselsatte_kjonn_land","NULL","NULL","1942"
"2013","NULL","1","1","personer","30","sysselsatte_kjonn_land","NULL","NULL","1942"
"2013","NULL","1","1","prosent","83.3","sysselsatte_kjonn_land","NULL","NULL","1942"
"2013","NULL","1","2","personer","30","sysselsatte_kjonn_land","NULL","NULL","1942"
"2013","NULL","1","2","prosent","50","sysselsatte_kjonn_land","NULL","NULL","1942"
"2013","NULL","1","alle","personer","60","sysselsatte_kjonn_land","NULL","NULL","1942"
"2013","NULL","1","alle","prosent","62.5","sysselsatte_kjonn_land","NULL","NULL","1942"
"2013","NULL","alle","1","personer","63","sysselsatte_kjonn_land","NULL","NULL","1942"
"2013","NULL","alle","1","prosent","75","sysselsatte_kjonn_land","NULL","NULL","1942"
"2013","NULL","alle","2","personer","44","sysselsatte_kjonn_land","NULL","NULL","1942"
"2013","NULL","alle","2","prosent","47.3","sysselsatte_kjonn_land","NULL","NULL","1942"
"2013","NULL","alle","alle","personer","107","sysselsatte_kjonn_land","NULL","NULL","1942"
"2013","NULL","alle","alle","prosent","60.5","sysselsatte_kjonn_land","NULL","NULL","1942"
"2013","NULL","0","1","personer",":","sysselsatte_kjonn_land","NULL","NULL","1943"
"2013","NULL","0","1","prosent",":","sysselsatte_kjonn_land","NULL","NULL","1943"
"2013","NULL","0","2","personer",":","sysselsatte_kjonn_land","NULL","NULL","1943"
"2013","NULL","0","2","prosent",":","sysselsatte_kjonn_land","NULL","NULL","1943"
"2013","NULL","0","alle","personer","13","sysselsatte_kjonn_land","NULL","NULL","1943"
"2013","NULL","0","alle","prosent","81.3","sysselsatte_kjonn_land","NULL","NULL","1943"
"2013","NULL","1","1","personer","12","sysselsatte_kjonn_land","NULL","NULL","1943"
"2013","NULL","1","1","prosent","75","sysselsatte_kjonn_land","NULL","NULL","1943"
"2013","NULL","1","2","personer","6","sysselsatte_kjonn_land","NULL","NULL","1943"
"2013","NULL","1","2","prosent","66.7","sysselsatte_kjonn_land","NULL","NULL","1943"
"2013","NULL","1","alle","personer","18","sysselsatte_kjonn_land","NULL","NULL","1943"
"2013","NULL","1","alle","prosent","72","sysselsatte_kjonn_land","NULL","NULL","1943"
"2013","NULL","alle","1","personer","24","sysselsatte_kjonn_land","NULL","NULL","1943"
"2013","NULL","alle","1","prosent","80","sysselsatte_kjonn_land","NULL","NULL","1943"
"2013","NULL","alle","2","personer","7","sysselsatte_kjonn_land","NULL","NULL","1943"
"2013","NULL","alle","2","prosent","63.6","sysselsatte_kjonn_land","NULL","NULL","1943"
"2013","NULL","alle","alle","personer","31","sysselsatte_kjonn_land","NULL","NULL","1943"
"2013","NULL","alle","alle","prosent","75.6","sysselsatte_kjonn_land","NULL","NULL","1943"
"2013","NULL","0","1","personer","68","sysselsatte_kjonn_land","NULL","NULL","2002"
"2013","NULL","0","1","prosent","74.7","sysselsatte_kjonn_land","NULL","NULL","2002"
"2013","NULL","0","2","personer","18","sysselsatte_kjonn_land","NULL","NULL","2002"
"2013","NULL","0","2","prosent","69.2","sysselsatte_kjonn_land","NULL","NULL","2002"
"2013","NULL","0","alle","personer","86","sysselsatte_kjonn_land","NULL","NULL","2002"
"2013","NULL","0","alle","prosent","73.5","sysselsatte_kjonn_land","NULL","NULL","2002"
"2013","NULL","1","1","personer","38","sysselsatte_kjonn_land","NULL","NULL","2002"
"2013","NULL","1","1","prosent","62.3","sysselsatte_kjonn_land","NULL","NULL","2002"
"2013","NULL","1","2","personer","21","sysselsatte_kjonn_land","NULL","NULL","2002"
"2013","NULL","1","2","prosent","63.6","sysselsatte_kjonn_land","NULL","NULL","2002"
"2013","NULL","1","alle","personer","59","sysselsatte_kjonn_land","NULL","NULL","2002"
"2013","NULL","1","alle","prosent","62.8","sysselsatte_kjonn_land","NULL","NULL","2002"
"2013","NULL","alle","1","personer","106","sysselsatte_kjonn_land","NULL","NULL","2002"
"2013","NULL","alle","1","prosent","69.7","sysselsatte_kjonn_land","NULL","NULL","2002"
"2013","NULL","alle","2","personer","39","sysselsatte_kjonn_land","NULL","NULL","2002"
"2013","NULL","alle","2","prosent","66.1","sysselsatte_kjonn_land","NULL","NULL","2002"
"2013","NULL","alle","alle","personer","145","sysselsatte_kjonn_land","NULL","NULL","2002"
"2013","NULL","alle","alle","prosent","68.7","sysselsatte_kjonn_land","NULL","NULL","2002"
"2013","NULL","0","1","personer","67","sysselsatte_kjonn_land","NULL","NULL","2003"
"2013","NULL","0","1","prosent","76.1","sysselsatte_kjonn_land","NULL","NULL","2003"
"2013","NULL","0","2","personer","106","sysselsatte_kjonn_land","NULL","NULL","2003"
"2013","NULL","0","2","prosent","36.8","sysselsatte_kjonn_land","NULL","NULL","2003"
"2013","NULL","0","alle","personer","173","sysselsatte_kjonn_land","NULL","NULL","2003"
"2013","NULL","0","alle","prosent","46","sysselsatte_kjonn_land","NULL","NULL","2003"
"2013","NULL","1","1","personer","65","sysselsatte_kjonn_land","NULL","NULL","2003"
"2013","NULL","1","1","prosent","81.3","sysselsatte_kjonn_land","NULL","NULL","2003"
"2013","NULL","1","2","personer","117","sysselsatte_kjonn_land","NULL","NULL","2003"
"2013","NULL","1","2","prosent","48.8","sysselsatte_kjonn_land","NULL","NULL","2003"
"2013","NULL","1","alle","personer","182","sysselsatte_kjonn_land","NULL","NULL","2003"
"2013","NULL","1","alle","prosent","56.9","sysselsatte_kjonn_land","NULL","NULL","2003"
"2013","NULL","alle","1","personer","132","sysselsatte_kjonn_land","NULL","NULL","2003"
"2013","NULL","alle","1","prosent","78.6","sysselsatte_kjonn_land","NULL","NULL","2003"
"2013","NULL","alle","2","personer","223","sysselsatte_kjonn_land","NULL","NULL","2003"
"2013","NULL","alle","2","prosent","42.2","sysselsatte_kjonn_land","NULL","NULL","2003"
"2013","NULL","alle","alle","personer","355","sysselsatte_kjonn_land","NULL","NULL","2003"
"2013","NULL","alle","alle","prosent","51","sysselsatte_kjonn_land","NULL","NULL","2003"
"2013","NULL","0","1","personer","321","sysselsatte_kjonn_land","NULL","NULL","2004"
"2013","NULL","0","1","prosent","79.1","sysselsatte_kjonn_land","NULL","NULL","2004"
"2013","NULL","0","2","personer","233","sysselsatte_kjonn_land","NULL","NULL","2004"
"2013","NULL","0","2","prosent","82","sysselsatte_kjonn_land","NULL","NULL","2004"
"2013","NULL","0","alle","personer","554","sysselsatte_kjonn_land","NULL","NULL","2004"
"2013","NULL","0","alle","prosent","80.3","sysselsatte_kjonn_land","NULL","NULL","2004"
"2013","NULL","1","1","personer","197","sysselsatte_kjonn_land","NULL","NULL","2004"
"2013","NULL","1","1","prosent","77.9","sysselsatte_kjonn_land","NULL","NULL","2004"
"2013","NULL","1","2","personer","206","sysselsatte_kjonn_land","NULL","NULL","2004"
"2013","NULL","1","2","prosent","69.4","sysselsatte_kjonn_land","NULL","NULL","2004"
"2013","NULL","1","alle","personer","403","sysselsatte_kjonn_land","NULL","NULL","2004"
"2013","NULL","1","alle","prosent","73.3","sysselsatte_kjonn_land","NULL","NULL","2004"
"2013","NULL","alle","1","personer","518","sysselsatte_kjonn_land","NULL","NULL","2004"
"2013","NULL","alle","1","prosent","78.6","sysselsatte_kjonn_land","NULL","NULL","2004"
"2013","NULL","alle","2","personer","439","sysselsatte_kjonn_land","NULL","NULL","2004"
"2013","NULL","alle","2","prosent","75.6","sysselsatte_kjonn_land","NULL","NULL","2004"
"2013","NULL","alle","alle","personer","957","sysselsatte_kjonn_land","NULL","NULL","2004"
"2013","NULL","alle","alle","prosent","77.2","sysselsatte_kjonn_land","NULL","NULL","2004"
"2013","NULL","0","1","personer","32","sysselsatte_kjonn_land","NULL","NULL","2011"
"2013","NULL","0","1","prosent","71.1","sysselsatte_kjonn_land","NULL","NULL","2011"
"2013","NULL","0","2","personer","6","sysselsatte_kjonn_land","NULL","NULL","2011"
"2013","NULL","0","2","prosent","85.7","sysselsatte_kjonn_land","NULL","NULL","2011"
"2013","NULL","0","alle","personer","38","sysselsatte_kjonn_land","NULL","NULL","2011"
"2013","NULL","0","alle","prosent","73.1","sysselsatte_kjonn_land","NULL","NULL","2011"
"2013","NULL","1","1","personer","44","sysselsatte_kjonn_land","NULL","NULL","2011"
"2013","NULL","1","1","prosent","72.1","sysselsatte_kjonn_land","NULL","NULL","2011"
"2013","NULL","1","2","personer","9","sysselsatte_kjonn_land","NULL","NULL","2011"
"2013","NULL","1","2","prosent","42.9","sysselsatte_kjonn_land","NULL","NULL","2011"
"2013","NULL","1","alle","personer","53","sysselsatte_kjonn_land","NULL","NULL","2011"
"2013","NULL","1","alle","prosent","64.6","sysselsatte_kjonn_land","NULL","NULL","2011"
"2013","NULL","alle","1","personer","76","sysselsatte_kjonn_land","NULL","NULL","2011"
"2013","NULL","alle","1","prosent","71.7","sysselsatte_kjonn_land","NULL","NULL","2011"
"2013","NULL","alle","2","personer","15","sysselsatte_kjonn_land","NULL","NULL","2011"
"2013","NULL","alle","2","prosent","53.6","sysselsatte_kjonn_land","NULL","NULL","2011"
"2013","NULL","alle","alle","personer","91","sysselsatte_kjonn_land","NULL","NULL","2011"
"2013","NULL","alle","alle","prosent","67.9","sysselsatte_kjonn_land","NULL","NULL","2011"
"2013","NULL","0","1","personer","322","sysselsatte_kjonn_land","NULL","NULL","2012"
"2013","NULL","0","1","prosent","78.3","sysselsatte_kjonn_land","NULL","NULL","2012"
"2013","NULL","0","2","personer","160","sysselsatte_kjonn_land","NULL","NULL","2012"
"2013","NULL","0","2","prosent","62","sysselsatte_kjonn_land","NULL","NULL","2012"
"2013","NULL","0","alle","personer","482","sysselsatte_kjonn_land","NULL","NULL","2012"
"2013","NULL","0","alle","prosent","72","sysselsatte_kjonn_land","NULL","NULL","2012"
"2013","NULL","1","1","personer","193","sysselsatte_kjonn_land","NULL","NULL","2012"
"2013","NULL","1","1","prosent","81.1","sysselsatte_kjonn_land","NULL","NULL","2012"
"2013","NULL","1","2","personer","246","sysselsatte_kjonn_land","NULL","NULL","2012"
"2013","NULL","1","2","prosent","60","sysselsatte_kjonn_land","NULL","NULL","2012"
"2013","NULL","1","alle","personer","439","sysselsatte_kjonn_land","NULL","NULL","2012"
"2013","NULL","1","alle","prosent","67.7","sysselsatte_kjonn_land","NULL","NULL","2012"
"2013","NULL","alle","1","personer","515","sysselsatte_kjonn_land","NULL","NULL","2012"
"2013","NULL","alle","1","prosent","79.4","sysselsatte_kjonn_land","NULL","NULL","2012"
"2013","NULL","alle","2","personer","406","sysselsatte_kjonn_land","NULL","NULL","2012"
"2013","NULL","alle","2","prosent","60.8","sysselsatte_kjonn_land","NULL","NULL","2012"
"2013","NULL","alle","alle","personer","921","sysselsatte_kjonn_land","NULL","NULL","2012"
"2013","NULL","alle","alle","prosent","69.9","sysselsatte_kjonn_land","NULL","NULL","2012"
"2013","NULL","0","1","personer","28","sysselsatte_kjonn_land","NULL","NULL","2014"
"2013","NULL","0","1","prosent","63.6","sysselsatte_kjonn_land","NULL","NULL","2014"
"2013","NULL","0","2","personer","6","sysselsatte_kjonn_land","NULL","NULL","2014"
"2013","NULL","0","2","prosent","100","sysselsatte_kjonn_land","NULL","NULL","2014"
"2013","NULL","0","alle","personer","34","sysselsatte_kjonn_land","NULL","NULL","2014"
"2013","NULL","0","alle","prosent","68","sysselsatte_kjonn_land","NULL","NULL","2014"
"2013","NULL","1","1","personer","11","sysselsatte_kjonn_land","NULL","NULL","2014"
"2013","NULL","1","1","prosent","68.8","sysselsatte_kjonn_land","NULL","NULL","2014"
"2013","NULL","1","2","personer","12","sysselsatte_kjonn_land","NULL","NULL","2014"
"2013","NULL","1","2","prosent","70.6","sysselsatte_kjonn_land","NULL","NULL","2014"
"2013","NULL","1","alle","personer","23","sysselsatte_kjonn_land","NULL","NULL","2014"
"2013","NULL","1","alle","prosent","69.7","sysselsatte_kjonn_land","NULL","NULL","2014"
"2013","NULL","alle","1","personer","39","sysselsatte_kjonn_land","NULL","NULL","2014"
"2013","NULL","alle","1","prosent","65","sysselsatte_kjonn_land","NULL","NULL","2014"
"2013","NULL","alle","2","personer","18","sysselsatte_kjonn_land","NULL","NULL","2014"
"2013","NULL","alle","2","prosent","78.3","sysselsatte_kjonn_land","NULL","NULL","2014"
"2013","NULL","alle","alle","personer","57","sysselsatte_kjonn_land","NULL","NULL","2014"
"2013","NULL","alle","alle","prosent","68.7","sysselsatte_kjonn_land","NULL","NULL","2014"
"2013","NULL","0","1","personer","68","sysselsatte_kjonn_land","NULL","NULL","2015"
"2013","NULL","0","1","prosent","79.1","sysselsatte_kjonn_land","NULL","NULL","2015"
"2013","NULL","0","2","personer","6","sysselsatte_kjonn_land","NULL","NULL","2015"
"2013","NULL","0","2","prosent","85.7","sysselsatte_kjonn_land","NULL","NULL","2015"
"2013","NULL","0","alle","personer","74","sysselsatte_kjonn_land","NULL","NULL","2015"
"2013","NULL","0","alle","prosent","79.6","sysselsatte_kjonn_land","NULL","NULL","2015"
"2013","NULL","1","1","personer","40","sysselsatte_kjonn_land","NULL","NULL","2015"
"2013","NULL","1","1","prosent","83.3","sysselsatte_kjonn_land","NULL","NULL","2015"
"2013","NULL","1","2","personer","11","sysselsatte_kjonn_land","NULL","NULL","2015"
"2013","NULL","1","2","prosent","64.7","sysselsatte_kjonn_land","NULL","NULL","2015"
"2013","NULL","1","alle","personer","51","sysselsatte_kjonn_land","NULL","NULL","2015"
"2013","NULL","1","alle","prosent","78.5","sysselsatte_kjonn_land","NULL","NULL","2015"
"2013","NULL","alle","1","personer","108","sysselsatte_kjonn_land","NULL","NULL","2015"
"2013","NULL","alle","1","prosent","80.6","sysselsatte_kjonn_land","NULL","NULL","2015"
"2013","NULL","alle","2","personer","17","sysselsatte_kjonn_land","NULL","NULL","2015"
"2013","NULL","alle","2","prosent","70.8","sysselsatte_kjonn_land","NULL","NULL","2015"
"2013","NULL","alle","alle","personer","125","sysselsatte_kjonn_land","NULL","NULL","2015"
"2013","NULL","alle","alle","prosent","79.1","sysselsatte_kjonn_land","NULL","NULL","2015"
"2013","NULL","0","1","personer","13","sysselsatte_kjonn_land","NULL","NULL","2017"
"2013","NULL","0","1","prosent","76.5","sysselsatte_kjonn_land","NULL","NULL","2017"
"2013","NULL","0","2","personer","0","sysselsatte_kjonn_land","NULL","NULL","2017"
"2013","NULL","0","2","prosent","0","sysselsatte_kjonn_land","NULL","NULL","2017"
"2013","NULL","0","alle","personer","13","sysselsatte_kjonn_land","NULL","NULL","2017"
"2013","NULL","0","alle","prosent","72.2","sysselsatte_kjonn_land","NULL","NULL","2017"
"2013","NULL","1","1","personer","17","sysselsatte_kjonn_land","NULL","NULL","2017"
"2013","NULL","1","1","prosent","68","sysselsatte_kjonn_land","NULL","NULL","2017"
"2013","NULL","1","2","personer","12","sysselsatte_kjonn_land","NULL","NULL","2017"
"2013","NULL","1","2","prosent","100","sysselsatte_kjonn_land","NULL","NULL","2017"
"2013","NULL","1","alle","personer","29","sysselsatte_kjonn_land","NULL","NULL","2017"
"2013","NULL","1","alle","prosent","78.4","sysselsatte_kjonn_land","NULL","NULL","2017"
"2013","NULL","alle","1","personer","30","sysselsatte_kjonn_land","NULL","NULL","2017"
"2013","NULL","alle","1","prosent","71.4","sysselsatte_kjonn_land","NULL","NULL","2017"
"2013","NULL","alle","2","personer","12","sysselsatte_kjonn_land","NULL","NULL","2017"
"2013","NULL","alle","2","prosent","92.3","sysselsatte_kjonn_land","NULL","NULL","2017"
"2013","NULL","alle","alle","personer","42","sysselsatte_kjonn_land","NULL","NULL","2017"
"2013","NULL","alle","alle","prosent","76.4","sysselsatte_kjonn_land","NULL","NULL","2017"
"2013","NULL","0","1","personer","50","sysselsatte_kjonn_land","NULL","NULL","2018"
"2013","NULL","0","1","prosent","66.7","sysselsatte_kjonn_land","NULL","NULL","2018"
"2013","NULL","0","2","personer","11","sysselsatte_kjonn_land","NULL","NULL","2018"
"2013","NULL","0","2","prosent","78.6","sysselsatte_kjonn_land","NULL","NULL","2018"
"2013","NULL","0","alle","personer","61","sysselsatte_kjonn_land","NULL","NULL","2018"
"2013","NULL","0","alle","prosent","68.5","sysselsatte_kjonn_land","NULL","NULL","2018"
"2013","NULL","1","1","personer","26","sysselsatte_kjonn_land","NULL","NULL","2018"
"2013","NULL","1","1","prosent","60.5","sysselsatte_kjonn_land","NULL","NULL","2018"
"2013","NULL","1","2","personer","15","sysselsatte_kjonn_land","NULL","NULL","2018"
"2013","NULL","1","2","prosent","65.2","sysselsatte_kjonn_land","NULL","NULL","2018"
"2013","NULL","1","alle","personer","41","sysselsatte_kjonn_land","NULL","NULL","2018"
"2013","NULL","1","alle","prosent","62.1","sysselsatte_kjonn_land","NULL","NULL","2018"
"2013","NULL","alle","1","personer","76","sysselsatte_kjonn_land","NULL","NULL","2018"
"2013","NULL","alle","1","prosent","64.4","sysselsatte_kjonn_land","NULL","NULL","2018"
"2013","NULL","alle","2","personer","26","sysselsatte_kjonn_land","NULL","NULL","2018"
"2013","NULL","alle","2","prosent","70.3","sysselsatte_kjonn_land","NULL","NULL","2018"
"2013","NULL","alle","alle","personer","102","sysselsatte_kjonn_land","NULL","NULL","2018"
"2013","NULL","alle","alle","prosent","65.8","sysselsatte_kjonn_land","NULL","NULL","2018"
"2013","NULL","0","1","personer","63","sysselsatte_kjonn_land","NULL","NULL","2019"
"2013","NULL","0","1","prosent","67.7","sysselsatte_kjonn_land","NULL","NULL","2019"
"2013","NULL","0","2","personer","24","sysselsatte_kjonn_land","NULL","NULL","2019"
"2013","NULL","0","2","prosent","85.7","sysselsatte_kjonn_land","NULL","NULL","2019"
"2013","NULL","0","alle","personer","87","sysselsatte_kjonn_land","NULL","NULL","2019"
"2013","NULL","0","alle","prosent","71.9","sysselsatte_kjonn_land","NULL","NULL","2019"
"2013","NULL","1","1","personer","57","sysselsatte_kjonn_land","NULL","NULL","2019"
"2013","NULL","1","1","prosent","64","sysselsatte_kjonn_land","NULL","NULL","2019"
"2013","NULL","1","2","personer","44","sysselsatte_kjonn_land","NULL","NULL","2019"
"2013","NULL","1","2","prosent","58.7","sysselsatte_kjonn_land","NULL","NULL","2019"
"2013","NULL","1","alle","personer","101","sysselsatte_kjonn_land","NULL","NULL","2019"
"2013","NULL","1","alle","prosent","61.6","sysselsatte_kjonn_land","NULL","NULL","2019"
"2013","NULL","alle","1","personer","120","sysselsatte_kjonn_land","NULL","NULL","2019"
"2013","NULL","alle","1","prosent","65.9","sysselsatte_kjonn_land","NULL","NULL","2019"
"2013","NULL","alle","2","personer","68","sysselsatte_kjonn_land","NULL","NULL","2019"
"2013","NULL","alle","2","prosent","66","sysselsatte_kjonn_land","NULL","NULL","2019"
"2013","NULL","alle","alle","personer","188","sysselsatte_kjonn_land","NULL","NULL","2019"
"2013","NULL","alle","alle","prosent","66","sysselsatte_kjonn_land","NULL","NULL","2019"
"2013","NULL","0","1","personer","34","sysselsatte_kjonn_land","NULL","NULL","2020"
"2013","NULL","0","1","prosent","75.6","sysselsatte_kjonn_land","NULL","NULL","2020"
"2013","NULL","0","2","personer","20","sysselsatte_kjonn_land","NULL","NULL","2020"
"2013","NULL","0","2","prosent","52.6","sysselsatte_kjonn_land","NULL","NULL","2020"
"2013","NULL","0","alle","personer","54","sysselsatte_kjonn_land","NULL","NULL","2020"
"2013","NULL","0","alle","prosent","65.1","sysselsatte_kjonn_land","NULL","NULL","2020"
"2013","NULL","1","1","personer","37","sysselsatte_kjonn_land","NULL","NULL","2020"
"2013","NULL","1","1","prosent","64.9","sysselsatte_kjonn_land","NULL","NULL","2020"
"2013","NULL","1","2","personer","47","sysselsatte_kjonn_land","NULL","NULL","2020"
"2013","NULL","1","2","prosent","61","sysselsatte_kjonn_land","NULL","NULL","2020"
"2013","NULL","1","alle","personer","84","sysselsatte_kjonn_land","NULL","NULL","2020"
"2013","NULL","1","alle","prosent","62.7","sysselsatte_kjonn_land","NULL","NULL","2020"
"2013","NULL","alle","1","personer","71","sysselsatte_kjonn_land","NULL","NULL","2020"
"2013","NULL","alle","1","prosent","69.6","sysselsatte_kjonn_land","NULL","NULL","2020"
"2013","NULL","alle","2","personer","67","sysselsatte_kjonn_land","NULL","NULL","2020"
"2013","NULL","alle","2","prosent","58.3","sysselsatte_kjonn_land","NULL","NULL","2020"
"2013","NULL","alle","alle","personer","138","sysselsatte_kjonn_land","NULL","NULL","2020"
"2013","NULL","alle","alle","prosent","63.6","sysselsatte_kjonn_land","NULL","NULL","2020"
"2013","NULL","0","1","personer",":","sysselsatte_kjonn_land","NULL","NULL","2021"
"2013","NULL","0","1","prosent",":","sysselsatte_kjonn_land","NULL","NULL","2021"
"2013","NULL","0","2","personer",":","sysselsatte_kjonn_land","NULL","NULL","2021"
"2013","NULL","0","2","prosent",":","sysselsatte_kjonn_land","NULL","NULL","2021"
"2013","NULL","0","alle","personer","30","sysselsatte_kjonn_land","NULL","NULL","2021"
"2013","NULL","0","alle","prosent","71.4","sysselsatte_kjonn_land","NULL","NULL","2021"
"2013","NULL","1","1","personer","42","sysselsatte_kjonn_land","NULL","NULL","2021"
"2013","NULL","1","1","prosent","80.8","sysselsatte_kjonn_land","NULL","NULL","2021"
"2013","NULL","1","2","personer","32","sysselsatte_kjonn_land","NULL","NULL","2021"
"2013","NULL","1","2","prosent","91.4","sysselsatte_kjonn_land","NULL","NULL","2021"
"2013","NULL","1","alle","personer","74","sysselsatte_kjonn_land","NULL","NULL","2021"
"2013","NULL","1","alle","prosent","85.1","sysselsatte_kjonn_land","NULL","NULL","2021"
"2013","NULL","alle","1","personer","69","sysselsatte_kjonn_land","NULL","NULL","2021"
"2013","NULL","alle","1","prosent","78.4","sysselsatte_kjonn_land","NULL","NULL","2021"
"2013","NULL","alle","2","personer","35","sysselsatte_kjonn_land","NULL","NULL","2021"
"2013","NULL","alle","2","prosent","85.4","sysselsatte_kjonn_land","NULL","NULL","2021"
"2013","NULL","alle","alle","personer","104","sysselsatte_kjonn_land","NULL","NULL","2021"
"2013","NULL","alle","alle","prosent","80.6","sysselsatte_kjonn_land","NULL","NULL","2021"
"2013","NULL","0","1","personer","26","sysselsatte_kjonn_land","NULL","NULL","2022"
"2013","NULL","0","1","prosent","72.2","sysselsatte_kjonn_land","NULL","NULL","2022"
"2013","NULL","0","2","personer","7","sysselsatte_kjonn_land","NULL","NULL","2022"
"2013","NULL","0","2","prosent","77.8","sysselsatte_kjonn_land","NULL","NULL","2022"
"2013","NULL","0","alle","personer","33","sysselsatte_kjonn_land","NULL","NULL","2022"
"2013","NULL","0","alle","prosent","73.3","sysselsatte_kjonn_land","NULL","NULL","2022"
"2013","NULL","1","1","personer","36","sysselsatte_kjonn_land","NULL","NULL","2022"
"2013","NULL","1","1","prosent","76.6","sysselsatte_kjonn_land","NULL","NULL","2022"
"2013","NULL","1","2","personer","26","sysselsatte_kjonn_land","NULL","NULL","2022"
"2013","NULL","1","2","prosent","81.3","sysselsatte_kjonn_land","NULL","NULL","2022"
"2013","NULL","1","alle","personer","62","sysselsatte_kjonn_land","NULL","NULL","2022"
"2013","NULL","1","alle","prosent","78.5","sysselsatte_kjonn_land","NULL","NULL","2022"
"2013","NULL","alle","1","personer","62","sysselsatte_kjonn_land","NULL","NULL","2022"
"2013","NULL","alle","1","prosent","74.7","sysselsatte_kjonn_land","NULL","NULL","2022"
"2013","NULL","alle","2","personer","33","sysselsatte_kjonn_land","NULL","NULL","2022"
"2013","NULL","alle","2","prosent","80.5","sysselsatte_kjonn_land","NULL","NULL","2022"
"2013","NULL","alle","alle","personer","95","sysselsatte_kjonn_land","NULL","NULL","2022"
"2013","NULL","alle","alle","prosent","76.6","sysselsatte_kjonn_land","NULL","NULL","2022"
"2013","NULL","0","1","personer","68","sysselsatte_kjonn_land","NULL","NULL","2023"
"2013","NULL","0","1","prosent","68","sysselsatte_kjonn_land","NULL","NULL","2023"
"2013","NULL","0","2","personer","12","sysselsatte_kjonn_land","NULL","NULL","2023"
"2013","NULL","0","2","prosent","80","sysselsatte_kjonn_land","NULL","NULL","2023"
"2013","NULL","0","alle","personer","80","sysselsatte_kjonn_land","NULL","NULL","2023"
"2013","NULL","0","alle","prosent","69.6","sysselsatte_kjonn_land","NULL","NULL","2023"
"2013","NULL","1","1","personer","40","sysselsatte_kjonn_land","NULL","NULL","2023"
"2013","NULL","1","1","prosent","74.1","sysselsatte_kjonn_land","NULL","NULL","2023"
"2013","NULL","1","2","personer","21","sysselsatte_kjonn_land","NULL","NULL","2023"
"2013","NULL","1","2","prosent","77.8","sysselsatte_kjonn_land","NULL","NULL","2023"
"2013","NULL","1","alle","personer","61","sysselsatte_kjonn_land","NULL","NULL","2023"
"2013","NULL","1","alle","prosent","75.3","sysselsatte_kjonn_land","NULL","NULL","2023"
"2013","NULL","alle","1","personer","108","sysselsatte_kjonn_land","NULL","NULL","2023"
"2013","NULL","alle","1","prosent","70.1","sysselsatte_kjonn_land","NULL","NULL","2023"
"2013","NULL","alle","2","personer","33","sysselsatte_kjonn_land","NULL","NULL","2023"
"2013","NULL","alle","2","prosent","78.6","sysselsatte_kjonn_land","NULL","NULL","2023"
"2013","NULL","alle","alle","personer","141","sysselsatte_kjonn_land","NULL","NULL","2023"
"2013","NULL","alle","alle","prosent","71.9","sysselsatte_kjonn_land","NULL","NULL","2023"
"2013","NULL","0","1","personer","36","sysselsatte_kjonn_land","NULL","NULL","2024"
"2013","NULL","0","1","prosent","81.8","sysselsatte_kjonn_land","NULL","NULL","2024"
"2013","NULL","0","2","personer","6","sysselsatte_kjonn_land","NULL","NULL","2024"
"2013","NULL","0","2","prosent","85.7","sysselsatte_kjonn_land","NULL","NULL","2024"
"2013","NULL","0","alle","personer","42","sysselsatte_kjonn_land","NULL","NULL","2024"
"2013","NULL","0","alle","prosent","82.4","sysselsatte_kjonn_land","NULL","NULL","2024"
"2013","NULL","1","1","personer","30","sysselsatte_kjonn_land","NULL","NULL","2024"
"2013","NULL","1","1","prosent","76.9","sysselsatte_kjonn_land","NULL","NULL","2024"
"2013","NULL","1","2","personer","10","sysselsatte_kjonn_land","NULL","NULL","2024"
"2013","NULL","1","2","prosent","83.3","sysselsatte_kjonn_land","NULL","NULL","2024"
"2013","NULL","1","alle","personer","40","sysselsatte_kjonn_land","NULL","NULL","2024"
"2013","NULL","1","alle","prosent","78.4","sysselsatte_kjonn_land","NULL","NULL","2024"
"2013","NULL","alle","1","personer","66","sysselsatte_kjonn_land","NULL","NULL","2024"
"2013","NULL","alle","1","prosent","79.5","sysselsatte_kjonn_land","NULL","NULL","2024"
"2013","NULL","alle","2","personer","16","sysselsatte_kjonn_land","NULL","NULL","2024"
"2013","NULL","alle","2","prosent","84.2","sysselsatte_kjonn_land","NULL","NULL","2024"
"2013","NULL","alle","alle","personer","82","sysselsatte_kjonn_land","NULL","NULL","2024"
"2013","NULL","alle","alle","prosent","80.4","sysselsatte_kjonn_land","NULL","NULL","2024"
"2013","NULL","0","1","personer","63","sysselsatte_kjonn_land","NULL","NULL","2025"
"2013","NULL","0","1","prosent","69.2","sysselsatte_kjonn_land","NULL","NULL","2025"
"2013","NULL","0","2","personer","5","sysselsatte_kjonn_land","NULL","NULL","2025"
"2013","NULL","0","2","prosent","55.6","sysselsatte_kjonn_land","NULL","NULL","2025"
"2013","NULL","0","alle","personer","68","sysselsatte_kjonn_land","NULL","NULL","2025"
"2013","NULL","0","alle","prosent","68","sysselsatte_kjonn_land","NULL","NULL","2025"
"2013","NULL","1","1","personer","43","sysselsatte_kjonn_land","NULL","NULL","2025"
"2013","NULL","1","1","prosent","75.4","sysselsatte_kjonn_land","NULL","NULL","2025"
"2013","NULL","1","2","personer","48","sysselsatte_kjonn_land","NULL","NULL","2025"
"2013","NULL","1","2","prosent","81.4","sysselsatte_kjonn_land","NULL","NULL","2025"
"2013","NULL","1","alle","personer","91","sysselsatte_kjonn_land","NULL","NULL","2025"
"2013","NULL","1","alle","prosent","78.4","sysselsatte_kjonn_land","NULL","NULL","2025"
"2013","NULL","alle","1","personer","106","sysselsatte_kjonn_land","NULL","NULL","2025"
"2013","NULL","alle","1","prosent","71.6","sysselsatte_kjonn_land","NULL","NULL","2025"
"2013","NULL","alle","2","personer","53","sysselsatte_kjonn_land","NULL","NULL","2025"
"2013","NULL","alle","2","prosent","77.9","sysselsatte_kjonn_land","NULL","NULL","2025"
"2013","NULL","alle","alle","personer","159","sysselsatte_kjonn_land","NULL","NULL","2025"
"2013","NULL","alle","alle","prosent","73.6","sysselsatte_kjonn_land","NULL","NULL","2025"
"2013","NULL","0","1","personer","20","sysselsatte_kjonn_land","NULL","NULL","2027"
"2013","NULL","0","1","prosent","95.2","sysselsatte_kjonn_land","NULL","NULL","2027"
"2013","NULL","0","2","personer","5","sysselsatte_kjonn_land","NULL","NULL","2027"
"2013","NULL","0","2","prosent","83.3","sysselsatte_kjonn_land","NULL","NULL","2027"
"2013","NULL","0","alle","personer","25","sysselsatte_kjonn_land","NULL","NULL","2027"
"2013","NULL","0","alle","prosent","92.6","sysselsatte_kjonn_land","NULL","NULL","2027"
"2013","NULL","1","1","personer","11","sysselsatte_kjonn_land","NULL","NULL","2027"
"2013","NULL","1","1","prosent","73.3","sysselsatte_kjonn_land","NULL","NULL","2027"
"2013","NULL","1","2","personer","17","sysselsatte_kjonn_land","NULL","NULL","2027"
"2013","NULL","1","2","prosent","73.9","sysselsatte_kjonn_land","NULL","NULL","2027"
"2013","NULL","1","alle","personer","28","sysselsatte_kjonn_land","NULL","NULL","2027"
"2013","NULL","1","alle","prosent","73.7","sysselsatte_kjonn_land","NULL","NULL","2027"
"2013","NULL","alle","1","personer","31","sysselsatte_kjonn_land","NULL","NULL","2027"
"2013","NULL","alle","1","prosent","86.1","sysselsatte_kjonn_land","NULL","NULL","2027"
"2013","NULL","alle","2","personer","22","sysselsatte_kjonn_land","NULL","NULL","2027"
"2013","NULL","alle","2","prosent","75.9","sysselsatte_kjonn_land","NULL","NULL","2027"
"2013","NULL","alle","alle","personer","53","sysselsatte_kjonn_land","NULL","NULL","2027"
"2013","NULL","alle","alle","prosent","81.5","sysselsatte_kjonn_land","NULL","NULL","2027"
"2013","NULL","0","1","personer","121","sysselsatte_kjonn_land","NULL","NULL","2028"
"2013","NULL","0","1","prosent","82.9","sysselsatte_kjonn_land","NULL","NULL","2028"
"2013","NULL","0","2","personer","31","sysselsatte_kjonn_land","NULL","NULL","2028"
"2013","NULL","0","2","prosent","72.1","sysselsatte_kjonn_land","NULL","NULL","2028"
"2013","NULL","0","alle","personer","152","sysselsatte_kjonn_land","NULL","NULL","2028"
"2013","NULL","0","alle","prosent","80.4","sysselsatte_kjonn_land","NULL","NULL","2028"
"2013","NULL","1","1","personer","117","sysselsatte_kjonn_land","NULL","NULL","2028"
"2013","NULL","1","1","prosent","78.5","sysselsatte_kjonn_land","NULL","NULL","2028"
"2013","NULL","1","2","personer","44","sysselsatte_kjonn_land","NULL","NULL","2028"
"2013","NULL","1","2","prosent","65.7","sysselsatte_kjonn_land","NULL","NULL","2028"
"2013","NULL","1","alle","personer","161","sysselsatte_kjonn_land","NULL","NULL","2028"
"2013","NULL","1","alle","prosent","74.5","sysselsatte_kjonn_land","NULL","NULL","2028"
"2013","NULL","alle","1","personer","238","sysselsatte_kjonn_land","NULL","NULL","2028"
"2013","NULL","alle","1","prosent","80.7","sysselsatte_kjonn_land","NULL","NULL","2028"
"2013","NULL","alle","2","personer","75","sysselsatte_kjonn_land","NULL","NULL","2028"
"2013","NULL","alle","2","prosent","68.2","sysselsatte_kjonn_land","NULL","NULL","2028"
"2013","NULL","alle","alle","personer","313","sysselsatte_kjonn_land","NULL","NULL","2028"
"2013","NULL","alle","alle","prosent","77.3","sysselsatte_kjonn_land","NULL","NULL","2028"
"2013","NULL","0","1","personer","223","sysselsatte_kjonn_land","NULL","NULL","2030"
"2013","NULL","0","1","prosent","76.4","sysselsatte_kjonn_land","NULL","NULL","2030"
"2013","NULL","0","2","personer","157","sysselsatte_kjonn_land","NULL","NULL","2030"
"2013","NULL","0","2","prosent","75.5","sysselsatte_kjonn_land","NULL","NULL","2030"
"2013","NULL","0","alle","personer","380","sysselsatte_kjonn_land","NULL","NULL","2030"
"2013","NULL","0","alle","prosent","76","sysselsatte_kjonn_land","NULL","NULL","2030"
"2013","NULL","1","1","personer","165","sysselsatte_kjonn_land","NULL","NULL","2030"
"2013","NULL","1","1","prosent","73","sysselsatte_kjonn_land","NULL","NULL","2030"
"2013","NULL","1","2","personer","278","sysselsatte_kjonn_land","NULL","NULL","2030"
"2013","NULL","1","2","prosent","74.3","sysselsatte_kjonn_land","NULL","NULL","2030"
"2013","NULL","1","alle","personer","443","sysselsatte_kjonn_land","NULL","NULL","2030"
"2013","NULL","1","alle","prosent","73.8","sysselsatte_kjonn_land","NULL","NULL","2030"
"2013","NULL","alle","1","personer","388","sysselsatte_kjonn_land","NULL","NULL","2030"
"2013","NULL","alle","1","prosent","74.9","sysselsatte_kjonn_land","NULL","NULL","2030"
"2013","NULL","alle","2","personer","435","sysselsatte_kjonn_land","NULL","NULL","2030"
"2013","NULL","alle","2","prosent","74.7","sysselsatte_kjonn_land","NULL","NULL","2030"
"2013","NULL","alle","alle","personer","823","sysselsatte_kjonn_land","NULL","NULL","2030"
"2013","NULL","alle","alle","prosent","74.8","sysselsatte_kjonn_land","NULL","NULL","2030"